filename,image width,image height,class,xmin,ymin,xmax,ymax,width,height
4405_jpg.rf.0006d2f2d70b42a24f03797c501eb588.jpg,640,640,knife,540,163,565,285,25,122
P-M1911-NL-1_jpg.rf.001c3a91fab208682d075159d52c81a8.jpg,640,640,gun,566,33,620,151,54,118
P-M1911-NL-1_jpg.rf.001c3a91fab208682d075159d52c81a8.jpg,640,640,gun,16,348,185,597,169,249
batch_75_jpg.rf.004e9a86790e7337e26bb96046b9bd9b.jpg,640,640,knife,65,221,107,275,42,54
batch_75_jpg.rf.004e9a86790e7337e26bb96046b9bd9b.jpg,640,640,knife,483,199,502,226,19,27
batch_75_jpg.rf.004e9a86790e7337e26bb96046b9bd9b.jpg,640,640,knife,86,564,129,588,43,24
batch_75_jpg.rf.004e9a86790e7337e26bb96046b9bd9b.jpg,640,640,knife,408,361,631,635,223,274
knife_1334_jpg.rf.00b88245b3cc53abe83d6d5e6ebe4771.jpg,640,640,knife,242,141,283,334,41,193
Gun_1730_jpg.rf.00c3283ae0eec8051df6edcd5449c422.jpg,640,640,gun,0,11,628,549,628,538
knife_168_jpg.rf.00fcdc735485459a7e68fbbd11b3214d.jpg,640,640,knife,159,92,299,620,140,528
Legend_luger_3_jpg.rf.02071fcebd8dfc6e70e6ba5632c66684.jpg,640,640,gun,364,187,431,570,67,383
knife_955_jpg.rf.026c7296ffd37a1f137b40910ab7805a.jpg,640,640,knife,108,320,172,529,64,209
DefenseKnifeAttack0443_jpg.rf.028f97936767bd3d0fc6473f7d7e00d4.jpg,640,640,knife,205,474,263,628,58,154
102575358_5494_jpg.rf.02a9ef9aa1c964dfa8b9e12195083302.jpg,640,640,gun,220,99,346,535,126,436
KravMagaTraining20997_jpg.rf.02baab3827100460f0b31a7c2c71cd80.jpg,640,640,knife,275,491,353,533,78,42
KravMagaTraining21304_jpg.rf.02e0b1497db1f37c664bd45dff95f494.jpg,640,640,knife,338,449,411,503,73,54
knife_901_jpg.rf.036870ceb281a846571e484c9a3fb363.jpg,640,640,knife,105,503,173,639,68,136
River_of_Death-Webley-Scott-1_jpg.rf.01f9670c451918d54e9e120b1b660ef4.jpg,640,640,gun,33,386,130,599,97,213
62_jpg.rf.03c871102342aae1ef4000afcc5fbd42.jpg,640,640,knife,254,365,471,549,217,184
38_jpg.rf.0553fa7deedb02e0e6da104b07dc5316.jpg,640,640,knife,246,463,268,531,22,68
KravMagaKnifeDefenseTechniques098_jpg.rf.0503e85a8d20cea678b574de52baf645.jpg,640,640,knife,254,399,332,462,78,63
KravMagaKnifeDefenseTechniques045_jpg.rf.05a5b441adc0cbe3be6df760e316c3fc.jpg,640,640,knife,296,312,364,383,68,71
knife_218_jpg.rf.057be6fc25e80b065983f81b4171e04e.jpg,640,640,knife,186,166,519,632,333,466
HitmanLDA-1_jpg.rf.03eb365c9f4caf27cdce752cdb514c2c.jpg,640,640,gun,83,64,529,620,446,556
DefenseKnifeAttack0183_jpg.rf.062139e24713681513c4369ddcba9297.jpg,640,640,knife,169,356,253,455,84,99
batch_331_jpg.rf.06b2a57b310fd6238ff791fef71cc2e1.jpg,640,640,gun,147,97,198,257,51,160
batch_331_jpg.rf.06b2a57b310fd6238ff791fef71cc2e1.jpg,640,640,gun,505,61,572,209,67,148
batch_331_jpg.rf.06b2a57b310fd6238ff791fef71cc2e1.jpg,640,640,gun,90,365,153,516,63,151
batch_331_jpg.rf.06b2a57b310fd6238ff791fef71cc2e1.jpg,640,640,gun,344,367,389,485,45,118
BlitzP8_jpg.rf.05e2244a4535e27a7f866700c94f519a.jpg,640,640,gun,420,6,580,253,160,247
sharpenKnife242_jpg.rf.04076f8b98e88b1b2fef9ff507d9e4d7.jpg,640,640,knife,248,463,325,503,77,40
gun_2_1_1__0011670_jpg.rf.06e2b3e6932371d9adf10794ecf9a396.jpg,640,640,gun,145,313,184,352,39,39
6_22_1_0001252_jpg.rf.07b70fb9487f491fbd36f6256da80c23.jpg,640,640,gun,444,202,587,468,143,266
2022-04-15_8_jpg.rf.07565accdb6154a54b5e7a9ebcf8fdb6.jpg,640,640,knife,229,497,260,568,31,71
136_jpg.rf.0807e4209707087045d80f2865c2c67f.jpg,640,640,knife,114,136,325,430,211,294
batch_101_jpg.rf.06f610f89703532d62da612c6eb82002.jpg,640,640,knife,123,207,167,241,44,34
batch_101_jpg.rf.06f610f89703532d62da612c6eb82002.jpg,640,640,knife,448,205,490,234,42,29
batch_101_jpg.rf.06f610f89703532d62da612c6eb82002.jpg,640,640,knife,125,527,168,557,43,30
batch_101_jpg.rf.06f610f89703532d62da612c6eb82002.jpg,640,640,knife,446,526,490,556,44,30
101712213_1560_jpg.rf.07e2d74050a64c0f5938c13155b694c8.jpg,640,640,gun,92,119,292,386,200,267
101712213_1560_jpg.rf.07e2d74050a64c0f5938c13155b694c8.jpg,640,640,gun,253,70,357,418,104,348
sharpenKnife261_jpg.rf.084ffe68a0ca350d77542eb01d192c92.jpg,640,640,knife,247,430,300,495,53,65
Gun_2153_jpg.rf.06d029d9657c784ac38251921b98dfc1.jpg,640,640,gun,227,179,496,503,269,324
1_jpg.rf.0a65c61c5d741cf07bf9723be3cf8c9e.jpg,640,640,knife,262,218,376,391,114,173
knife_337_jpg.rf.0a506a08766c21b6160055b96561f344.jpg,640,640,knife,334,333,620,550,286,217
45_jpg.rf.0a6dceeb1def5b2061dce6b61313e3b5.jpg,640,640,knife,253,431,282,512,29,81
KravMagaKnifeDefenseTechniques056_jpg.rf.08980cfdf33b5f094f8e3948027c6d88.jpg,640,640,knife,283,350,350,410,67,60
gun_3_3_1__0001804_jpg.rf.0aba6fde58e5c3d9af75ab1b59b624a8.jpg,640,640,gun,66,207,146,382,80,175
LL-W1300-1_jpg.rf.0a70e9095842a9552708194e2b63ee5c.jpg,640,640,gun,107,286,493,494,386,208
KravMagaKnifeDefenseTechniques179_jpg.rf.0a2f8ec6f73f9546dc3eef6f72f5b243.jpg,640,640,knife,189,131,260,232,71,101
1011133950_83_jpg.rf.0abde14c38a9d17e344616b27dbce107.jpg,640,640,gun,23,33,612,616,589,583
Keeper-Taurus92-6_jpg.rf.099e69e3f35c82bf7bc1a2e99c43adaa.jpg,640,640,gun,211,303,293,481,82,178
knife_1224_jpg.rf.0c8193c39e31353dd3ed6d964ba2a885.jpg,640,640,knife,378,260,460,382,82,122
knife_598_jpg.rf.092c79725dfdbcddd329d3eb569fe6fb.jpg,640,640,knife,295,271,513,484,218,213
knife_1129_jpg.rf.0adcfbd30151d62d88b626ba20502f22.jpg,640,640,knife,458,328,540,426,82,98
batch_270_jpg.rf.0a8ea0ebb9dc52783edb8030e0097cde.jpg,640,640,knife,168,259,187,297,19,38
batch_270_jpg.rf.0a8ea0ebb9dc52783edb8030e0097cde.jpg,640,640,knife,445,187,467,205,22,18
batch_270_jpg.rf.0a8ea0ebb9dc52783edb8030e0097cde.jpg,640,640,knife,166,576,187,614,21,38
batch_270_jpg.rf.0a8ea0ebb9dc52783edb8030e0097cde.jpg,640,640,knife,492,586,509,618,17,32
81_jpg.rf.0cd810506213669c8ab72e32c3d549bd.jpg,640,640,knife,188,220,482,483,294,263
knife_868_jpg.rf.09266f0f71fa13a898a4b68f4be0e08d.jpg,640,640,knife,102,271,173,468,71,197
11_12_607_jpg.rf.0b96b97a1a6cc1faf5c7f2ab1c5c7b7d.jpg,640,640,gun,296,246,485,389,189,143
HKP7M13Pistol_jpg.rf.0f05f48ec5f73135f30b83c39d4751f2.jpg,640,640,gun,18,6,639,639,621,633
null_image.jpg,640,640,,,,,,0,0
knife_1185_jpg.rf.0be647556b65471bfe84eadeb4a5f17c.jpg,640,640,knife,306,222,354,383,48,161
Gun_1182_jpg.rf.0da596df23aa372549a8e611e1d156cb.jpg,640,640,gun,8,22,620,614,612,592
45_jpg.rf.0df4d3321d1688bc8d5d435c6274bdc0.jpg,640,640,knife,286,429,322,565,36,136
Gun_1507_jpg.rf.1214618700171408b559561f84e79107.jpg,640,640,gun,163,147,503,336,340,189
2022-04-15_114_jpg.rf.12166e53b5a476c0f9f20b23fb690a2e.jpg,640,640,knife,540,515,572,623,32,108
gun1_7m_static_0001232_jpg.rf.0d36c67a3ca55ed4b1d216a3cf952dbb.jpg,640,640,gun,380,253,421,337,41,84
DesertEagleLastActionHero-3_jpg.rf.0c1311dadf6b556c230d0b80d977fae8.jpg,640,640,gun,290,210,399,489,109,279
11_12_2313_jpg.rf.12695d9135f4dc681d4f11acc38b272e.jpg,640,640,gun,214,164,501,486,287,322
The_Sleeping_Cardinal-Bulldog-1_jpg.rf.0e14a2d8969a28d09704eb9583eba890.jpg,640,640,gun,103,190,430,413,327,223
LAP-FNAB43-3_jpg.rf.129c047c2dbc865e130f32b5556bce31.jpg,640,640,gun,404,157,496,313,92,156
Late9_jpg.rf.0fdee8983cbe1ebdc5b83c9d7280e9b2.jpg,640,640,gun,177,211,264,411,87,200
batch_352_jpg.rf.12770c437955a4338fe2825d54271b77.jpg,640,640,knife,113,162,252,249,139,87
batch_352_jpg.rf.12770c437955a4338fe2825d54271b77.jpg,640,640,knife,429,130,448,172,19,42
batch_352_jpg.rf.12770c437955a4338fe2825d54271b77.jpg,640,640,knife,136,327,199,555,63,228
batch_352_jpg.rf.12770c437955a4338fe2825d54271b77.jpg,640,640,knife,7,327,75,554,68,227
batch_352_jpg.rf.12770c437955a4338fe2825d54271b77.jpg,640,640,knife,236,319,318,605,82,286
batch_352_jpg.rf.12770c437955a4338fe2825d54271b77.jpg,640,640,knife,440,380,495,544,55,164
knife_367_jpg.rf.109a82847bb6841a5386de34037f8e97.jpg,640,640,knife,129,32,344,334,215,302
batch_349_jpg.rf.12c162df94f71047ad3af748427baa28.jpg,640,640,gun,69,7,98,92,29,85
batch_349_jpg.rf.12c162df94f71047ad3af748427baa28.jpg,640,640,gun,392,70,453,197,61,127
batch_349_jpg.rf.12c162df94f71047ad3af748427baa28.jpg,640,640,gun,113,435,165,565,52,130
batch_349_jpg.rf.12c162df94f71047ad3af748427baa28.jpg,640,640,gun,358,401,391,444,33,43
Ishchi_vetra-Mosin91-2_jpg.rf.120cb5a5c34725188b1bfd24bd8bf5ca.jpg,640,640,gun,223,189,377,498,154,309
knife_975_jpg.rf.13b7919d679a3e14265067f300d18128.jpg,640,640,knife,54,481,132,639,78,158
RealityKnifeAttacks0180_jpg.rf.1430836c18f9026e24f51f7dbe700e04.jpg,640,640,knife,285,323,329,372,44,49
batch_52_jpg.rf.144d871b4f049ae8ca1c59827e73640d.jpg,640,640,knife,3,124,198,301,195,177
batch_52_jpg.rf.144d871b4f049ae8ca1c59827e73640d.jpg,640,640,knife,327,159,486,304,159,145
batch_52_jpg.rf.144d871b4f049ae8ca1c59827e73640d.jpg,640,640,knife,183,460,267,633,84,173
batch_52_jpg.rf.144d871b4f049ae8ca1c59827e73640d.jpg,640,640,knife,504,478,635,635,131,157
knife_656_jpg.rf.12b3baf0d70848bc5c08df3e809aae10.jpg,640,640,knife,313,225,470,357,157,132
knife_1248_jpg.rf.13104384dca7ed569eaa1f60a72befe8.jpg,640,640,knife,343,180,449,305,106,125
gun_2_1_1__0010290_jpg.rf.145df5a1468c5c2b30784b47d9b108c5.jpg,640,640,gun,235,277,275,335,40,58
KravMagaKnifeDefenseTechniques124_jpg.rf.12a6a2b75f89591693c5ed51f7ab0f8b.jpg,640,640,knife,160,157,242,238,82,81
KravMagaTraining753_jpg.rf.147203ef857db94e33bb983b4f42f731.jpg,640,640,knife,472,256,503,429,31,173
1649338737-1576166_jpg.rf.163dd7c30fe91dccc287fda51bb9d60b.jpg,640,640,knife,240,194,318,638,78,444
RoboCop_074_jpg.rf.16514009c72ffe4416698173f3fafdf8.jpg,640,640,gun,309,98,424,336,115,238
knife_782_jpg.rf.14a8938045ee6007aff26797c0900f39.jpg,640,640,knife,299,77,359,435,60,358
11_12_2246_jpg.rf.166be8326424192925f906be17d95006.jpg,640,640,gun,45,66,583,602,538,536
RusoClases362_jpg.rf.157566631b7af0eba5f767cfa3836b93.jpg,640,640,knife,280,497,357,552,77,55
knife_1213_jpg.rf.15461d846d6de8e3c7d8b16863c01431.jpg,640,640,knife,361,182,414,393,53,211
knife_1213_jpg.rf.16b19c01f228983ce96c114199abcb8a.jpg,640,640,knife,362,181,414,391,52,210
knife_317_jpg.rf.164b622360defef5fd56331cb0b044ce.jpg,640,640,knife,16,228,336,440,320,212
Missing_014_jpg.rf.154cdfef41f8838c67c5b9bc1ac8b0a3.jpg,640,640,gun,66,114,416,408,350,294
Kotovsky-Nagant-8_jpg.rf.14e2a7096252b2fa2fa37d2e07f48bc2.jpg,640,640,gun,400,313,493,529,93,216
146_jpg.rf.16ed13dfc024c326346a1d0af9bfc514.jpg,640,640,knife,303,108,485,428,182,320
gun_3_2_1__0000940_jpg.rf.174137c43de95641a9d0dc1d9c627d6a.jpg,640,640,gun,173,131,257,406,84,275
gun_2_1_1__0000565_jpg.rf.17caea35d0215eb25751db5ea509a4e5.jpg,640,640,gun,144,307,196,360,52,53
109_jpg.rf.18cdeadb88413f5e181c685f647b5d08.jpg,640,640,knife,368,329,502,580,134,251
56_jpg.rf.1762bc889bd91893673326c4b52518ae.jpg,640,640,knife,265,16,409,573,144,557
1649338711-8455777_jpg.rf.19821a2cc813d7c76b4d4f9ea8269267.jpg,640,640,knife,231,296,457,407,226,111
39_jpg.rf.1745339c55b68f7190fbc1548b1476a8.jpg,640,640,knife,202,8,431,546,229,538
C96STOCK_jpg.rf.1a0b5388917c28bd7092b4338ab59b3d.jpg,640,640,gun,13,0,630,618,617,618
2022-04-15_65_jpg.rf.1a85402984a4f99a09813009075213a0.jpg,640,640,knife,229,469,271,503,42,34
10251262_220_jpg.rf.1a1761cbae7462dcd9f4986536e81aac.jpg,640,640,gun,133,396,456,619,323,223
FaFTEC-9_jpg.rf.19672397c98ed7e75ab4ddbae852df6a.jpg,640,640,gun,27,395,75,544,48,149
8mm_sig_sauer_prop_jpg.rf.1b55f8eac1aa3fa3ebedb2663bb5434c.jpg,640,640,gun,21,130,616,535,595,405
2022-04-15_20_jpg.rf.1b155b567c43ab8efb7cdb024e16bc5e.jpg,640,640,knife,272,500,323,542,51,42
K911-AR15Subcompact-12_jpg.rf.1961606d5b35811c05cf633999dc4577.jpg,640,640,gun,381,378,585,630,204,252
knife_54_jpg.rf.197391542aade9ca1943124d2804b75c.jpg,640,640,knife,0,53,629,434,629,381
KravMagaTraining4043_jpg.rf.1927e82505eb313c55a6cc1dbe57fadf.jpg,640,640,knife,262,409,317,488,55,79
knife_259_jpg.rf.19501e6e9600df0310192d6d30771d76.jpg,640,640,knife,0,240,239,585,239,345
1649338743-828021_jpg.rf.1c84fd445e70bf01a3e4527b891f221d.jpg,640,640,knife,231,46,323,600,92,554
7_7_asd_00097230_jpg.rf.1bed6eb6ca239404007f5f3733c8e1eb.jpg,640,640,gun,442,314,515,404,73,90
7_7_asd_00097230_jpg.rf.1bed6eb6ca239404007f5f3733c8e1eb.jpg,640,640,gun,466,342,546,442,80,100
batch_177_jpg.rf.1b4a800d796e02f77c8f0e44c252104d.jpg,640,640,knife,32,137,248,172,216,35
batch_177_jpg.rf.1b4a800d796e02f77c8f0e44c252104d.jpg,640,640,knife,474,149,502,189,28,40
batch_177_jpg.rf.1b4a800d796e02f77c8f0e44c252104d.jpg,640,640,knife,169,405,213,475,44,70
batch_177_jpg.rf.1b4a800d796e02f77c8f0e44c252104d.jpg,640,640,knife,489,405,533,474,44,69
gun_3_2_1__0000420_jpg.rf.1c314606c76dfef4873be15a61a54b02.jpg,640,640,gun,270,97,315,427,45,330
knife_399_jpg.rf.1b1d7961a847caf4075d58fbe453e510.jpg,640,640,knife,302,280,533,580,231,300
gun1_4m_static_0001584_jpg.rf.1c0a9faa64768d66c03c452cdb1fc99e.jpg,640,640,gun,425,328,497,444,72,116
Never_Say_Die-Shotgun-17_jpg.rf.1abda86545409a9259360bde10dfa1d2.jpg,640,640,gun,177,153,394,634,217,481
S-W6906_TUS_jpg.rf.1c4ed10f75943090d08e8fb897a8c695.jpg,640,640,gun,7,21,618,609,611,588
gun_3_3_1__0000904_jpg.rf.1c05b7ab51aecc83b4bf6061f3f5942a.jpg,640,640,gun,239,264,290,432,51,168
KravMagaTraining21029_jpg.rf.1a9f7333f402a59ee8346f08db785dea.jpg,640,640,knife,215,470,308,533,93,63
batch_345_jpg.rf.1db2a6ab5ff7321e6e704ea6f17eafa3.jpg,640,640,gun,1,26,295,276,294,250
batch_345_jpg.rf.1db2a6ab5ff7321e6e704ea6f17eafa3.jpg,640,640,gun,321,4,635,303,314,299
batch_345_jpg.rf.1db2a6ab5ff7321e6e704ea6f17eafa3.jpg,640,640,gun,5,327,313,628,308,301
batch_345_jpg.rf.1db2a6ab5ff7321e6e704ea6f17eafa3.jpg,640,640,gun,451,463,472,550,21,87
knife_1094_jpg.rf.1f9bb28c1c2c33a6f91393bb34c3813f.jpg,640,640,knife,359,38,568,180,209,142
knife_1119_jpg.rf.1c8f3487fc9826373c4554326a3ab264.jpg,640,640,knife,308,200,378,399,70,199
knife_1086_jpg.rf.18e74d9b462757bbe8a16de5e040bec4.jpg,640,640,knife,122,133,353,481,231,348
null_image.jpg,640,640,,,,,,0,0
11_12_1519_jpg.rf.1f071171f047df9f53cc85a9ad74b36f.jpg,640,640,gun,95,84,221,228,126,144
Ho-HiPower-4_jpg.rf.1ddfb0eb7db0b9141746bf7055f6a950.jpg,640,640,gun,110,138,198,299,88,161
DefenseKnifeAttack0219_jpg.rf.1dc634a7daf8bfee78847493b768047e.jpg,640,640,knife,126,383,206,491,80,108
00000668_jpg.rf.2031d4cedcf31cd67c48cff1d053eddf.jpg,640,640,gun,17,52,611,395,594,343
82_jpg.rf.1f4e2d402955e4cab5e687c93f0a060d.jpg,640,640,knife,258,242,277,305,19,63
knife26_jpg.rf.1fe4f2fae9ef5fda87b14978addf89e3.jpg,640,640,knife,165,274,471,615,306,341
211_jpg.rf.1ebff8addca68329b2577a0fe888197c.jpg,640,640,knife,298,60,437,368,139,308
gun_2_1_1__0009120_jpg.rf.220c0b51f040a8965228888b69f1260b.jpg,640,640,gun,370,323,419,397,49,74
CAWS_G19Yen_jpg.rf.224150f3ff6dea5d054ab4f2c5a010ff.jpg,640,640,gun,412,357,466,512,54,155
LaSoupeAuxChoux-03_jpg.rf.2153a1d4c94f86bfbbf7e9b122b312fe.jpg,640,640,gun,57,449,435,639,378,190
batch_95_jpg.rf.213c44063d6f6e2c1e5050e35990ac82.jpg,640,640,gun,170,131,304,315,134,184
batch_95_jpg.rf.213c44063d6f6e2c1e5050e35990ac82.jpg,640,640,gun,457,97,610,310,153,213
batch_95_jpg.rf.213c44063d6f6e2c1e5050e35990ac82.jpg,640,640,gun,52,475,278,639,226,164
batch_95_jpg.rf.213c44063d6f6e2c1e5050e35990ac82.jpg,640,640,gun,486,468,496,512,10,44
DABeretta1_jpg.rf.1f4220a14c0c3aa7f02a673392a0ec3c.jpg,640,640,gun,285,53,393,229,108,176
knife_559_jpg.rf.23700e1ca5ed654b749df0146815e8b0.jpg,640,640,knife,254,216,340,416,86,200
knife_505_jpg.rf.239d58e2e7614dc82083cb2f39b7ecbc.jpg,640,640,knife,49,234,200,466,151,232
157_jpg.rf.23d7e490cfc1d2b05ebe2e6379f0d1f7.jpg,640,640,knife,266,451,312,515,46,64
knife_871_jpg.rf.23b005fb859cd56591129d9da225100c.jpg,640,640,knife,62,487,124,639,62,152
gun_2_1_1__0011275_jpg.rf.25313509832836db30b44a63c54f831c.jpg,640,640,gun,345,360,387,400,42,40
23-F-StarBM-6_jpg.rf.22a17e3ceec442d63fcc15b865ebf605.jpg,640,640,gun,79,377,195,575,116,198
gun1_6m_run_0001120_jpg.rf.2596ade67798b7738fb943c658fa2de8.jpg,640,640,gun,341,308,404,419,63,111
DSC_0008_JPG_jpg.rf.256260c4993b7c7d8d9c93700de243d0.jpg,640,640,knife,307,233,325,364,18,131
Gun_1811_jpg.rf.24444b13bd17bf063a229283159ceb2c.jpg,640,640,gun,22,48,616,593,594,545
271_jpg.rf.256c659ec08cd33f924025d932e511d6.jpg,640,640,knife,183,259,382,426,199,167
RE6TFC_64_jpg.rf.25cd2084638a1bb92c2c7088d8d8306b.jpg,640,640,gun,291,165,337,291,46,126
11_12_2438_jpg.rf.247f8643ec77fe983e00a7564361655f.jpg,640,640,gun,2,90,535,557,533,467
McCool_18_jpg.rf.23260ef80bac68be11eaf750eebf3a44.jpg,640,640,gun,116,400,633,637,517,237
ItLoDIIIFotD_revolver_1_4_jpg.rf.236b9b854a3c1062dfd50343e5a21a04.jpg,640,640,gun,361,207,414,360,53,153
11_12_2452_jpg.rf.23a7d675076871bf203e3089b9ed53e0.jpg,640,640,gun,0,0,624,619,624,619
71_jpg.rf.24ee186fde385ddf443794290e278b48.jpg,640,640,knife,190,427,363,640,173,213
knife_124_jpg.rf.2253bde576e8c0adb5d1b29ed09db027.jpg,640,640,knife,113,117,413,603,300,486
146_jpg.rf.266388806956f996c11a57d0939db3b4.jpg,640,640,knife,315,522,351,591,36,69
Hold-Up-M16-2_jpg.rf.249e9880dcac088da583e76a4cfd9d28.jpg,640,640,gun,309,298,547,392,238,94
6_22_4_0010092_jpg.rf.2679d7f04f6d83b4b3a6fb44b1f7c51d.jpg,640,640,gun,273,66,298,179,25,113
knife_228_jpg.rf.26946dcf5c9b3f72322fa480a126b72b.jpg,640,640,knife,47,92,322,388,275,296
Natls-jer2_jpg.rf.26c234f0c3538ba4267d845738a4edd0.jpg,640,640,gun,299,299,392,459,93,160
Motylyok_revolver_3_jpg.rf.27e86489d191812d759427f1c0fa1389.jpg,640,640,gun,195,165,318,309,123,144
knife_678_jpg.rf.26dfa2e753f80c3e38e782a6e2e43cc3.jpg,640,640,knife,99,150,139,293,40,143
KravMagaKnifeDefenseTechniques162_jpg.rf.27236edcfda85fa03f2e98626e6c42d6.jpg,640,640,knife,215,169,299,266,84,97
knife_631_jpg.rf.2683fa65ec9808dbb8293a3e4e6b6380.jpg,640,640,knife,344,202,401,510,57,308
ITLD-Ruger-1_jpg.rf.2740d4bcba537edb6d4521d4308dd378.jpg,640,640,gun,143,175,421,326,278,151
knife_370_jpg.rf.28a648ad2c1d4bfc28a3e76f3f75b7ba.jpg,640,640,knife,261,266,504,597,243,331
knife_370_jpg.rf.28a648ad2c1d4bfc28a3e76f3f75b7ba.jpg,640,640,knife,306,228,620,346,314,118
batch_107_jpg.rf.287f184fd8ee7fd1e328ee817301b935.jpg,640,640,knife,129,132,247,245,118,113
batch_107_jpg.rf.287f184fd8ee7fd1e328ee817301b935.jpg,640,640,knife,490,0,511,81,21,81
batch_107_jpg.rf.287f184fd8ee7fd1e328ee817301b935.jpg,640,640,knife,88,441,118,639,30,198
batch_107_jpg.rf.287f184fd8ee7fd1e328ee817301b935.jpg,640,640,knife,458,485,495,522,37,37
128_jpg.rf.27a1afd190b8ec75d2c5ca316b906dd6.jpg,640,640,knife,131,139,314,396,183,257
1364741_01__01787_jpg.rf.29cd714bfcbf9c9ff84aec9b1252ce8c.jpg,640,640,gun,280,162,377,437,97,275
null_image.jpg,640,640,,,,,,0,0
gun_5m_static_0000392_jpg.rf.28b91eb2367bdcc132aa1e1f321dfe85.jpg,640,640,gun,122,80,163,199,41,119
6_22_2_0007540_jpg.rf.2c6c8a4b8e4e3acedcb62b5801fac506.jpg,640,640,gun,415,358,485,460,70,102
gun_3_2_1__0000620_jpg.rf.28158846f2cc74ba45765277d837837b.jpg,640,640,gun,204,96,295,391,91,295
1014152937_3558_jpg.rf.29f187585e3872f3df1212f6e7b71fd3.jpg,640,640,gun,274,327,376,489,102,162
A_Pintea-S-W-629_jpg.rf.28775cb7eb3ab47744cbc5bec94f165e.jpg,640,640,gun,217,369,353,639,136,270
batch_377_jpg.rf.2ad1f1174d36468ba4587135b1e46685.jpg,640,640,knife,96,223,160,270,64,47
batch_377_jpg.rf.2ad1f1174d36468ba4587135b1e46685.jpg,640,640,knife,387,116,425,194,38,78
batch_377_jpg.rf.2ad1f1174d36468ba4587135b1e46685.jpg,640,640,knife,97,358,135,418,38,60
batch_377_jpg.rf.2ad1f1174d36468ba4587135b1e46685.jpg,640,640,knife,424,360,460,421,36,61
KravMagaKnifeDefenseTechniques038_jpg.rf.2cc0408dff3d481e98cfcc8664e67c31.jpg,640,640,knife,301,348,367,424,66,76
knife_1126_jpg.rf.2d1e60e467d4d1b3aee22582b41fec0f.jpg,640,640,knife,278,122,500,382,222,260
gun_3_3_1__0003204_jpg.rf.2bdd564e43ca16f75c59ee211a6af0a8.jpg,640,640,gun,443,288,541,534,98,246
6_22_2_0006304_jpg.rf.2cc1d91be3f8c26532ece27f56dd928e.jpg,640,640,gun,167,129,203,229,36,100
batch_365_jpg.rf.2d4056bfb769e7164e3280de713ad43e.jpg,640,640,gun,126,193,225,302,99,109
batch_365_jpg.rf.2d4056bfb769e7164e3280de713ad43e.jpg,640,640,gun,464,77,513,188,49,111
batch_365_jpg.rf.2d4056bfb769e7164e3280de713ad43e.jpg,640,640,gun,43,492,133,627,90,135
batch_365_jpg.rf.2d4056bfb769e7164e3280de713ad43e.jpg,640,640,gun,408,459,445,530,37,71
OffL_27_jpg.rf.2a12937d514b6385662eafa768136a39.jpg,640,640,gun,0,163,309,636,309,473
PINEAPPLE_EXP-174_jpg.rf.2d8ac2c6ffdd4de2fe9d715de572e7d6.jpg,640,640,gun,250,142,286,311,36,169
KravMagaTraining21140_jpg.rf.2e3ee01a5b38e90ec3451dc5cf0b3bfe.jpg,640,640,knife,370,305,456,409,86,104
Mechanik_Pistol1_8_jpg.rf.2ec7967caf165fdb3fb05be142fe156e.jpg,640,640,gun,236,248,297,456,61,208
knife_1306_jpg.rf.2e2b0d9088950796dff59c98616724d5.jpg,640,640,knife,347,216,405,366,58,150
KravMagaTraining366_jpg.rf.2f87876d5f74318c895b44342c5d603c.jpg,640,640,knife,160,384,236,421,76,37
knife_540_jpg.rf.2f6e39dca5d4a4eb5d7242f11c67322a.jpg,640,640,knife,145,119,343,332,198,213
knife_1068_jpg.rf.2ff15ee69bcbb3a92eef2b463277aee6.jpg,640,640,knife,28,48,222,368,194,320
knife_286_jpg.rf.3175729397a2f82ca93d0d22c5e61960.jpg,640,640,knife,76,330,389,555,313,225
knife_310_jpg.rf.2fa54e0fd11a59a5d53214c6e253b8a7.jpg,640,640,knife,57,340,363,582,306,242
knife_310_jpg.rf.2fa54e0fd11a59a5d53214c6e253b8a7.jpg,640,640,knife,350,92,536,245,186,153
DSC_00231_JPG_jpg.rf.31364baddde61f7c4503dbb5dba0cbe2.jpg,640,640,knife,299,275,342,383,43,108
KravMagaTraining4034_jpg.rf.342ba31867a89f73c87d5fb54f304663.jpg,640,640,knife,286,403,348,475,62,72
knife_1300_jpg.rf.2f8af0d6abe7fc8273c1463add1d887a.jpg,640,640,knife,215,380,259,515,44,135
2022-04-15_49_jpg.rf.33d548e8b8c222b97b289277920316cf.jpg,640,640,knife,415,471,434,532,19,61
knife_300_jpg.rf.34e00c4ac6bc5c8f18ca57eb01d5c6bf.jpg,640,640,knife,26,276,292,622,266,346
GuardianAngel-MP5KA1-01_jpg.rf.336e5f08010e729021ec5b183e9f35c7.jpg,640,640,gun,408,368,522,639,114,271
GuardianAngel-MP5KA1-01_jpg.rf.336e5f08010e729021ec5b183e9f35c7.jpg,640,640,gun,173,236,217,316,44,80
gun_6m_static_0002536_jpg.rf.30700cf41fec23b2183bc8902807a972.jpg,640,640,gun,307,202,322,276,15,74
779_jpg.rf.2f9d62b21e6d9987fdc6474fcc2001a5.jpg,640,640,knife,180,426,232,605,52,179
knife_1049_jpg.rf.2fecf80f45720c2d67325c4adf4b83ff.jpg,640,640,knife,213,488,342,580,129,92
Gun_594_jpg.rf.35758fc4fae72866f8b800e2d5b1ce24.jpg,640,640,gun,77,131,620,465,543,334
knife_1148_jpg.rf.3490d163d5907a3c765d2c7f48169cb3.jpg,640,640,knife,475,246,517,447,42,201
00000809_jpg.rf.2ee7ecad8b76bc35b012a41b74ab152a.jpg,640,640,gun,4,27,634,598,630,571
KravMagaTraining548_jpg.rf.34fed057c74655e4865e1ea79c2adf81.jpg,640,640,knife,29,280,60,428,31,148
knife_608_jpg.rf.358966e038c5c993276b879008736eac.jpg,640,640,knife,323,236,477,368,154,132
DefenseKnifeAttack1007_jpg.rf.3513e0867256efd085a2ab7d860f12e6.jpg,640,640,knife,10,458,74,572,64,114
10178403_3099_jpg.rf.32584ef9831183e8bdac6b8d28148ad9.jpg,640,640,gun,205,225,404,467,199,242
55_jpg.rf.35ed070746a6a23ec7932a8854efe92a.jpg,640,640,knife,287,451,336,569,49,118
MistColtMagnumCarry-4_jpg.rf.3157f84854977f624e4e7f0c20896370.jpg,640,640,gun,160,349,277,533,117,184
60_jpg.rf.352caa391bc7083ae801492cc2738160.jpg,640,640,knife,240,309,265,369,25,60
DSC_00551_JPG_jpg.rf.360ce3fd3dee2aed7eaef9cfd28bf9b6.jpg,640,640,knife,213,182,261,314,48,132
SanAntonio-011_jpg.rf.3a647b6708db1934f3d022bdcb411767.jpg,640,640,gun,276,201,359,311,83,110
Gun_1965_jpg.rf.3ba46704be1e375cace1c8d763c9489f.jpg,640,640,gun,37,244,435,607,398,363
Gun_1965_jpg.rf.3ba46704be1e375cace1c8d763c9489f.jpg,640,640,gun,183,36,561,399,378,363
null_image.jpg,640,640,,,,,,0,0
The_Rage-SW-5_jpg.rf.35f0281cfd65b87811e6c07d66050254.jpg,640,640,gun,193,123,257,210,64,87
null_image.jpg,640,640,,,,,,0,0
knife_162_jpg.rf.36370fa52a9a3a975876a536a0b11e49.jpg,640,640,knife,13,240,479,378,466,138
KravMagaTraining20583_jpg.rf.362cbb165e12955c82810e6200e4c0e1.jpg,640,640,knife,211,466,289,511,78,45
KravMagaKnifeDefenseTechniques416_jpg.rf.3a7874cfde41502296063933e0398dd8.jpg,640,640,knife,302,248,349,345,47,97
gun_2_1_1__0003800_jpg.rf.3ca26a52bb1311bc9b94ba3e3ede383f.jpg,640,640,gun,269,301,300,351,31,50
11_12_2593_jpg.rf.3843c1dce6b16de316047caf76cb099b.jpg,640,640,gun,139,130,246,162,107,32
11_12_2593_jpg.rf.3843c1dce6b16de316047caf76cb099b.jpg,640,640,gun,326,325,456,435,130,110
gun_3_2_1__0002900_jpg.rf.3b819a2305f5026d87d0fa194b471951.jpg,640,640,gun,276,405,334,593,58,188
KravMagaKnifeDefenseTechniques166_jpg.rf.36177933ccce8e69d373181bd3d048c7.jpg,640,640,knife,211,173,293,284,82,111
75_jpg.rf.3bae26ab4d91fb4ea7e5c5a81f65dd23.jpg,640,640,knife,214,210,441,433,227,223
6_22_4_0004760_jpg.rf.3818e89de5280050d7e90babb1717ff0.jpg,640,640,gun,436,353,464,478,28,125
103_jpg.rf.3706841d813ce4d2bdb74820a0e3a10d.jpg,640,640,knife,319,548,342,622,23,74
24_jpg.rf.3a994d915c5106d004df3a94f74ea37a.jpg,640,640,knife,229,432,257,494,28,62
knife_138_jpg.rf.3b83f7e25468197ccb046fc57d862c9f.jpg,640,640,knife,74,97,565,335,491,238
knife_450_jpg.rf.3b81080c876a94532a6ab5aec79648af.jpg,640,640,knife,22,155,108,615,86,460
knife_95_jpg.rf.3da13eb36f7874abc33ff3f05e95bae7.jpg,640,640,knife,155,76,639,639,484,563
knife_517_jpg.rf.3c8bc73755e1507c495305f8ed625879.jpg,640,640,knife,291,54,491,347,200,293
KravMagaTraining20314_jpg.rf.3b5685c8043b0bfcbaca0a73fa5eaa8b.jpg,640,640,knife,292,499,371,559,79,60
375_jpg.rf.3c34fef73d57f066d80d87a912237b3f.jpg,640,640,knife,110,103,333,366,223,263
gun_3_2_1__0000572_jpg.rf.3949aff76ad4c886071daf8a6d971344.jpg,640,640,gun,233,113,291,414,58,301
knife_1197_jpg.rf.3be3eabaa31f44446aedc3b8eea2214f.jpg,640,640,knife,191,236,310,352,119,116
10_jpg.rf.3cbe96e1f3c40f6e1eb84d51026084ac.jpg,640,640,knife,248,217,314,385,66,168
Gun_2550_jpg.rf.3de05d378f031ea9724c7df00bf19153.jpg,640,640,gun,172,139,304,351,132,212
6_22_2_0007496_jpg.rf.3da6f8c61f29e95881a300859d0ef1f2.jpg,640,640,gun,116,308,188,409,72,101
gun_2_1_1__0002340_jpg.rf.3e03da03eb44011a2b253afcf95a1aa7.jpg,640,640,gun,189,391,229,433,40,42
Gun_1456_jpg.rf.3de6ae3561c18c58c8f7bcd2377ab05d.jpg,640,640,gun,215,55,426,432,211,377
92_jpg.rf.3e80c7ac9a52ceb7b5c16251a5b847c1.jpg,640,640,knife,281,249,477,425,196,176
313_jpg.rf.3eb18f55dd72da56618aaf2af6454144.jpg,640,640,knife,388,5,472,328,84,323
batch_98_jpg.rf.3f2fa0416451374c1f9d9754e5544e2b.jpg,640,640,gun,173,140,215,206,42,66
batch_98_jpg.rf.3f2fa0416451374c1f9d9754e5544e2b.jpg,640,640,gun,518,186,566,248,48,62
batch_98_jpg.rf.3f2fa0416451374c1f9d9754e5544e2b.jpg,640,640,gun,172,502,200,564,28,62
batch_98_jpg.rf.3f2fa0416451374c1f9d9754e5544e2b.jpg,640,640,gun,483,503,514,567,31,64
TE19032_jpg.rf.3e8e8e6acfb8e152312e4d57ec8a63a4.jpg,640,640,gun,289,415,383,639,94,224
15_jpg.rf.3f21d1ea2a0d0e893f092e54bcde9a86.jpg,640,640,knife,201,223,294,383,93,160
KravMagaTraining20407_jpg.rf.3f05494dc2dd3d56abc7fdc595bbcabc.jpg,640,640,knife,308,385,388,450,80,65
knife_679_jpg.rf.3f416547f8cde8c8d34d491318528b58.jpg,640,640,knife,94,215,150,538,56,323
knife_679_jpg.rf.3f416547f8cde8c8d34d491318528b58.jpg,640,640,knife,163,143,307,639,144,496
FlypaperDanWessonPPC2_jpg.rf.3fbb822ce295faa4a3277d5dc8da77b2.jpg,640,640,gun,419,240,598,571,179,331
M-45_MEU-SOC-_jpg.rf.43e28518caac12ef8a5381af9ad62782.jpg,640,640,gun,9,17,618,605,609,588
KravMagaTraining320_jpg.rf.406a5eb43fd1a7eeabb2d1119b2f92f2.jpg,640,640,knife,134,478,212,518,78,40
16_jpg.rf.4393a54315fefbcd7251b45f53b37636.jpg,640,640,knife,300,32,417,605,117,573
null_image.jpg,640,640,,,,,,0,0
00000630_jpg.rf.442dce8fd35aaf0e3a8b6bfcf4a4aef2.jpg,640,640,gun,171,262,580,566,409,304
knife_598_jpg.rf.415d7d96a0768484fad0303c6f288c8d.jpg,640,640,knife,296,271,513,485,217,214
batch_349_jpg.rf.413f5ea6ce45ffdbccf76f3140c20ee6.jpg,640,640,knife,183,127,237,166,54,39
batch_349_jpg.rf.413f5ea6ce45ffdbccf76f3140c20ee6.jpg,640,640,knife,505,153,557,208,52,55
batch_349_jpg.rf.413f5ea6ce45ffdbccf76f3140c20ee6.jpg,640,640,knife,188,498,239,548,51,50
batch_349_jpg.rf.413f5ea6ce45ffdbccf76f3140c20ee6.jpg,640,640,knife,508,498,559,548,51,50
The_Seven-Per-Cent_Solution-WebleyRIC-15_jpg.rf.41530c265329879188107c4149eb5f98.jpg,640,640,gun,157,362,418,568,261,206
gun_6m_run_0000560_jpg.rf.42be5dc93b1b38287c06fa49dc82e316.jpg,640,640,gun,460,137,497,246,37,109
KS-JV-CZ27-01_jpg.rf.443ebdd254375b9f007ec11711b5ac58.jpg,640,640,gun,219,397,359,638,140,241
2022-04-15_27_jpg.rf.44747ac296cf46c13b81719531a15036.jpg,640,640,knife,335,474,357,518,22,44
6_22_2_0004036_jpg.rf.44d272d0b5d6976264e8d2a474299a03.jpg,640,640,gun,253,102,297,188,44,86
knife_990_jpg.rf.421dabb2cc333000085c658abaec0520.jpg,640,640,knife,72,405,139,557,67,152
101113456_651_jpg.rf.4272505bd04ecb2e5a294932c225d35c.jpg,640,640,gun,80,253,378,625,298,372
101113456_651_jpg.rf.4272505bd04ecb2e5a294932c225d35c.jpg,640,640,gun,410,226,562,485,152,259
knife_673_jpg.rf.43a5a37af813eb10aadb882c04ad950e.jpg,640,640,knife,284,236,454,321,170,85
batch_402_jpg.rf.4568a671c07a50d8dfd60b7ce0123cf6.jpg,640,640,gun,86,9,149,185,63,176
batch_402_jpg.rf.4568a671c07a50d8dfd60b7ce0123cf6.jpg,640,640,gun,493,127,625,281,132,154
batch_402_jpg.rf.4568a671c07a50d8dfd60b7ce0123cf6.jpg,640,640,gun,325,131,471,296,146,165
batch_402_jpg.rf.4568a671c07a50d8dfd60b7ce0123cf6.jpg,640,640,gun,24,401,107,516,83,115
batch_402_jpg.rf.4568a671c07a50d8dfd60b7ce0123cf6.jpg,640,640,gun,419,441,497,563,78,122
knife59_jpg.rf.457af9575c513f08e18b77e91fb8fd57.jpg,640,640,knife,286,171,608,454,322,283
DefenseKnifeAttack1071_jpg.rf.44eb9acfa087c9d629fadd6b3fc3e392.jpg,640,640,knife,248,412,288,488,40,76
Mechanik_Pistol1_6_jpg.rf.445791f7679cc3f463384b627800515c.jpg,640,640,gun,475,216,591,441,116,225
knife_927_jpg.rf.457beb297412a7f260795b8ea7cea2ae.jpg,640,640,knife,89,374,165,561,76,187
Gun_1549_jpg.rf.416c6c6248057047d9a19527498ed2b7.jpg,640,640,gun,89,61,393,583,304,522
6_22_4_0003424_jpg.rf.45df35a8d0e05fd244050af82d821084.jpg,640,640,gun,284,211,338,271,54,60
KravMagaTraining4614_jpg.rf.462a5187c184c8049e3879ad8cb37244.jpg,640,640,knife,69,334,148,417,79,83
knife_528_jpg.rf.44e52432d78c402979049e416ab165c3.jpg,640,640,knife,54,71,461,460,407,389
141_jpg.rf.4619cd7bdba3c8a7fff556de26194acc.jpg,640,640,knife,146,111,319,426,173,315
CatherineZ-Jones-LugerP08_jpg.rf.464d7ac0e2f265ca54259fb72ad6172f.jpg,640,640,gun,282,294,406,598,124,304
15_jpg.rf.4618909f989bc200d37af3568b994294.jpg,640,640,knife,295,500,328,572,33,72
101794753_1545_jpg.rf.458d24633e24b94b1cc6011d9cd8521c.jpg,640,640,gun,61,181,551,639,490,458
batch_158_jpg.rf.45d829fe0eba37f1e6a65c9073261e1e.jpg,640,640,knife,268,23,294,264,26,241
batch_158_jpg.rf.45d829fe0eba37f1e6a65c9073261e1e.jpg,640,640,knife,392,229,404,261,12,32
batch_158_jpg.rf.45d829fe0eba37f1e6a65c9073261e1e.jpg,640,640,knife,106,338,211,584,105,246
batch_158_jpg.rf.45d829fe0eba37f1e6a65c9073261e1e.jpg,640,640,knife,394,549,406,581,12,32
batch_210_jpg.rf.3fd9c18997665f091e332fea7c57971e.jpg,640,640,knife,101,230,144,295,43,65
batch_210_jpg.rf.3fd9c18997665f091e332fea7c57971e.jpg,640,640,knife,464,165,508,194,44,29
batch_210_jpg.rf.3fd9c18997665f091e332fea7c57971e.jpg,640,640,knife,142,486,188,517,46,31
batch_210_jpg.rf.3fd9c18997665f091e332fea7c57971e.jpg,640,640,knife,463,502,508,535,45,33
batch_48_jpg.rf.466ed0400a6b33fe4623a44352a7d50c.jpg,640,640,knife,124,51,161,319,37,268
batch_48_jpg.rf.466ed0400a6b33fe4623a44352a7d50c.jpg,640,640,knife,454,221,486,256,32,35
batch_48_jpg.rf.466ed0400a6b33fe4623a44352a7d50c.jpg,640,640,knife,90,459,142,484,52,25
batch_48_jpg.rf.466ed0400a6b33fe4623a44352a7d50c.jpg,640,640,knife,462,427,504,528,42,101
batch_283_jpg.rf.48009e0b814ac06746984e57f5f26cff.jpg,640,640,gun,1,8,308,299,307,291
batch_283_jpg.rf.48009e0b814ac06746984e57f5f26cff.jpg,640,640,gun,320,2,635,316,315,314
batch_283_jpg.rf.48009e0b814ac06746984e57f5f26cff.jpg,640,640,gun,7,324,298,632,291,308
batch_283_jpg.rf.48009e0b814ac06746984e57f5f26cff.jpg,640,640,gun,324,328,634,629,310,301
knife_943_jpg.rf.48145718d898f69c662934f96a40d8cc.jpg,640,640,knife,72,320,157,518,85,198
6_22_4_0004184_jpg.rf.4780a0446c975f0334eb2bdb71c976dc.jpg,640,640,gun,404,361,440,447,36,86
Holmes_and_Watson-Nagant-3_jpg.rf.48925f6dc0b037ad525d969be9b8cd58.jpg,640,640,gun,482,200,579,335,97,135
10257422_4948_jpg.rf.467cb3c5de3d5fe60f2fc96551312b63.jpg,640,640,gun,267,113,427,554,160,441
knife_620_jpg.rf.46b35d45014ca1e408694544fc7da8b3.jpg,640,640,knife,317,207,463,375,146,168
496_jpg.rf.46d22ccc682affb256d17eb9c67b64e2.jpg,640,640,knife,269,157,506,389,237,232
18_jpg.rf.48cb6ffeea8369c6916c7c5b8a204d94.jpg,640,640,knife,248,454,280,523,32,69
6_22_4_0001752_jpg.rf.49783935d37b4dc7df1980b1d6714779.jpg,640,640,gun,337,128,386,253,49,125
4379_jpg.rf.48f29257475e617a8bc66bd313ba8085.jpg,640,640,knife,460,137,505,288,45,151
Ohmss-sigp210a_jpg.rf.497407f563de43960c2210312dbc1271.jpg,640,640,gun,342,359,464,575,122,216
102418448_554_jpg.rf.474fa19f4688fd60c2a69d759293c896.jpg,640,640,gun,104,221,504,636,400,415
DSC_00441_JPG_jpg.rf.475e5d6a8fcea7e6d59c3418e270e670.jpg,640,640,knife,288,260,363,337,75,77
Gun_855_jpg.rf.4ab5f0266ae84df0b6ea9b62063f4d50.jpg,640,640,gun,64,16,576,592,512,576
11_12_2629_jpg.rf.4a65b7b8f5a20877992c82fca3f43cd2.jpg,640,640,gun,60,38,388,360,328,322
173_jpg.rf.49b35ab3d70ab3b7fd9c03c2bc791e5f.jpg,640,640,knife,354,82,415,605,61,523
gun_2_1_1__0011660_jpg.rf.494183b89bb0d30f8afbb27fce6103e6.jpg,640,640,gun,144,312,184,353,40,41
Gun_2551_jpg.rf.489ae6c617bbd562f25d8fbe1487652d.jpg,640,640,gun,71,144,519,487,448,343
gun_2_1_1__0015610_jpg.rf.4aca48dfdd632a0dc5724ab215daa0ef.jpg,640,640,gun,153,334,189,374,36,40
Gun_2214_jpg.rf.4a43c019c587cdfc3ed376261ca8d4f6.jpg,640,640,gun,259,163,336,288,77,125
ALDDS-007_jpg.rf.49cea1a4f07d65e4f0b87d5e027c7165.jpg,640,640,gun,237,147,287,285,50,138
Open_Fire-Beretta92-04_jpg.rf.4886a5172c72186ee29adad3e2667fe0.jpg,640,640,gun,63,406,284,630,221,224
53_jpg.rf.4b5f45226f874c4d0cfcd68cfebae640.jpg,640,640,knife,247,543,276,611,29,68
knife_599_jpg.rf.491e2aabeb988f9df19219983ff5ac0f.jpg,640,640,knife,231,148,495,512,264,364
knife_576_jpg.rf.4d0406967a16955999cc9ed5049fb54c.jpg,640,640,knife,180,220,376,485,196,265
knife_445_jpg.rf.4c2c3aaecd4497214fd39f1d9c007e4f.jpg,640,640,knife,75,385,340,600,265,215
knife_445_jpg.rf.4c2c3aaecd4497214fd39f1d9c007e4f.jpg,640,640,knife,18,209,297,451,279,242
gun_3_3_1__0000396_jpg.rf.4b615d2cef204047e4889b59c547adc3.jpg,640,640,gun,249,334,292,486,43,152
batch_62_jpg.rf.4a83cc0136aec8866f225019dcd09ad0.jpg,640,640,gun,169,165,189,187,20,22
batch_62_jpg.rf.4a83cc0136aec8866f225019dcd09ad0.jpg,640,640,gun,475,176,494,196,19,20
batch_62_jpg.rf.4a83cc0136aec8866f225019dcd09ad0.jpg,640,640,gun,200,493,222,512,22,19
batch_62_jpg.rf.4a83cc0136aec8866f225019dcd09ad0.jpg,640,640,gun,513,485,539,507,26,22
KravMagaTraining20406_jpg.rf.4d54cb3826fb188d614712302cf06e77.jpg,640,640,knife,211,340,272,429,61,89
gun1_7m_static_0001648_jpg.rf.4d75f6eecb6ec440e52c77dd7a814de1.jpg,640,640,gun,357,227,380,321,23,94
gun_3_3_1__0003768_jpg.rf.4c5f995ad4bc92beaf37ff8a13d134d2.jpg,640,640,gun,239,410,312,517,73,107
KravMagaTraining019_jpg.rf.5090e4e83107d846f17de71acb772d24.jpg,640,640,knife,335,74,417,152,82,78
6_22_2_0004628_jpg.rf.4df8f9b5f44dd84d6c80f9be17269273.jpg,640,640,gun,113,138,151,205,38,67
gun_3_2_1__0000192_jpg.rf.5022aa8432f2cdfa76d16268c22f9f21.jpg,640,640,gun,267,222,345,522,78,300
MarineJericho941F-3_jpg.rf.4a0b6890ec8fe929d1e1c2468a80655e.jpg,640,640,gun,240,364,337,635,97,271
242_jpg.rf.4c9e269ede7949255f7ef0fc2f639c89.jpg,640,640,knife,240,157,466,318,226,161
220_jpg.rf.4ea4eec5790c20939ee572be2f891aa3.jpg,640,640,knife,360,106,411,389,51,283
gun_2_1_1__0002995_jpg.rf.4f10084b39c0eb24a82d4eb4384192b4.jpg,640,640,gun,239,408,280,444,41,36
null_image.jpg,640,640,,,,,,0,0
knife_994_jpg.rf.50b0dc3381a4cf415d3d8fabf7da2c59.jpg,640,640,knife,97,503,175,640,78,137
6_22_2_0005860_jpg.rf.50299b260be6f3f2b73ee6378edf046d.jpg,640,640,gun,310,144,360,231,50,87
KravMagaTraining21079_jpg.rf.4fbe1868b88148d51cbf4bf8d86e120d.jpg,640,640,knife,209,435,311,514,102,79
1649338711-165508_jpg.rf.4e9c3c9fbc16b131fa1116273ff52d15.jpg,640,640,knife,286,108,417,419,131,311
Riva_Esterina_Dobermann_Revolver_01_jpg.rf.50bfcffc1aa45b2e77de884a465454b4.jpg,640,640,gun,11,7,633,610,622,603
knife_1091_jpg.rf.525b5f77f85ca79d839f21ac8fd2ce7b.jpg,640,640,knife,88,175,366,457,278,282
10252411_2100_jpg.rf.5267dcaf17957fc586ec40c48107f02f.jpg,640,640,gun,131,325,197,420,66,95
DSC_0042_JPG_jpg.rf.51558d5b0d6daf43bcc77b7e13d38b12.jpg,640,640,knife,337,379,352,483,15,104
batch_327_jpg.rf.5156fe5f76148ec747fee39beaa1d991.jpg,640,640,knife,9,117,223,305,214,188
batch_327_jpg.rf.5156fe5f76148ec747fee39beaa1d991.jpg,640,640,knife,477,111,615,226,138,115
batch_327_jpg.rf.5156fe5f76148ec747fee39beaa1d991.jpg,640,640,knife,157,432,296,547,139,115
batch_327_jpg.rf.5156fe5f76148ec747fee39beaa1d991.jpg,640,640,knife,399,389,524,500,125,111
batch_327_jpg.rf.5156fe5f76148ec747fee39beaa1d991.jpg,640,640,knife,325,325,428,511,103,186
11_12_831_jpg.rf.4d6edfc4697bd17dca8509710ea42aab.jpg,640,640,gun,347,217,557,558,210,341
11_12_831_jpg.rf.4d6edfc4697bd17dca8509710ea42aab.jpg,640,640,gun,4,314,114,558,110,244
11_12_831_jpg.rf.4d6edfc4697bd17dca8509710ea42aab.jpg,640,640,gun,126,234,244,531,118,297
11_12_831_jpg.rf.4d6edfc4697bd17dca8509710ea42aab.jpg,640,640,gun,228,226,374,511,146,285
11_12_831_jpg.rf.4d6edfc4697bd17dca8509710ea42aab.jpg,640,640,gun,0,24,96,193,96,169
11_12_831_jpg.rf.4d6edfc4697bd17dca8509710ea42aab.jpg,640,640,gun,45,113,294,227,249,114
11_12_831_jpg.rf.4d6edfc4697bd17dca8509710ea42aab.jpg,640,640,gun,110,22,433,190,323,168
11_12_831_jpg.rf.4d6edfc4697bd17dca8509710ea42aab.jpg,640,640,gun,427,156,638,255,211,99
11_12_831_jpg.rf.4d6edfc4697bd17dca8509710ea42aab.jpg,640,640,gun,385,20,561,140,176,120
gun_3_1_1__0003112_jpg.rf.562d220577df827a5adce346d1a1478f.jpg,640,640,gun,210,311,304,573,94,262
KravMagaKnifeDefenseTechniques123_jpg.rf.53d72bf6782a1a6951e5b20a7bd35446.jpg,640,640,knife,168,159,248,243,80,84
6_22_3_0002460_jpg.rf.538a3cc30bc53df015d6468529e30bba.jpg,640,640,gun,154,149,247,229,93,80
gun_2_1_1__0001810_jpg.rf.50d5a566afd80ff13e559494fc6a8c64.jpg,640,640,gun,260,376,292,416,32,40
716_jpg.rf.4f4298285528e2ff2f9b49beea0473db.jpg,640,640,knife,169,272,223,640,54,368
knife_918_jpg.rf.53a019f4ad0648e11d9e1aeafb427736.jpg,640,640,knife,111,511,172,639,61,128
36_jpg.rf.552cda83f6f4090f98a9d3d9fcddf493.jpg,640,640,knife,305,423,342,551,37,128
119_jpg.rf.52cce4ed2eea7629b22fa9d478c100bd.jpg,640,640,knife,371,303,462,588,91,285
KravMagaKnifeDefenseTechniques182_jpg.rf.56a5ed49dc7939c1e4ae9d9ca7d991ae.jpg,640,640,knife,188,99,259,190,71,91
KL_5_jpg.rf.583ea1835ca2bcb9bcc661e3365a8607.jpg,640,640,gun,204,364,455,555,251,191
batch_403_jpg.rf.5636f0a7b6574f3e49d619e04ef2eed5.jpg,640,640,gun,188,60,258,190,70,130
batch_403_jpg.rf.5636f0a7b6574f3e49d619e04ef2eed5.jpg,640,640,gun,354,69,570,254,216,185
batch_403_jpg.rf.5636f0a7b6574f3e49d619e04ef2eed5.jpg,640,640,gun,19,446,190,620,171,174
batch_403_jpg.rf.5636f0a7b6574f3e49d619e04ef2eed5.jpg,640,640,gun,206,434,277,558,71,124
batch_403_jpg.rf.5636f0a7b6574f3e49d619e04ef2eed5.jpg,640,640,gun,467,365,547,585,80,220
gun_3_3_1__0001036_jpg.rf.56c9d2c070ac6eb621a8bedf53664f5d.jpg,640,640,gun,254,234,291,422,37,188
knife_1247_jpg.rf.584d9c6e0206a467cf483f7d882800b1.jpg,640,640,knife,182,369,220,443,38,74
knife_1247_jpg.rf.584d9c6e0206a467cf483f7d882800b1.jpg,640,640,knife,235,183,283,340,48,157
HotSpot-005_jpg.rf.576fb09a0b190c3d1923065ab804b6df.jpg,640,640,gun,270,372,384,632,114,260
US2-MP5-3_jpg.rf.570338eb79410378258078c9f0e63ca6.jpg,640,640,gun,9,13,231,595,222,582
210_jpg.rf.567772c59c3c206af2155234d7d3016d.jpg,640,640,knife,274,582,303,639,29,57
7_7_asd_00140436_jpg.rf.580d1db00eb76ce23acc08045c544869.jpg,640,640,gun,477,411,640,561,163,150
knife_227_jpg.rf.5402fccb8ddfd326e1a6f389a1e0b3ec.jpg,640,640,knife,83,62,439,433,356,371
6_22_4_0003216_jpg.rf.573fe2ce16837943922daf7f758e0c8d.jpg,640,640,gun,464,391,518,533,54,142
batch_102_jpg.rf.593dd7eec9f12546a9a6766368c97ae3.jpg,640,640,knife,168,52,195,125,27,73
batch_102_jpg.rf.593dd7eec9f12546a9a6766368c97ae3.jpg,640,640,knife,492,0,556,77,64,77
batch_102_jpg.rf.593dd7eec9f12546a9a6766368c97ae3.jpg,640,640,knife,172,320,244,403,72,83
batch_102_jpg.rf.593dd7eec9f12546a9a6766368c97ae3.jpg,640,640,knife,387,525,419,571,32,46
714_jpg.rf.50b1983da2cb0c8dae3d5f13638c6d20.jpg,640,640,knife,168,251,217,640,49,389
knife_562_jpg.rf.58bed29cb52e321c6ed6eb47136b982c.jpg,640,640,knife,256,222,362,351,106,129
DefenseKnifeAttack0496_jpg.rf.5751b95fd968857fe19bbaa4e4218501.jpg,640,640,knife,110,462,216,540,106,78
79_jpg.rf.54b19768c71b095404b768e8c6fe902d.jpg,640,640,knife,203,228,434,472,231,244
29_jpg.rf.584db9e1debc9ef1837e854f924caf80.jpg,640,640,knife,193,375,393,608,200,233
batch_90_jpg.rf.59f46c2fbe5f88b6d004bf13e9384e21.jpg,640,640,knife,71,143,206,203,135,60
batch_90_jpg.rf.59f46c2fbe5f88b6d004bf13e9384e21.jpg,640,640,knife,495,45,525,249,30,204
batch_90_jpg.rf.59f46c2fbe5f88b6d004bf13e9384e21.jpg,640,640,knife,135,522,187,551,52,29
batch_90_jpg.rf.59f46c2fbe5f88b6d004bf13e9384e21.jpg,640,640,knife,487,498,534,545,47,47
knife_676_jpg.rf.5939a40d5fe5dc77009abbe99ffba66c.jpg,640,640,knife,295,231,459,302,164,71
7_7_asd_00137114_jpg.rf.5aecb9bf2d135487db14d4ea68524505.jpg,640,640,gun,370,368,414,484,44,116
152_jpg.rf.5b279bb4f98ed600e1b8f093c9680b79.jpg,640,640,knife,317,332,349,431,32,99
11_12_2833_jpg.rf.592e1300e55190fad7867f5f80cd7040.jpg,640,640,gun,8,0,624,619,616,619
4376_jpg.rf.58cc8c27c44971aadb5cf0e8a5eb7e60.jpg,640,640,knife,416,113,479,378,63,265
Devil-s_Pass_rocket_4_jpg.rf.5bcb695746518e494f50970800f626f4.jpg,640,640,gun,224,320,242,354,18,34
TL_5_jpg.rf.5a7d8fb252a9ea78c396217d213b050c.jpg,640,640,gun,371,239,416,352,45,113
sharpenKnife200_jpg.rf.585b54377c2cbacb172bcc2708efad1f.jpg,640,640,knife,291,377,360,445,69,68
Heatstille_jpg.rf.54200c966e1f61068aa96192b08b1004.jpg,640,640,gun,448,226,612,402,164,176
40_jpg.rf.5b3f0ccc7cff19cad7f6ee630eaf6f38.jpg,640,640,knife,163,462,406,639,243,177
knife_385_jpg.rf.5bb4dff3efa7c7658a7ca75bca16b6a8.jpg,640,640,knife,2,92,336,302,334,210
Belly_of_the_Beast-Taurus92-2_jpg.rf.5aebd51c141c332e4fdad2ad2578f973.jpg,640,640,gun,356,264,440,524,84,260
knife_739_jpg.rf.5b37d83cb77b4ee3be91c2737b607ad8.jpg,640,640,knife,295,201,397,477,102,276
10251202_2992_jpg.rf.5bcc2cc6de5bb37a5718c2b660dc9f39.jpg,640,640,gun,321,37,469,339,148,302
140_jpg.rf.5d0c3ac7b0455b075ce9f2d0f21e3781.jpg,640,640,knife,308,519,352,606,44,87
176_jpg.rf.5bd78ad8b097a7b2148ac23853cd65cc.jpg,640,640,knife,242,193,468,239,226,46
1023124758_6429_jpg.rf.5c27c32d4a2b20743084ad358e96ee1d.jpg,640,640,gun,342,167,372,202,30,35
2J_CPH_02_jpg.rf.5c691b824beaba7fdff85364ae93c14e.jpg,640,640,gun,175,496,220,600,45,104
M653M203_jpg.rf.5c66946cc85821c8f742e7cea16163fe.jpg,640,640,gun,5,11,637,605,632,594
gun_3_3_1__0003308_jpg.rf.5af23aebdbbb69d27dab483f3eb25a64.jpg,640,640,gun,301,386,369,576,68,190
KravMagaTraining4614_jpg.rf.5cf0d767f25f9f9afb148fbaee7bbc15.jpg,640,640,knife,69,335,149,417,80,82
null_image.jpg,640,640,,,,,,0,0
101721012_420_jpg.rf.5e14164ba1b1b4f5567b04a188322e68.jpg,640,640,gun,151,269,599,603,448,334
ISS_29_jpg.rf.5df30bea3d88926256de62dfb092809c.jpg,640,640,gun,15,39,612,467,597,428
batch_126_jpg.rf.5e247d395058cee8119c91b35e541582.jpg,640,640,gun,122,96,162,179,40,83
batch_126_jpg.rf.5e247d395058cee8119c91b35e541582.jpg,640,640,gun,435,80,477,177,42,97
batch_126_jpg.rf.5e247d395058cee8119c91b35e541582.jpg,640,640,gun,119,396,146,490,27,94
batch_126_jpg.rf.5e247d395058cee8119c91b35e541582.jpg,640,640,gun,417,417,451,506,34,89
10_jpg.rf.5ec20a828f2128083b6bc63db2cd3418.jpg,640,640,knife,248,454,277,514,29,60
486_jpg.rf.5dea8182d8e3c2aa678743006a3135fc.jpg,640,640,knife,271,131,463,348,192,217
DefenseKnifeAttack0163_jpg.rf.5f4bb7a1c6395df0524c08f0cbafb5f5.jpg,640,640,knife,187,417,285,475,98,58
Big_Money_SB_revolver_jpg.rf.5f653646d9f301934da49bc731573a84.jpg,640,640,gun,393,339,625,618,232,279
knife_59_jpg.rf.5ece763e235722609694b83eb4557da3.jpg,640,640,knife,186,103,600,475,414,372
6_22_2_0006180_jpg.rf.5f874cd6143909ffa2de124b50af0e7e.jpg,640,640,gun,322,150,360,246,38,96
TaurusPT111MilleniumProBlack_jpg.rf.61939a10fb3912635f9625c6fffa49d7.jpg,640,640,gun,7,0,623,633,616,633
91_jpg.rf.61aa9f96fb3d0123c16aa9791596375b.jpg,640,640,knife,263,12,372,640,109,628
Jurasek-Mauser16-33-2_jpg.rf.5f7c212dfcdbc4d1d38995daddf9ed07.jpg,640,640,gun,219,144,339,626,120,482
batch_404_jpg.rf.626efede74634796860611b39429b092.jpg,640,640,gun,129,275,169,318,40,43
batch_404_jpg.rf.626efede74634796860611b39429b092.jpg,640,640,gun,445,27,553,317,108,290
batch_404_jpg.rf.626efede74634796860611b39429b092.jpg,640,640,gun,173,586,214,637,41,51
batch_404_jpg.rf.626efede74634796860611b39429b092.jpg,640,640,gun,497,492,539,549,42,57
6_22_1_0006084_jpg.rf.61a57cc3e1a4be9c43b580894209fd39.jpg,640,640,gun,339,484,479,640,140,156
batch_262_jpg.rf.61eb9a7e36fb8e3b6259a307f415ffb5.jpg,640,640,knife,42,0,144,298,102,298
batch_262_jpg.rf.61eb9a7e36fb8e3b6259a307f415ffb5.jpg,640,640,knife,372,38,510,229,138,191
batch_262_jpg.rf.61eb9a7e36fb8e3b6259a307f415ffb5.jpg,640,640,knife,111,448,255,516,144,68
batch_262_jpg.rf.61eb9a7e36fb8e3b6259a307f415ffb5.jpg,640,640,knife,416,422,564,562,148,140
15_jpg.rf.604af3ae65ab87e31e887ce1e2910bdc.jpg,640,640,knife,243,445,275,536,32,91
knife_286_jpg.rf.6186218eccca20a992fe289f82c42274.jpg,640,640,knife,76,331,390,555,314,224
gun_6m_run_0001408_jpg.rf.613b5133dd59306fc880f526d6a7d699.jpg,640,640,gun,552,445,592,531,40,86
knife_1179_jpg.rf.63973e7b690055613b5266da6f8ad0fd.jpg,640,640,knife,128,205,221,382,93,177
2022-04-15_27_jpg.rf.5fd4cd8f690f25b6297593e422e96469.jpg,640,640,knife,325,548,369,592,44,44
sharpenKnife226_jpg.rf.6252916c5842dbd2e183c620a3dff2e6.jpg,640,640,knife,210,456,264,520,54,64
102312133_3240_jpg.rf.60e3a0924d732f3cf5af193904434c23.jpg,640,640,gun,286,293,319,382,33,89
KSI_30_jpg.rf.62dac863da0c68310b6bd645578a1547.jpg,640,640,gun,339,143,389,286,50,143
batch_44_jpg.rf.6347d9d9c3ef439fde8337e18082ee43.jpg,640,640,knife,19,189,60,216,41,27
batch_44_jpg.rf.6347d9d9c3ef439fde8337e18082ee43.jpg,640,640,knife,530,116,548,189,18,73
batch_44_jpg.rf.6347d9d9c3ef439fde8337e18082ee43.jpg,640,640,knife,88,510,129,539,41,29
batch_44_jpg.rf.6347d9d9c3ef439fde8337e18082ee43.jpg,640,640,knife,408,510,449,539,41,29
2022-04-15_19_jpg.rf.6497f5bc9ccbb5998c1c12b11d5f3e59.jpg,640,640,knife,249,506,271,563,22,57
knife_709_jpg.rf.646dd25b4312a2d8affbbb3ecab505ac.jpg,640,640,knife,147,245,342,639,195,394
null_image.jpg,640,640,,,,,,0,0
gun_3_2_1__0001216_jpg.rf.65e426cf1e719b17238e84b53bc56623.jpg,640,640,gun,204,207,315,543,111,336
knife_1175_jpg.rf.642a089b1479ceccf50a60d1db87b1f3.jpg,640,640,knife,286,285,334,397,48,112
batch_235_jpg.rf.65ad7b70f73f69215c48eac4cc519914.jpg,640,640,knife,111,153,120,208,9,55
batch_235_jpg.rf.65ad7b70f73f69215c48eac4cc519914.jpg,640,640,knife,416,206,446,242,30,36
batch_235_jpg.rf.65ad7b70f73f69215c48eac4cc519914.jpg,640,640,knife,154,480,167,555,13,75
batch_235_jpg.rf.65ad7b70f73f69215c48eac4cc519914.jpg,640,640,knife,463,427,493,494,30,67
batch_185_jpg.rf.65c269972f424e0d6cdc75f05bb8206a.jpg,640,640,knife,87,181,121,202,34,21
batch_185_jpg.rf.65c269972f424e0d6cdc75f05bb8206a.jpg,640,640,knife,463,103,494,133,31,30
batch_185_jpg.rf.65c269972f424e0d6cdc75f05bb8206a.jpg,640,640,knife,86,430,117,477,31,47
batch_185_jpg.rf.65c269972f424e0d6cdc75f05bb8206a.jpg,640,640,knife,404,422,435,468,31,46
KravMagaTraining4613_jpg.rf.64a83e6fd18c833cfe6aba4a5835c4dc.jpg,640,640,knife,42,338,132,452,90,114
batch_414_jpg.rf.65f663f1374f4058ee087ccaa60fa316.jpg,640,640,gun,134,159,155,235,21,76
batch_414_jpg.rf.65f663f1374f4058ee087ccaa60fa316.jpg,640,640,gun,50,173,97,272,47,99
batch_414_jpg.rf.65f663f1374f4058ee087ccaa60fa316.jpg,640,640,gun,320,0,638,313,318,313
batch_414_jpg.rf.65f663f1374f4058ee087ccaa60fa316.jpg,640,640,gun,74,338,111,509,37,171
batch_414_jpg.rf.65f663f1374f4058ee087ccaa60fa316.jpg,640,640,gun,434,388,498,546,64,158
1649338734-4772458_jpg.rf.67c697a2c5280ef71090d74f4a73f95d.jpg,640,640,knife,291,171,369,640,78,469
7_7_asd_00132252_jpg.rf.6417feef4b7176e2a1481b77b2631edf.jpg,640,640,gun,380,412,409,497,29,85
7_7_asd_00132252_jpg.rf.6417feef4b7176e2a1481b77b2631edf.jpg,640,640,gun,269,142,301,208,32,66
Korona_Rossiyskoy_Imperii-Nagant-4_jpg.rf.65b67ba2edba206431465e85b0462ad6.jpg,640,640,gun,166,164,232,375,66,211
6_22_2_0000212_jpg.rf.66717c32b96bd77d139eac76338753e0.jpg,640,640,gun,227,217,267,304,40,87
TL5_-2-_jpg.rf.67808097df140db11ddf7761b9bb6799.jpg,640,640,gun,104,94,252,549,148,455
KravMagaTraining20586_jpg.rf.674bc20691ea5f2a9b6b338f0c3bbbd9.jpg,640,640,knife,185,474,257,526,72,52
KravMagaTraining20997_jpg.rf.64e6c14040bbbcc534a418d03dc6560e.jpg,640,640,knife,276,491,353,532,77,41
No_Way_Back-AK-1_jpg.rf.6715d40f7fcdaa99b579eac4732f6b67.jpg,640,640,gun,236,194,452,539,216,345
sharpenKnife248_jpg.rf.6902c948ed20ae60c3f015d6958bd6f2.jpg,640,640,knife,255,451,327,489,72,38
11_12_1871_jpg.rf.67a3047870e05487452786429baaf4a4.jpg,640,640,gun,279,86,463,228,184,142
gun_7m_run_0001080_jpg.rf.68f49136241eca8d9d6289272e22046d.jpg,640,640,gun,22,137,61,239,39,102
11_12_1753_jpg.rf.68e50b6da5d8578814eebf1de007b4fa.jpg,640,640,gun,234,246,461,498,227,252
11_12_1753_jpg.rf.68e50b6da5d8578814eebf1de007b4fa.jpg,640,640,gun,14,198,334,411,320,213
P2000_9_jpg.rf.6491cfbda194962a53f6b7857dc08d54.jpg,640,640,gun,11,60,620,570,609,510
111323930_422_jpg.rf.604529d0ad63207e8e023748cffe8951.jpg,640,640,gun,229,299,336,634,107,335
H-R_Model_733_jpg.rf.6997baddc10855725122b19fd0fb9be0.jpg,640,640,gun,7,3,629,633,622,630
knife_969_jpg.rf.698e2467b3ed180f4f2dd438cb4252ca.jpg,640,640,knife,85,352,149,543,64,191
gun_3_1_1__0003164_jpg.rf.67fc14abfdd375cceee9b6c0f2dc96f8.jpg,640,640,gun,216,298,292,553,76,255
batch_286_jpg.rf.6b51aef5911eb8e432341d169ca8f184.jpg,640,640,gun,7,8,299,306,292,298
batch_286_jpg.rf.6b51aef5911eb8e432341d169ca8f184.jpg,640,640,gun,326,1,636,309,310,308
batch_286_jpg.rf.6b51aef5911eb8e432341d169ca8f184.jpg,640,640,gun,17,357,279,636,262,279
batch_286_jpg.rf.6b51aef5911eb8e432341d169ca8f184.jpg,640,640,gun,324,328,630,629,306,301
batch_242_jpg.rf.69f3258ee002a49966d1371f1140fcbc.jpg,640,640,knife,159,82,207,252,48,170
batch_242_jpg.rf.69f3258ee002a49966d1371f1140fcbc.jpg,640,640,knife,509,131,542,319,33,188
batch_242_jpg.rf.69f3258ee002a49966d1371f1140fcbc.jpg,640,640,knife,175,442,202,639,27,197
batch_242_jpg.rf.69f3258ee002a49966d1371f1140fcbc.jpg,640,640,knife,470,387,512,639,42,252
245_jpg.rf.668a9047e1ca509d8ceb6e95460c6d70.jpg,640,640,knife,240,443,288,565,48,122
BerlineFile-DEagle4_jpg.rf.6c2b44fb4cf4f1a6aa96da73693ad655.jpg,640,640,gun,191,43,305,231,114,188
1017744_2652_jpg.rf.6aed311ec45424c917afe7bc93d0ea66.jpg,640,640,gun,115,312,257,465,142,153
DefenseKnifeAttack0168_jpg.rf.69808f481e2ba1ff34c283415c755d0f.jpg,640,640,knife,195,403,290,466,95,63
ManiacCop3Beretta92FMuzzle_jpg.rf.6ad3c84369b7399ef5d0729559a6d104.jpg,640,640,gun,235,166,408,611,173,445
Detention-Glock-2_jpg.rf.6b1f89ff9559c68006f79b68ce9cd8ca.jpg,640,640,gun,349,369,634,639,285,270
knife_1273_jpg.rf.6b61eac6de685d1e63b801eab86e375f.jpg,640,640,knife,111,222,195,342,84,120
batch_311_jpg.rf.6a4b65404d4198071a917c1b769b3ab7.jpg,640,640,knife,159,202,198,232,39,30
batch_311_jpg.rf.6a4b65404d4198071a917c1b769b3ab7.jpg,640,640,knife,334,139,350,213,16,74
batch_311_jpg.rf.6a4b65404d4198071a917c1b769b3ab7.jpg,640,640,knife,230,469,251,568,21,99
batch_311_jpg.rf.6a4b65404d4198071a917c1b769b3ab7.jpg,640,640,knife,450,392,473,440,23,48
gun_2_1_1__0013465_jpg.rf.6d0ace1d05f3f2dd69565358351b5f2d.jpg,640,640,gun,88,359,121,388,33,29
knife_817_jpg.rf.6ab4a4c9ab02e3b0cf954b44a0063e4a.jpg,640,640,knife,83,531,166,640,83,109
6_22_2_0003892_jpg.rf.6bfaf405a498b38315c0c990e877293f.jpg,640,640,gun,271,177,334,243,63,66
knife_439_jpg.rf.6c6151ff62ad0a1a7b98c4f8c54065c3.jpg,640,640,knife,2,373,639,639,637,266
knife_117_jpg.rf.69bec3e25e295c3267218ec8cf2bed9b.jpg,640,640,knife,118,16,191,564,73,548
DSC_0008_JPG_jpg.rf.6db3e5af65ca24e15f8acaac2bcdef0d.jpg,640,640,knife,308,234,326,365,18,131
knife_281_jpg.rf.6ca1a895dca2a513a5fe73a74d735a9c.jpg,640,640,knife,5,72,632,620,627,548
knife_129_jpg.rf.6ee65e463dae3f268d21fe88b4c96972.jpg,640,640,knife,156,185,540,521,384,336
knife_1075_jpg.rf.6e1262dc926eb71fb41c6ac29db9dae1.jpg,640,640,knife,51,428,186,605,135,177
Gun_1458_jpg.rf.7103b57a33a94b8d8aa3897783973b92.jpg,640,640,gun,24,19,603,596,579,577
KillZombie-FEGP9R-04_jpg.rf.6dfcfff1d42c3cb300da7dbf16b3d480.jpg,640,640,gun,371,33,483,370,112,337
D9000-M16-3_jpg.rf.715ab4d5855c66b15f5e1d708cd49cb6.jpg,640,640,gun,45,198,319,400,274,202
knife_1313_jpg.rf.71666dfff4c38e87bf83d73ff40a2f46.jpg,640,640,knife,328,310,432,397,104,87
null_image.jpg,640,640,,,,,,0,0
M11_2_jpg.rf.742d9755b163a5b980927163936742d6.jpg,640,640,gun,6,4,633,635,627,631
253_jpg.rf.7275810523ab93299c7dcad1bf971614.jpg,640,640,knife,183,299,442,423,259,124
knifeDefenseTechnique116_jpg.rf.6f2456508cfd8d49cab76bc394f6c6f8.jpg,640,640,knife,334,282,383,439,49,157
6_22_4_0001404_jpg.rf.6c73c59610c99c9b5c112fd50468f423.jpg,640,640,gun,274,207,302,287,28,80
batch_181_jpg.rf.718ba112458c7943a3e7181f3686e7e1.jpg,640,640,gun,122,154,141,184,19,30
batch_181_jpg.rf.718ba112458c7943a3e7181f3686e7e1.jpg,640,640,gun,408,160,425,194,17,34
batch_181_jpg.rf.718ba112458c7943a3e7181f3686e7e1.jpg,640,640,gun,136,459,152,480,16,21
batch_181_jpg.rf.718ba112458c7943a3e7181f3686e7e1.jpg,640,640,gun,513,455,531,483,18,28
knife_426_jpg.rf.73a0576c360bf738b4658c7522668c29.jpg,640,640,knife,313,108,502,289,189,181
knife_426_jpg.rf.73a0576c360bf738b4658c7522668c29.jpg,640,640,knife,420,237,603,446,183,209
batch_194_jpg.rf.73561a774e398ae953a392a4a9fd3d92.jpg,640,640,gun,156,177,188,284,32,107
batch_194_jpg.rf.73561a774e398ae953a392a4a9fd3d92.jpg,640,640,gun,481,186,517,293,36,107
batch_194_jpg.rf.73561a774e398ae953a392a4a9fd3d92.jpg,640,640,gun,155,511,183,626,28,115
batch_194_jpg.rf.73561a774e398ae953a392a4a9fd3d92.jpg,640,640,gun,430,515,482,631,52,116
122_jpg.rf.6ffab2633305357b231da460613d763b.jpg,640,640,knife,311,422,354,468,43,46
knife_24_jpg.rf.70b4f07f48eed4c85889e4a575d3eeab.jpg,640,640,knife,199,192,350,613,151,421
Dezertir-AKS74U-3_jpg.rf.71fd48e6b6645b269fe4365647a58e61.jpg,640,640,gun,187,397,426,555,239,158
11_12_1924_jpg.rf.7166e94e74031198fe1dea8ddc0f5ad5.jpg,640,640,gun,169,0,639,458,470,458
7_7_asd_00140836_jpg.rf.7160409802c1a3e2c5dd90de7661f770.jpg,640,640,gun,185,273,500,427,315,154
batch_316_jpg.rf.71cfe3b165c2b7021c05e0aa2d07d935.jpg,640,640,gun,0,41,14,88,14,47
batch_316_jpg.rf.71cfe3b165c2b7021c05e0aa2d07d935.jpg,640,640,gun,378,49,396,96,18,47
batch_316_jpg.rf.71cfe3b165c2b7021c05e0aa2d07d935.jpg,640,640,gun,156,392,183,434,27,42
batch_316_jpg.rf.71cfe3b165c2b7021c05e0aa2d07d935.jpg,640,640,gun,350,380,368,428,18,48
gun_2_1_1__0010555_jpg.rf.743123d4b5378d747a4f08a299b46a9a.jpg,640,640,gun,363,277,407,336,44,59
batch_219_jpg.rf.74c8b9810c6acf5152d865948cbf9243.jpg,640,640,knife,170,67,193,225,23,158
batch_219_jpg.rf.74c8b9810c6acf5152d865948cbf9243.jpg,640,640,knife,464,225,493,258,29,33
batch_219_jpg.rf.74c8b9810c6acf5152d865948cbf9243.jpg,640,640,knife,141,542,162,594,21,52
batch_219_jpg.rf.74c8b9810c6acf5152d865948cbf9243.jpg,640,640,knife,394,426,596,479,202,53
gun1_7m_static_0000192_jpg.rf.71f8cbbe56e7dd3d34c750d0bdd5a5a2.jpg,640,640,gun,187,323,237,391,50,68
knife_28_jpg.rf.72f0a7a32198cb7b06fc0abb586030b4.jpg,640,640,knife,6,89,579,485,573,396
4717_jpg.rf.7474d68de0741eddcfc38959e50d93f1.jpg,640,640,knife,399,183,510,242,111,59
KravMagaTraining497_jpg.rf.75bc3907601d8ffff6b0e1d85da987bb.jpg,640,640,knife,215,198,251,294,36,96
Imbel_MD97LC_jpg.rf.750f8dc27b893c543f740c13f0f2f6b1.jpg,640,640,gun,16,47,608,622,592,575
KPO-Pistol-2_jpg.rf.6dc4670ff80219c155b69c15043d6229.jpg,640,640,gun,344,72,557,246,213,174
34_jpg.rf.725f5daac41c3d966778a1cc87dc7916.jpg,640,640,knife,381,66,454,443,73,377
34_jpg.rf.725f5daac41c3d966778a1cc87dc7916.jpg,640,640,knife,89,128,186,492,97,364
34_jpg.rf.725f5daac41c3d966778a1cc87dc7916.jpg,640,640,knife,459,288,548,475,89,187
2022-04-15_81_jpg.rf.75a33bd9af0db589d8b03b342962db2d.jpg,640,640,knife,258,463,294,514,36,51
gun_3_1_1__0003452_jpg.rf.761b8b57bd321037fe06c29d162067c7.jpg,640,640,gun,271,318,314,538,43,220
knife_1257_jpg.rf.76c349f6742dcc9991911ebdb82dc525.jpg,640,640,knife,326,277,399,415,73,138
gun_2_1_1__0007270_jpg.rf.75eab6bef76a6e0e45684f414467d6d9.jpg,640,640,gun,372,345,416,388,44,43
KravMagaKnifeDefenseTechniques750_jpg.rf.75454bac25ee887e70d7c2818f70446f.jpg,640,640,knife,191,460,277,554,86,94
DefenseAndSurvive14_jpg.rf.78ba74aeb909a43ee0bd070a153bafe5.jpg,640,640,knife,196,424,274,639,78,215
ND-WIN70-2_jpg.rf.75d9d36f2337ef877461c50abb243c2d.jpg,640,640,gun,229,92,365,287,136,195
RoadEnds-015_jpg.rf.764b10758fc181c1cf3563ad6b0bc9aa.jpg,640,640,gun,193,239,285,414,92,175
Gun_287_jpg.rf.7ac44c841ceac8ede445a19be0eba801.jpg,640,640,gun,8,11,624,597,616,586
gun_2_1_1__0010480_jpg.rf.7a3d61fd67c61024aa9ebe5a95394136.jpg,640,640,gun,398,271,433,328,35,57
KravMagaTraining260_jpg.rf.77ebed971ad76026e3c12d0f50369aef.jpg,640,640,knife,197,79,272,199,75,120
2022-04-15_96_jpg.rf.76e76b3ecf65280cdee411ac42dd605e.jpg,640,640,knife,306,246,348,302,42,56
knife_982_jpg.rf.7803be8ee3c66093144c2f4afb741937.jpg,640,640,knife,71,366,145,522,74,156
knife_84_jpg.rf.79bffbef9c7414c8581700862536c798.jpg,640,640,knife,125,35,364,556,239,521
AP9-Pistol_jpg.rf.78bdd729887047f3980bf9ff53fc05bf.jpg,640,640,gun,16,10,601,626,585,616
7_7_asd_00096540_jpg.rf.7940a69a222935c54c80dd90bee9991e.jpg,640,640,gun,261,219,325,357,64,138
6_22_2_0000240_jpg.rf.79f03582303fadb8a0eb77c8e4e87d44.jpg,640,640,gun,242,132,273,227,31,95
37_jpg.rf.799e9b47a6f6111bab24bef22e192bc5.jpg,640,640,knife,306,542,331,616,25,74
gun_3_1_1__0000308_jpg.rf.7933595bf52637ecf8fddb7d6d74c42f.jpg,640,640,gun,288,223,325,463,37,240
knife_424_jpg.rf.79b08fad1d2c682e5d31c391e34b2b29.jpg,640,640,knife,15,366,380,551,365,185
DefenseKnifeAttack0173_jpg.rf.7b41210b722341962e6abfc14f9acc59.jpg,640,640,knife,150,432,252,484,102,52
11_12_799_jpg.rf.7760673cfd239279e78a63ed2daa8bc7.jpg,640,640,gun,0,0,589,638,589,638
gun1_5m_static_0000192_jpg.rf.7b2e42c5ebb8c46ff3abb1a598b167a3.jpg,640,640,gun,92,190,152,286,60,96
PoliceBer1_jpg.rf.7ab1f4abfe629821683827a5bd29418c.jpg,640,640,gun,254,427,315,573,61,146
batch_214_jpg.rf.7b568f67a05843578ca11f49780c28b0.jpg,640,640,knife,106,90,130,156,24,66
batch_214_jpg.rf.7b568f67a05843578ca11f49780c28b0.jpg,640,640,knife,430,102,445,149,15,47
batch_214_jpg.rf.7b568f67a05843578ca11f49780c28b0.jpg,640,640,knife,154,513,183,528,29,15
batch_214_jpg.rf.7b568f67a05843578ca11f49780c28b0.jpg,640,640,knife,436,511,478,575,42,64
batch_214_jpg.rf.7b568f67a05843578ca11f49780c28b0.jpg,640,640,knife,459,483,523,544,64,61
knife_1039_jpg.rf.7ba3ff2e807591e6503dff3825f2815d.jpg,640,640,knife,515,245,623,339,108,94
gun_3_3_1__0000628_jpg.rf.7c32118d6d106a1e070dd5670b47ceb7.jpg,640,640,gun,240,320,291,482,51,162
KravMagaTraining20602_jpg.rf.7b5a808912f24477a44a670e9170b81d.jpg,640,640,knife,234,491,305,535,71,44
11_12_53_jpg.rf.7c9eb4e55123ed4dd5a73c411867b0fd.jpg,640,640,gun,508,168,614,324,106,156
gun_2_1_1__0012420_jpg.rf.7ca24cf7878258348cf1fc791b2d360e.jpg,640,640,gun,204,371,244,415,40,44
gun_2_1_1__0009460_jpg.rf.7cb93d4dbcb2c3d49ba61ea454205fcf.jpg,640,640,gun,156,341,194,392,38,51
6_22_4_0009576_jpg.rf.7d9758198cc47f5b358dfa5b10a5b5b0.jpg,640,640,gun,242,315,287,418,45,103
Niekas_nenorejo_mirti_Mosin_Nagant_8_jpg.rf.7d96cc0cb9954cbbf27fdf8bf575b734.jpg,640,640,gun,127,254,463,499,336,245
sharpenKnife039_jpg.rf.7e7f1ebf704b94e3cc88d9ff2ca6bf3d.jpg,640,640,knife,236,482,387,573,151,91
KravMagaKnifeDefenseTechniques699_jpg.rf.7e5a7d166ca6edc55329ab916404eb23.jpg,640,640,knife,289,330,377,389,88,59
Gun_215_jpg.rf.7f49a47c7a155a5ae427a94fb3c9a91c.jpg,640,640,gun,259,134,543,419,284,285
FugitiveGlock19-1_jpg.rf.7dc7e0477b00294d4cf7e914592ebef2.jpg,640,640,gun,222,261,292,371,70,110
RealityKnifeAttacks0174_jpg.rf.800212bb05bfd1ff8c94133c4629e84d.jpg,640,640,knife,249,344,299,380,50,36
2022-04-15_14_jpg.rf.802d1bd49b96cc05676c2e204972bb34.jpg,640,640,knife,206,478,242,511,36,33
gun1_7m_run_0000888_jpg.rf.7e1cbc7239e22e45d638ca591fe0c437.jpg,640,640,gun,416,232,467,300,51,68
knife_870_jpg.rf.80f5a7d85aedd3fae5a4628e5a0d1fad.jpg,640,640,knife,108,293,169,473,61,180
RusoClases362_jpg.rf.7ec067580fc90bab9f6fa98045de31e9.jpg,640,640,knife,280,497,357,552,77,55
05_14_0000130_jpg.rf.7f7addf2abfe1c6991156162173972db.jpg,640,640,gun,189,135,507,482,318,347
Paragraf_rifle_4_3_jpg.rf.80ab5e10db4fd3e01ad87438d52a21f3.jpg,640,640,gun,257,149,624,508,367,359
KravMagaKnifeDefenseTechniques107_jpg.rf.801900297bde3754700c2ca10d835474.jpg,640,640,knife,163,203,226,295,63,92
11_12_1719_jpg.rf.8170136937db1d4a5324d69d96588892.jpg,640,640,gun,186,207,478,522,292,315
knife_691_jpg.rf.80f84f673bed0d06bcca8e17ee74da5b.jpg,640,640,knife,140,65,200,399,60,334
DefenseKnifeAttack0423_jpg.rf.816ac0ec7520dc73f373b1c1add4c5ae.jpg,640,640,knife,172,534,270,615,98,81
gun_2_1_1__0010370_jpg.rf.81a47c5e6c1635def4d84188c4267e80.jpg,640,640,gun,293,280,339,333,46,53
3410_jpg.rf.838f52b739c338b9a8b8b3bb374a975c.jpg,640,640,knife,357,78,423,391,66,313
204_jpg.rf.8352d2cb612ad6659fc6ce6f9f53e016.jpg,640,640,knife,302,517,323,621,21,104
null_image.jpg,640,640,,,,,,0,0
Mathilde_Seigner-Ruger_jpg.rf.824aea437fb85299b8900e287278e1a5.jpg,640,640,gun,215,275,310,512,95,237
KravMagaTraining713_jpg.rf.84567a648823525690f10c3aa531784a.jpg,640,640,knife,233,226,282,342,49,116
122_jpg.rf.83170d572bf8698243bd65462780c5cc.jpg,640,640,knife,290,352,313,457,23,105
Necronomicon_howdah_3_jpg.rf.83f0620f12a5eb683239dcae7322039a.jpg,640,640,gun,253,474,377,634,124,160
gun1_6m_run_0000560_jpg.rf.844fd9951b66a4255e573d96731e17a8.jpg,640,640,gun,590,329,640,413,50,84
batch_195_jpg.rf.8476f97e5e3d2ec4ea4090dfc8d44105.jpg,640,640,gun,81,189,138,308,57,119
batch_195_jpg.rf.8476f97e5e3d2ec4ea4090dfc8d44105.jpg,640,640,gun,409,161,458,286,49,125
batch_195_jpg.rf.8476f97e5e3d2ec4ea4090dfc8d44105.jpg,640,640,gun,60,486,110,608,50,122
batch_195_jpg.rf.8476f97e5e3d2ec4ea4090dfc8d44105.jpg,640,640,gun,544,495,594,606,50,111
2022-04-15_63_jpg.rf.83e859fdb0beb7ce129da502ff6691a8.jpg,640,640,knife,222,477,260,511,38,34
128_jpg.rf.848b6ffad260bc665f25bfed19a1b70a.jpg,640,640,knife,253,332,476,503,223,171
6_22_2_0003736_jpg.rf.83f0ca0ebe250124b26e0472149fbc8f.jpg,640,640,gun,131,143,183,233,52,90
Gun_471_jpg.rf.85969d19d4f33d6778dad2dbe4940e5e.jpg,640,640,gun,52,81,187,263,135,182
DSC_00261_JPG_jpg.rf.853f4a9b1d30daa0ed921ba0784fb6b4.jpg,640,640,knife,286,306,360,352,74,46
knife_1138_jpg.rf.836d41c4fb474b497008ec25dcdba685.jpg,640,640,knife,251,186,386,374,135,188
DefenseKnifeAttack1318_jpg.rf.8183f886e997b2cffe3068f727fec5ed.jpg,640,640,knife,196,25,290,100,94,75
11_12_2148_jpg.rf.8459532d08a1ba58b0101e1e05dcf3be.jpg,640,640,gun,59,148,344,478,285,330
batch_326_jpg.rf.85a8f630a8598e9999100f4af8c973ce.jpg,640,640,knife,106,156,121,187,15,31
batch_326_jpg.rf.85a8f630a8598e9999100f4af8c973ce.jpg,640,640,knife,484,205,498,239,14,34
batch_326_jpg.rf.85a8f630a8598e9999100f4af8c973ce.jpg,640,640,knife,168,442,188,468,20,26
batch_326_jpg.rf.85a8f630a8598e9999100f4af8c973ce.jpg,640,640,knife,326,496,629,594,303,98
141_jpg.rf.85a02eed2e9e57ac87a4c452d40f2679.jpg,640,640,knife,382,486,542,592,160,106
Pe-1911f_jpg.rf.8552504bdc51141943612d7aea022b4f.jpg,640,640,gun,265,255,530,606,265,351
KravMagaKnifeDefenseTechniques109_jpg.rf.80f5507e7c675c9f4d20aed66f85c2da.jpg,640,640,knife,171,206,231,299,60,93
BSt-BHP-5_jpg.rf.850a02ab6dfdc20b1a5922a9790f5768.jpg,640,640,gun,169,91,361,482,192,391
batch_361_jpg.rf.817f50ff1d0a5fbeb0ebbfbdc23c14a0.jpg,640,640,knife,58,26,105,317,47,291
batch_361_jpg.rf.817f50ff1d0a5fbeb0ebbfbdc23c14a0.jpg,640,640,knife,386,241,441,274,55,33
batch_361_jpg.rf.817f50ff1d0a5fbeb0ebbfbdc23c14a0.jpg,640,640,knife,96,540,135,566,39,26
batch_361_jpg.rf.817f50ff1d0a5fbeb0ebbfbdc23c14a0.jpg,640,640,knife,382,512,398,580,16,68
knife_305_jpg.rf.855d6b15937e5da3ba6587b4ea3a6819.jpg,640,640,knife,350,34,633,256,283,222
6_22_2_0005228_jpg.rf.84616f095a7461aa671afab905a61581.jpg,640,640,gun,237,122,283,219,46,97
knife_629_jpg.rf.85b5ff1067272050c89a90605e47a9d3.jpg,640,640,knife,95,119,221,541,126,422
knife_629_jpg.rf.85b5ff1067272050c89a90605e47a9d3.jpg,640,640,knife,294,30,396,539,102,509
6_22_4_0010324_jpg.rf.879269d9382ca8ab7027dd5212cfbe5e.jpg,640,640,gun,225,107,273,165,48,58
sharpenKnife193_jpg.rf.86f07bbad2925a9827ee40621a19a14e.jpg,640,640,knife,310,344,433,429,123,85
209_jpg.rf.89169448a5a39c9f460a68e9d93a340a.jpg,640,640,knife,283,572,323,640,40,68
null_image.jpg,640,640,,,,,,0,0
gun_3_3_1__0001628_jpg.rf.894180a4e0d11fe9c516652926c50f87.jpg,640,640,gun,36,210,116,397,80,187
knife_461_jpg.rf.871cb114157c8d85dbe33a4615bd70b7.jpg,640,640,knife,41,277,314,612,273,335
batch_15_jpg.rf.8aa72e54bffacd1d599ca184a12191f0.jpg,640,640,knife,99,95,175,306,76,211
batch_15_jpg.rf.8aa72e54bffacd1d599ca184a12191f0.jpg,640,640,knife,336,133,503,215,167,82
batch_15_jpg.rf.8aa72e54bffacd1d599ca184a12191f0.jpg,640,640,knife,62,433,94,531,32,98
batch_15_jpg.rf.8aa72e54bffacd1d599ca184a12191f0.jpg,640,640,knife,383,433,414,530,31,97
Kti-sw103b_jpg.rf.88c454d5961bc343a68f25716c7602cc.jpg,640,640,gun,125,173,420,357,295,184
knife_815_jpg.rf.8695539c88a1b900adefdccb364c07be.jpg,640,640,knife,54,498,128,640,74,142
119_jpg.rf.8978dbe1af092bba75e875757c3771b5.jpg,640,640,knife,303,334,435,518,132,184
null_image.jpg,640,640,,,,,,0,0
batch_161_jpg.rf.86939fded76873b5ef0998c2762f4a5d.jpg,640,640,knife,40,64,151,229,111,165
batch_161_jpg.rf.86939fded76873b5ef0998c2762f4a5d.jpg,640,640,knife,419,50,576,240,157,190
batch_161_jpg.rf.86939fded76873b5ef0998c2762f4a5d.jpg,640,640,knife,114,451,226,529,112,78
batch_161_jpg.rf.86939fded76873b5ef0998c2762f4a5d.jpg,640,640,knife,441,417,473,516,32,99
Dan_Wesson_PPC_jpg.rf.870c058e0ca8b835bb66b33c0e534e70.jpg,640,640,gun,12,6,627,616,615,610
gun_3_1_1__0001788_jpg.rf.87fbd79730846720c98b215e0bebb08f.jpg,640,640,gun,279,202,356,430,77,228
DefenseKnifeAttack0517_jpg.rf.88dcc3d6f07205a32f9e4879cee4c825.jpg,640,640,knife,62,539,159,619,97,80
RomanianAIMS_std_jpg.rf.8afe1846a0e2477cabbf1a6fcef04f02.jpg,640,640,gun,4,0,628,637,624,637
gun_2_1_1__0005065_jpg.rf.8b6b53378d2a25a36d92971160b52571.jpg,640,640,gun,191,285,226,355,35,70
knife_866_jpg.rf.8c326136e3627646bddcf5620f7e5424.jpg,640,640,knife,108,365,166,543,58,178
knife_109_jpg.rf.8cb4787b97da89efccb78157a40a1b49.jpg,640,640,knife,43,23,635,632,592,609
6_22_4_0002108_jpg.rf.8c913ec6c6e14021db0f21988207906b.jpg,640,640,gun,330,77,376,231,46,154
knife_1084_jpg.rf.8c158b42eaf07832d2381d8872701963.jpg,640,640,knife,162,206,251,508,89,302
780_jpg.rf.8e5323adf1b5d54a3cf23325f26158cb.jpg,640,640,knife,169,442,223,602,54,160
knife_260_jpg.rf.8d3b26ecc80e63b34ed2f9f5bc58fa85.jpg,640,640,knife,269,3,369,587,100,584
knife_852_jpg.rf.8906fcfc68cc75ea091eb5cd6647467c.jpg,640,640,knife,132,266,186,428,54,162
2022-04-15_42_jpg.rf.8b2a54c633a75a48bb9c8f8ff2e58d75.jpg,640,640,knife,338,413,360,496,22,83
Gun_2175_jpg.rf.8c3bf10ffa18c87713457a4e86a650d1.jpg,640,640,gun,106,66,484,401,378,335
DefenseKnifeAttack0809_jpg.rf.8c25786dd46a196e9bb51b7e437d44ab.jpg,640,640,knife,138,494,240,543,102,49
knife_158_jpg.rf.8b3c6038a210d08d11ca194d12bec69a.jpg,640,640,knife,46,18,532,638,486,620
KravMagaTraining21316_jpg.rf.875340394be5c39a19901970c9ed3d9f.jpg,640,640,knife,74,442,243,617,169,175
DefenseAndSurvive04_jpg.rf.8ada7e4ee3c0b495462a06258f6f7686.jpg,640,640,knife,195,414,283,623,88,209
Etat_de_siege-Revolver-3_jpg.rf.8d169ec6f0c0f17b5efa626f35d8a360.jpg,640,640,gun,305,223,452,423,147,200
97_jpg.rf.8c7f185af3321744cfc11674f947d096.jpg,640,640,knife,326,520,380,622,54,102
11_12_770_jpg.rf.8f819a00aea261b0a978fdb7d1d90213.jpg,640,640,gun,12,0,620,635,608,635
null_image.jpg,640,640,,,,,,0,0
142_jpg.rf.8ea631d3080d373efc6dd3e3f23bf781.jpg,640,640,knife,182,99,306,393,124,294
11_12_681_jpg.rf.909e265bfc76df280ba523c95ae4e42e.jpg,640,640,gun,433,228,541,320,108,92
KravMagaKnifeDefenseTechniques706_jpg.rf.903fece21aca96fe8d84c9381511fa8d.jpg,640,640,knife,289,378,380,440,91,62
gun_3_3_1__0000408_jpg.rf.8cdf7dc03e768d10f9b6daf99f8a50d9.jpg,640,640,gun,245,342,288,480,43,138
batch_449_jpg.rf.8e64d7762393905868d58025fe5862f8.jpg,640,640,gun,177,114,189,161,12,47
batch_449_jpg.rf.8e64d7762393905868d58025fe5862f8.jpg,640,640,gun,431,51,520,144,89,93
batch_449_jpg.rf.8e64d7762393905868d58025fe5862f8.jpg,640,640,gun,78,444,174,623,96,179
batch_449_jpg.rf.8e64d7762393905868d58025fe5862f8.jpg,640,640,gun,381,428,437,540,56,112
knife_1050_jpg.rf.8ac77c0836fe3fdae8ab89a718a6426f.jpg,640,640,knife,293,371,422,483,129,112
knife_1119_jpg.rf.8ff9df743d6f67bb1778afc05fa8c49a.jpg,640,640,knife,310,200,379,400,69,200
PB15_04_jpg.rf.8f2c9f53ad54211a98ad37f9590726ab.jpg,640,640,gun,391,111,461,282,70,171
101516494_5781_jpg.rf.90ba3800fa4ed5e25aa2ed5b3dbbc221.jpg,640,640,gun,416,89,513,172,97,83
KnifeDefenseKrav048_jpg.rf.90f9202fa8fa85b09b41d4f8aedc5b35.jpg,640,640,knife,271,35,341,102,70,67
56_jpg.rf.90fc190b56778d756991ae1c205868e1.jpg,640,640,knife,112,443,137,499,25,56
batch_422_jpg.rf.911170c3ac64b0ef74a2b875aba3c1a0.jpg,640,640,gun,176,100,202,130,26,30
batch_422_jpg.rf.911170c3ac64b0ef74a2b875aba3c1a0.jpg,640,640,gun,491,134,516,166,25,32
batch_422_jpg.rf.911170c3ac64b0ef74a2b875aba3c1a0.jpg,640,640,gun,139,524,158,564,19,40
batch_422_jpg.rf.911170c3ac64b0ef74a2b875aba3c1a0.jpg,640,640,gun,467,500,490,539,23,39
KravMagaKnifeDefenseTechniques232_jpg.rf.916d0cd25e4437417a6e649484dfd690.jpg,640,640,knife,234,236,321,339,87,103
knife_265_jpg.rf.916b452e006812abfcffa8ede2215384.jpg,640,640,knife,22,246,366,543,344,297
Remington870BlackSynthetic_jpg.rf.939a43eb258e3ba95c5dc3f9141f8ed5.jpg,640,640,gun,5,18,633,623,628,605
gun_3_2_1__0000424_jpg.rf.9132f80d37c0480f0957053b59f8c78c.jpg,640,640,gun,263,103,317,427,54,324
KravMagaTraining20863_jpg.rf.9414d09a7222ba43de496ab2356b6f83.jpg,640,640,knife,229,486,306,537,77,51
knife_95_jpg.rf.9249ae7af0ac432dd9fb1a7743ab85d7.jpg,640,640,knife,155,76,640,639,485,563
95_jpg.rf.9388e61863c1ab099e5e147ed33e0bd8.jpg,640,640,knife,242,191,609,411,367,220
KravMagaKnifeDefenseTechniques176_jpg.rf.93af3bb0cae9f793273780c21b78e958.jpg,640,640,knife,208,163,289,272,81,109
gun_2_1_1__0006890_jpg.rf.915beb500d70120fd8148e91661582fa.jpg,640,640,gun,143,329,180,356,37,27
61_jpg.rf.94efa96c70ba771411d30e7855a02075.jpg,640,640,knife,323,458,388,511,65,53
7_7_asd_00128608_jpg.rf.93fadc6ad6fb7f1a2f55654b9ad322b3.jpg,640,640,gun,358,256,403,454,45,198
batch_173_jpg.rf.953338bf6c4b4d115ddbd7230f1c5190.jpg,640,640,gun,91,125,149,223,58,98
batch_173_jpg.rf.953338bf6c4b4d115ddbd7230f1c5190.jpg,640,640,gun,458,108,488,211,30,103
batch_173_jpg.rf.953338bf6c4b4d115ddbd7230f1c5190.jpg,640,640,gun,137,432,170,536,33,104
batch_173_jpg.rf.953338bf6c4b4d115ddbd7230f1c5190.jpg,640,640,gun,463,435,501,538,38,103
batch_103_jpg.rf.92550469faa85e43416d9101b566ddb8.jpg,640,640,gun,195,167,215,189,20,22
batch_103_jpg.rf.92550469faa85e43416d9101b566ddb8.jpg,640,640,gun,524,102,564,201,40,99
batch_103_jpg.rf.92550469faa85e43416d9101b566ddb8.jpg,640,640,gun,85,467,193,552,108,85
batch_103_jpg.rf.92550469faa85e43416d9101b566ddb8.jpg,640,640,gun,504,497,586,623,82,126
Gun_1902_jpg.rf.91d8dc365b42caab29fd022688a49aa7.jpg,640,640,gun,143,0,495,609,352,609
null_image.jpg,640,640,,,,,,0,0
11_12_734_jpg.rf.9521693620f361f609d9c2a8d46252b7.jpg,640,640,gun,63,96,611,539,548,443
6_22_4_0007356_jpg.rf.93674433155bd5803d1de73a5a3ad48b.jpg,640,640,gun,181,117,243,195,62,78
knife_917_jpg.rf.951e47465a641e6877d7c12094b24c13.jpg,640,640,knife,113,248,190,429,77,181
batch_367_jpg.rf.90ea78e8a345be46ee44cfde9a66d749.jpg,640,640,knife,17,32,231,305,214,273
batch_367_jpg.rf.90ea78e8a345be46ee44cfde9a66d749.jpg,640,640,knife,480,108,614,199,134,91
batch_367_jpg.rf.90ea78e8a345be46ee44cfde9a66d749.jpg,640,640,knife,0,326,142,472,142,146
batch_367_jpg.rf.90ea78e8a345be46ee44cfde9a66d749.jpg,640,640,knife,325,369,635,639,310,270
RusoClases647_jpg.rf.959d5b189e1c45216111f71ccfa3d960.jpg,640,640,knife,300,137,335,352,35,215
batch_245_jpg.rf.9535ce04a1cdc43d91050579eaa213ea.jpg,640,640,knife,97,252,108,291,11,39
batch_245_jpg.rf.9535ce04a1cdc43d91050579eaa213ea.jpg,640,640,knife,420,244,431,288,11,44
batch_245_jpg.rf.9535ce04a1cdc43d91050579eaa213ea.jpg,640,640,knife,127,499,149,552,22,53
batch_245_jpg.rf.9535ce04a1cdc43d91050579eaa213ea.jpg,640,640,knife,442,592,455,622,13,30
knife_1066_jpg.rf.939b1ca8ca92f2dcf511824987c8ce83.jpg,640,640,knife,41,0,197,471,156,471
knife_169_jpg.rf.91d1e92f9293e21efc91e042e9be1f82.jpg,640,640,knife,148,253,540,473,392,220
National_Treasure_-8-_jpg.rf.95fe56c40140b6714432bde41eadf598.jpg,640,640,gun,386,27,534,319,148,292
DefenseKnifeAttack0681_jpg.rf.961507fd05fd2a103054c968c9905776.jpg,640,640,knife,265,423,317,454,52,31
knife_176_jpg.rf.96bbff8dba614d9bcf4314ade1c09002.jpg,640,640,knife,3,3,352,449,349,446
05_14_0000323_jpg.rf.97377d93fef9f339d1137531584abf70.jpg,640,640,gun,34,9,612,635,578,626
knife_99_jpg.rf.97b94921426bbdc2e11fe037e81decf8.jpg,640,640,knife,106,37,302,254,196,217
2022-04-21_446_jpg.rf.96eb2a4c03de18e05c44a5ad3f1cdda5.jpg,640,640,knife,317,497,355,548,38,51
knife_970_jpg.rf.961bb07cb853aee0459398cb6f26fd85.jpg,640,640,knife,152,482,286,588,134,106
6_22_1_0001508_jpg.rf.97914737e16ab01db00eba5ab6d6a275.jpg,640,640,gun,129,98,263,313,134,215
11_12_1565_jpg.rf.95d9be65da98b4d65450e527aec902ba.jpg,640,640,gun,192,89,404,456,212,367
11_12_1565_jpg.rf.95d9be65da98b4d65450e527aec902ba.jpg,640,640,gun,313,214,523,591,210,377
103_jpg.rf.964432f1176758ab6cdcbd2aa8a5f055.jpg,640,640,knife,252,439,297,526,45,87
Kvartet_Gvarneri-Nagant-10_jpg.rf.96a914cd10702388f62991758b2a66c8.jpg,640,640,gun,240,465,327,639,87,174
batch_5_jpg.rf.985fbce62171505a6ab48a6ed9397c20.jpg,640,640,gun,153,177,170,195,17,18
batch_5_jpg.rf.985fbce62171505a6ab48a6ed9397c20.jpg,640,640,gun,454,179,469,199,15,20
batch_5_jpg.rf.985fbce62171505a6ab48a6ed9397c20.jpg,640,640,gun,163,503,191,529,28,26
batch_5_jpg.rf.985fbce62171505a6ab48a6ed9397c20.jpg,640,640,gun,425,503,444,523,19,20
BloodyValentineBrowningOU_jpg.rf.98dff059372a8b3e210228152ffbf07c.jpg,640,640,gun,110,74,437,635,327,561
batch_301_jpg.rf.95f565c0da56fcf24452256a7f11515c.jpg,640,640,knife,148,185,168,240,20,55
batch_301_jpg.rf.95f565c0da56fcf24452256a7f11515c.jpg,640,640,knife,444,28,510,107,66,79
batch_301_jpg.rf.95f565c0da56fcf24452256a7f11515c.jpg,640,640,knife,7,471,180,633,173,162
batch_301_jpg.rf.95f565c0da56fcf24452256a7f11515c.jpg,640,640,knife,324,465,497,632,173,167
knife_1335_jpg.rf.98745ba97fea21497a55e6f702d1e8ce.jpg,640,640,knife,349,182,395,326,46,144
KravMagaKnifeDefenseTechniques594_jpg.rf.9849baa17fb585c0de997d0944f3229a.jpg,640,640,knife,190,472,299,534,109,62
batch_37_jpg.rf.99ae483cc539fadde2b817cb10f654e3.jpg,640,640,gun,58,115,92,136,34,21
batch_37_jpg.rf.99ae483cc539fadde2b817cb10f654e3.jpg,640,640,gun,480,98,543,265,63,167
batch_37_jpg.rf.99ae483cc539fadde2b817cb10f654e3.jpg,640,640,gun,16,466,93,608,77,142
batch_37_jpg.rf.99ae483cc539fadde2b817cb10f654e3.jpg,640,640,gun,437,471,481,630,44,159
320_jpg.rf.998148b7149bb680667595a647097e4d.jpg,640,640,knife,325,0,429,503,104,503
KravMagaKnifeDefenseTechniques114_jpg.rf.95a181509e455332c53d0919da9b2149.jpg,640,640,knife,171,185,238,276,67,91
6_22_1_0005592_jpg.rf.9cdeef47416b8ec79befa00db22e12c3.jpg,640,640,gun,248,166,335,449,87,283
KravMagaTraining4278_jpg.rf.996c0cd2108ac2df4d2b488f3a421e62.jpg,640,640,knife,325,386,363,479,38,93
knife_915_jpg.rf.990a60b9805a0acacb9c52f114fdb343.jpg,640,640,knife,81,485,141,639,60,154
4380_jpg.rf.998e4bfebc17ddd578e389b9819df7ec.jpg,640,640,knife,426,127,483,256,57,129
11_12_449_jpg.rf.9afac6f6987d8d7d4381d957db6259a7.jpg,640,640,gun,0,198,253,572,253,374
Operation_Corned_Beef-MiniUzi-1_jpg.rf.9b55149ba6b24669d82bc5a31a1ffa7f.jpg,640,640,gun,198,327,268,510,70,183
GSSIGP226-1_jpg.rf.9d32773671ac381e4729459c46089f5b.jpg,640,640,gun,250,147,317,277,67,130
gun_6m_static_0000928_jpg.rf.9e876ceb0c52bb5c2a4fa88b5862af25.jpg,640,640,gun,349,199,384,302,35,103
knife_59_jpg.rf.9cf796dcfb2a35c88107d7a854d4def0.jpg,640,640,knife,186,103,600,475,414,372
P57_180_jpg.rf.9ae035f540b0f220533b39b8dc29ed30.jpg,640,640,gun,177,249,489,597,312,348
285_jpg.rf.9cfc51fbff4b1923b5477e26b6ad2e55.jpg,640,640,knife,202,236,400,427,198,191
7_7_asd_00137110_jpg.rf.9fa776e47b50eb291dd76e39f69edd59.jpg,640,640,gun,375,366,416,471,41,105
batch_190_jpg.rf.9cda089135fc1db1b843970aa1fb6d3f.jpg,640,640,gun,101,61,116,118,15,57
batch_190_jpg.rf.9cda089135fc1db1b843970aa1fb6d3f.jpg,640,640,gun,379,156,419,225,40,69
batch_190_jpg.rf.9cda089135fc1db1b843970aa1fb6d3f.jpg,640,640,gun,107,485,131,562,24,77
batch_190_jpg.rf.9cda089135fc1db1b843970aa1fb6d3f.jpg,640,640,gun,429,503,458,558,29,55
10246654_436_jpg.rf.9bcb364feea5f2c76dafc65eedc4134e.jpg,640,640,gun,185,458,341,605,156,147
null_image.jpg,640,640,,,,,,0,0
11_jpg.rf.9f461d7e48cac5487331b0e757e6e884.jpg,640,640,knife,299,539,313,568,14,29
Belly_of_the_Beast-M1911-5_jpg.rf.9c61bb9150979f18b745721f7109a03c.jpg,640,640,gun,42,186,225,359,183,173
102312292_5127_jpg.rf.9b6fc497be6eccb31b2909f359587ebc.jpg,640,640,gun,402,232,445,276,43,44
ITLDW-Ruger-1_jpg.rf.9946e317692da9e12c8c85f748977c40.jpg,640,640,gun,197,189,479,371,282,182
6_22_3_0001492_jpg.rf.9ceb8e939a589b0229f3342f7d300acb.jpg,640,640,gun,218,164,314,318,96,154
Gun_1120_jpg.rf.9f6e3099d6f37438cce4284fb5d6eab7.jpg,640,640,gun,4,11,628,597,624,586
KravMagaTraining342_jpg.rf.a00c73df0f52c579c4543c297a2a4c59.jpg,640,640,knife,285,329,322,445,37,116
batch_236_jpg.rf.a0517a7053331d6a1fa465d21fddc67f.jpg,640,640,knife,127,159,170,181,43,22
batch_236_jpg.rf.a0517a7053331d6a1fa465d21fddc67f.jpg,640,640,knife,484,128,499,188,15,60
batch_236_jpg.rf.a0517a7053331d6a1fa465d21fddc67f.jpg,640,640,knife,149,436,272,527,123,91
batch_236_jpg.rf.a0517a7053331d6a1fa465d21fddc67f.jpg,640,640,knife,462,525,502,558,40,33
image49_jpg.rf.a004fb33c22e715ca71b4e2f8493aebb.jpg,640,640,gun,149,328,264,486,115,158
batch_147_jpg.rf.a0074080c87e56086609e34ac5bec836.jpg,640,640,knife,129,14,186,56,57,42
batch_147_jpg.rf.a0074080c87e56086609e34ac5bec836.jpg,640,640,knife,405,19,456,55,51,36
batch_147_jpg.rf.a0074080c87e56086609e34ac5bec836.jpg,640,640,knife,91,336,138,369,47,33
batch_147_jpg.rf.a0074080c87e56086609e34ac5bec836.jpg,640,640,knife,357,509,498,621,141,112
batch_271_jpg.rf.9b3fc529ffdf42c21c8040f8ca3a5ade.jpg,640,640,gun,191,254,239,319,48,65
batch_271_jpg.rf.9b3fc529ffdf42c21c8040f8ca3a5ade.jpg,640,640,gun,537,24,578,166,41,142
batch_271_jpg.rf.9b3fc529ffdf42c21c8040f8ca3a5ade.jpg,640,640,gun,148,496,218,568,70,72
batch_271_jpg.rf.9b3fc529ffdf42c21c8040f8ca3a5ade.jpg,640,640,gun,355,394,404,484,49,90
batch_250_jpg.rf.a3b58248712d3ce99f95aa446a96e5ac.jpg,640,640,knife,123,122,245,314,122,192
batch_250_jpg.rf.a3b58248712d3ce99f95aa446a96e5ac.jpg,640,640,knife,443,122,565,314,122,192
batch_250_jpg.rf.a3b58248712d3ce99f95aa446a96e5ac.jpg,640,640,knife,3,409,235,596,232,187
batch_250_jpg.rf.a3b58248712d3ce99f95aa446a96e5ac.jpg,640,640,knife,323,451,509,571,186,120
RusoClases264_jpg.rf.a32ccdbb3cfcf713ffb7d20380f457b0.jpg,640,640,knife,197,309,255,440,58,131
3308_jpg.rf.a0dc3d15032f582128409320741a0ed0.jpg,640,640,knife,378,126,417,334,39,208
6_22_2_0001740_jpg.rf.a2b09776f25eebe181386d098b1e6e6a.jpg,640,640,gun,277,119,295,193,18,74
262_jpg.rf.98ef583bc96344cedaebea873da43baa.jpg,640,640,knife,295,42,443,365,148,323
knife_421_jpg.rf.a21ac52f5f235d334785725484f439de.jpg,640,640,knife,289,223,620,617,331,394
Pobeditel-Nagant-4A_jpg.rf.a42f4a106a7fa65a86918b0f1ab279b4.jpg,640,640,gun,508,185,626,370,118,185
11_12_1669_jpg.rf.a3d3d7c570dabee3c79ee1806f3d39e2.jpg,640,640,gun,106,94,561,491,455,397
knife_1130_jpg.rf.a3a950b09c741e1b3ad3b4852ee4c52e.jpg,640,640,knife,42,46,235,384,193,338
knife_1135_jpg.rf.a4f85bd468767de42e857a1557c28e08.jpg,640,640,knife,92,154,324,464,232,310
knife_1166_jpg.rf.a43de8331c86d806633628525473252e.jpg,640,640,knife,137,232,212,391,75,159
Gun_1752_jpg.rf.a0ebbe6a89a967b182b4692ff80ecf3b.jpg,640,640,gun,9,19,627,558,618,539
Dil-cns1_jpg.rf.a86513127abb899edd557095a96e7e46.jpg,640,640,gun,115,417,231,555,116,138
batch_336_jpg.rf.a67f5970e99ba98ed9d58b6d7752554e.jpg,640,640,knife,112,81,235,132,123,51
batch_336_jpg.rf.a67f5970e99ba98ed9d58b6d7752554e.jpg,640,640,knife,475,254,488,306,13,52
batch_336_jpg.rf.a67f5970e99ba98ed9d58b6d7752554e.jpg,640,640,knife,129,442,173,489,44,47
batch_336_jpg.rf.a67f5970e99ba98ed9d58b6d7752554e.jpg,640,640,knife,441,436,485,484,44,48
null_image.jpg,640,640,,,,,,0,0
null_image.jpg,640,640,,,,,,0,0
Bruni_Olympic_38_black_jpg.rf.a8f10daa4467b2502da24b94fb9cf4d5.jpg,640,640,gun,4,6,631,625,627,619
76_jpg.rf.9df8bbf19f7f760991d7b05d42ba1c35.jpg,640,640,knife,200,402,398,639,198,237
7_7_asd_00140832_jpg.rf.a8e1d03351d3d713b7e3e4698f59e63d.jpg,640,640,gun,182,268,500,432,318,164
batch_317_jpg.rf.a7650ed75f832fd4e195bf1a4a3d449f.jpg,640,640,gun,221,88,239,137,18,49
batch_317_jpg.rf.a7650ed75f832fd4e195bf1a4a3d449f.jpg,640,640,gun,383,62,406,115,23,53
batch_317_jpg.rf.a7650ed75f832fd4e195bf1a4a3d449f.jpg,640,640,gun,176,424,202,473,26,49
batch_317_jpg.rf.a7650ed75f832fd4e195bf1a4a3d449f.jpg,640,640,gun,371,412,398,462,27,50
KravMagaKnifeDefenseTechniques721_jpg.rf.a6c01fc84b35c4191d1336e0ea765998.jpg,640,640,knife,289,399,373,453,84,54
knife_809_jpg.rf.a7c1466794e191f78ac7478bae46f2d4.jpg,640,640,knife,117,329,177,509,60,180
H-B1_jpg.rf.a99d53a6dfb01be53ce5dfc7c6986b12.jpg,640,640,gun,232,213,328,545,96,332
KravMagaTraining20107_jpg.rf.a777466602e759158145ac9f9c051927.jpg,640,640,knife,328,386,403,445,75,59
sharpenKnife109_jpg.rf.a59f038ce6845f5bc9995d690e6f65b2.jpg,640,640,knife,97,299,591,463,494,164
1017181911_6720_jpg.rf.a923795a401a573b973e11c97a1910e9.jpg,640,640,gun,223,243,437,460,214,217
batch_246_jpg.rf.a5dfb776deb569a1a45fed69d052600e.jpg,640,640,gun,87,88,111,120,24,32
batch_246_jpg.rf.a5dfb776deb569a1a45fed69d052600e.jpg,640,640,gun,409,162,431,197,22,35
batch_246_jpg.rf.a5dfb776deb569a1a45fed69d052600e.jpg,640,640,gun,95,363,116,404,21,41
batch_246_jpg.rf.a5dfb776deb569a1a45fed69d052600e.jpg,640,640,gun,391,438,421,467,30,29
BTF-MP40_05A_jpg.rf.a814fe0f58f4f63b0fec39b0b8411157.jpg,640,640,gun,332,95,403,224,71,129
batch_28_jpg.rf.a98cff5f63d1a235bd67334e7f94fb53.jpg,640,640,knife,147,179,160,223,13,44
batch_28_jpg.rf.a98cff5f63d1a235bd67334e7f94fb53.jpg,640,640,knife,482,269,502,302,20,33
batch_28_jpg.rf.a98cff5f63d1a235bd67334e7f94fb53.jpg,640,640,knife,126,433,138,470,12,37
batch_28_jpg.rf.a98cff5f63d1a235bd67334e7f94fb53.jpg,640,640,knife,446,435,455,465,9,30
OAT_TV_41_jpg.rf.a6cda98f68d458e3755e6e5b44cd8952.jpg,640,640,gun,119,303,248,556,129,253
KravMagaKnifeDefenseTechniques193_jpg.rf.ab335b24b9baa074505c8301eefda786.jpg,640,640,knife,240,232,332,331,92,99
null_image.jpg,640,640,,,,,,0,0
knife_1264_jpg.rf.a84f33d55719e2bb0a828f52c62502ce.jpg,640,640,knife,448,166,515,302,67,136
102418059_4874_jpg.rf.aa5706c0ec21109c255cf73b24109954.jpg,640,640,gun,401,232,556,439,155,207
batch_342_jpg.rf.aae688d1fee464833aa6baa0d3651264.jpg,640,640,gun,159,211,219,316,60,105
batch_342_jpg.rf.aae688d1fee464833aa6baa0d3651264.jpg,640,640,gun,466,191,503,280,37,89
batch_342_jpg.rf.aae688d1fee464833aa6baa0d3651264.jpg,640,640,gun,157,516,181,612,24,96
batch_342_jpg.rf.aae688d1fee464833aa6baa0d3651264.jpg,640,640,gun,476,515,513,604,37,89
knife_442_jpg.rf.abeb11d19558a78e166d39b26f4246a5.jpg,640,640,knife,0,284,289,624,289,340
knife_1127_jpg.rf.a9f0804eb3aa932b4b513126d484b03b.jpg,640,640,knife,223,257,511,392,288,135
knife_594_jpg.rf.a9cc1f15e959185e75b340a1b3499e49.jpg,640,640,knife,149,127,412,572,263,445
DSC_00431_JPG_jpg.rf.a992d2b65067e845a8de3a9747a7d653.jpg,640,640,knife,307,259,361,342,54,83
RusoClases648_jpg.rf.add9c08cd30560e949e8491c7ff6031d.jpg,640,640,knife,309,140,345,352,36,212
Kazachya_zastava-Luger-5_jpg.rf.ae461c350b76fc8f5909bc1515a3262e.jpg,640,640,gun,168,204,293,342,125,138
117_jpg.rf.aaec3cdaaee0a4907a0c87d6b993f793.jpg,640,640,knife,280,357,322,461,42,104
Gun_2771_jpg.rf.ad202465aef5f42557ab411423b24800.jpg,640,640,gun,4,6,624,614,620,608
10239331_72_jpg.rf.adc9613db4314de5d795656b0518159c.jpg,640,640,gun,325,163,351,227,26,64
IZhO-Nagant-10_jpg.rf.af2648828054a4147ce4910fc8ce4d37.jpg,640,640,gun,282,199,384,371,102,172
6_22_2_0006628_jpg.rf.aebc567b1f9f48e6e6dfd1677f95379e.jpg,640,640,gun,247,198,302,293,55,95
4417_jpg.rf.ade034150263e6d13ba0d1f4c777bfd3.jpg,640,640,knife,486,66,526,206,40,140
Beretta_92_Steel_I_jpg.rf.ad8f7c6ce1cd3011f19e5c78fcb3451c.jpg,640,640,gun,37,26,629,621,592,595
05_14_0000236_jpg.rf.aaa616d53deab7b74ed23cfddf6598b2.jpg,640,640,gun,121,160,489,551,368,391
knife_1310_jpg.rf.abe9b2dd88884d9c5ba41f1262ec68ce.jpg,640,640,knife,257,255,309,383,52,128
NightmareOnElmStreetColtPython2_jpg.rf.b075a815d7b218a56217e0f5b9eff2fc.jpg,640,640,gun,89,152,129,211,40,59
102312630_3582_jpg.rf.b016a6a90b72e63152de39b3cee3b239.jpg,640,640,gun,382,363,427,421,45,58
gun_2_1_1__0015340_jpg.rf.a8dcd72d61213af14ab8982dc4a01ac7.jpg,640,640,gun,274,354,308,394,34,40
10246403_1049_jpg.rf.b0d0d4e605b38ab75223551e2f0825f0.jpg,640,640,gun,355,166,440,405,85,239
KravMagaKnifeDefenseTechniques062_jpg.rf.b1d00d8aa60831e9ac579f559a9b7487.jpg,640,640,knife,275,348,343,411,68,63
2022-04-15_3_jpg.rf.a9151e3957fdb6791739d61f9a9d3d46.jpg,640,640,knife,303,482,375,525,72,43
237_jpg.rf.b26d0f3203822101aeaff94e0b066c4e.jpg,640,640,knife,312,505,346,599,34,94
1024175015_4144_jpg.rf.b3451b1d57baacce496e4d53edf41e6e.jpg,640,640,gun,70,281,208,471,138,190
knife_9_jpg.rf.b0aeeac511562edf4d734ab02da693ac.jpg,640,640,knife,69,166,403,474,334,308
Batalon-00R_jpg.rf.af2f6a215be5bdf463999baed2f4240c.jpg,640,640,gun,355,468,475,635,120,167
knife_1029_jpg.rf.b25d1e4a9e2b22d839f9e96fd1413225.jpg,640,640,knife,272,132,330,218,58,86
knife_1210_jpg.rf.b09fc26ec56e82de45d8b280d91d6086.jpg,640,640,knife,219,462,311,587,92,125
248_jpg.rf.af5ece3a1b1004d8dcb4d419c6e56855.jpg,640,640,knife,223,442,275,566,52,124
knife_159_jpg.rf.b33f92f67b5e04677d1c37e5570e1c4c.jpg,640,640,knife,149,77,517,590,368,513
DSC_0070_JPG_jpg.rf.b4a0da9ab1ba769c1f32ede0bce88697.jpg,640,640,knife,296,338,333,480,37,142
knife_217_jpg.rf.b12f336d6aa466c14f1c414b16280776.jpg,640,640,knife,154,108,421,413,267,305
BTRH_405_jpg.rf.b518f491ddb2a76ba0bfe88d648892d5.jpg,640,640,gun,312,223,425,542,113,319
1649338739-4800615_jpg.rf.b12e741f4342b97a7c012f089799f7f7.jpg,640,640,knife,237,11,323,626,86,615
knife_264_jpg.rf.b2719cc2ec750d3cfa9b50945e6ef08d.jpg,640,640,knife,159,21,476,417,317,396
11_12_1237_jpg.rf.b45cda97bdbac00d3c715a546579b054.jpg,640,640,gun,39,92,600,439,561,347
knife_581_jpg.rf.b0feb17f50ac643d968dd61dcaea3187.jpg,640,640,knife,242,165,586,403,344,238
batch_262_jpg.rf.b3fd7bc51e7ed352bf0ccf2f6c2c2751.jpg,640,640,gun,99,179,120,200,21,21
batch_262_jpg.rf.b3fd7bc51e7ed352bf0ccf2f6c2c2751.jpg,640,640,gun,412,185,437,207,25,22
batch_262_jpg.rf.b3fd7bc51e7ed352bf0ccf2f6c2c2751.jpg,640,640,gun,67,505,95,527,28,22
batch_262_jpg.rf.b3fd7bc51e7ed352bf0ccf2f6c2c2751.jpg,640,640,gun,482,502,502,523,20,21
61_jpg.rf.b6be5641ec8af9847e6bff27d76e5de5.jpg,640,640,knife,291,2,394,571,103,569
Murder_by_Decree-RIC-10_jpg.rf.b551ae944ec1631caaaeb846a82b463b.jpg,640,640,gun,189,292,586,639,397,347
42_jpg.rf.b7aec5cf8a52f5203e19596081ee332f.jpg,640,640,knife,257,20,403,588,146,568
null_image.jpg,640,640,,,,,,0,0
Gun_2579_jpg.rf.b4b27b1de5f778a505c8c20e42a33e25.jpg,640,640,gun,37,194,325,608,288,414
6_22_4_0009752_jpg.rf.b5fbd8ec21053d99dd536b9821363f3d.jpg,640,640,gun,277,398,338,508,61,110
knife_810_jpg.rf.b711f661a5d5dd3430c4396aa179099b.jpg,640,640,knife,103,507,174,640,71,133
knife_1115_jpg.rf.b84c76dd38c0db316ee3393d48411320.jpg,640,640,knife,106,361,590,640,484,279
135_jpg.rf.b7fd48f422df94126b9e693129fac742.jpg,640,640,knife,357,139,485,442,128,303
RugerSuperRedhawk_jpg.rf.b882dafabc01e9d98854a89bafb49d55.jpg,640,640,gun,8,29,638,609,630,580
knife_165_jpg.rf.b8dc625fc5cc555ba1f618d1f2c9afa8.jpg,640,640,knife,130,6,637,497,507,491
FairGame-BerettaInoxRoofofCarTowedA_jpg.rf.ba2b1fa998fd89efc9700cc8f327afc9.jpg,640,640,gun,244,240,474,495,230,255
knife_1065_jpg.rf.b8c74e1f02c1de299a31c125ccadc0fc.jpg,640,640,knife,145,71,443,468,298,397
knife_1325_jpg.rf.b6db215e0106c28586e63139fbdb7b21.jpg,640,640,knife,93,226,159,342,66,116
knife_144_jpg.rf.b8614bab40c0974a6c70bd5a19130ffc.jpg,640,640,knife,5,166,639,486,634,320
3288_jpg.rf.b639988eec230bc73e6331c380c1e8f5.jpg,640,640,knife,383,220,417,342,34,122
1649338728-1564136_jpg.rf.ba320840c472c24aca0bf5e5c4e694c7.jpg,640,640,knife,385,103,476,560,91,457
gun_3_2_1__0001188_jpg.rf.b7fc19f165bb36ebb01074b079a67fae.jpg,640,640,gun,211,193,333,526,122,333
knife_925_jpg.rf.b6b61043ddce0461d9e4002f8ee06359.jpg,640,640,knife,86,414,148,574,62,160
knife_569_jpg.rf.b8328fecbcdd5efd00df747c73888a90.jpg,640,640,knife,14,186,45,392,31,206
knife_569_jpg.rf.b8328fecbcdd5efd00df747c73888a90.jpg,640,640,knife,600,111,638,331,38,220
batch_218_jpg.rf.b7963774c3d0bbce5fc0a10a8fadf8a7.jpg,640,640,knife,138,187,148,228,10,41
batch_218_jpg.rf.b7963774c3d0bbce5fc0a10a8fadf8a7.jpg,640,640,knife,418,255,430,297,12,42
batch_218_jpg.rf.b7963774c3d0bbce5fc0a10a8fadf8a7.jpg,640,640,knife,152,577,165,615,13,38
batch_218_jpg.rf.b7963774c3d0bbce5fc0a10a8fadf8a7.jpg,640,640,knife,443,549,456,584,13,35
2022-04-21_464_jpg.rf.bbf32d671f93e80f3e347b28ca1b4c52.jpg,640,640,knife,203,502,226,589,23,87
knife_619_jpg.rf.bbeb4aff56a8d81cea9690b2a5b24b77.jpg,640,640,knife,91,235,157,547,66,312
knife_619_jpg.rf.bbeb4aff56a8d81cea9690b2a5b24b77.jpg,640,640,knife,162,113,290,639,128,526
1649338739-8377538_jpg.rf.bba1dd5a49a8a3a4f5e5bdb4c3608078.jpg,640,640,knife,217,0,363,638,146,638
Uzi_Stock_Removed_jpg.rf.bda433b16869062b1b3b3dc8f4a80da9.jpg,640,640,gun,27,18,625,615,598,597
Hell_or_High_Water_2_jpg.rf.bcd8ee21390f8a8a730cdc4e6988699c.jpg,640,640,gun,75,286,502,639,427,353
batch_389_jpg.rf.bc03b06e5ca0088b07da16e460b91f34.jpg,640,640,gun,90,19,104,80,14,61
batch_389_jpg.rf.bc03b06e5ca0088b07da16e460b91f34.jpg,640,640,gun,398,56,446,170,48,114
batch_389_jpg.rf.bc03b06e5ca0088b07da16e460b91f34.jpg,640,640,gun,9,509,61,637,52,128
batch_389_jpg.rf.bc03b06e5ca0088b07da16e460b91f34.jpg,640,640,gun,436,381,477,441,41,60
11_12_1183_jpg.rf.b2e402052c393ebb6034a7149d262759.jpg,640,640,gun,107,52,640,530,533,478
101115108_1653_jpg.rf.bd18592c1a9025d7d48bb69efb001506.jpg,640,640,gun,142,22,416,321,274,299
gun_2_1_1__0011325_jpg.rf.bd4d9001562a148751381168f43c5a21.jpg,640,640,gun,306,353,343,392,37,39
knife_1323_jpg.rf.bbf226d713e18e336f21c6a5c59b106f.jpg,640,640,knife,154,434,198,573,44,139
DefenseKnifeAttack0209_jpg.rf.be92f7942579c3cfb6344a1c098aebf5.jpg,640,640,knife,192,429,280,481,88,52
6_22_2_0001736_jpg.rf.bed012cc472098d43edd8915ec787f06.jpg,640,640,gun,278,129,296,187,18,58
batch_144_jpg.rf.bf9617018fd32b824e762e4ac8f48033.jpg,640,640,gun,111,194,153,308,42,114
batch_144_jpg.rf.bf9617018fd32b824e762e4ac8f48033.jpg,640,640,gun,457,188,504,298,47,110
batch_144_jpg.rf.bf9617018fd32b824e762e4ac8f48033.jpg,640,640,gun,10,424,57,479,47,55
batch_144_jpg.rf.bf9617018fd32b824e762e4ac8f48033.jpg,640,640,gun,462,438,497,531,35,93
39_jpg.rf.beae5e8d40fd4b954c86fb3074411365.jpg,640,640,knife,294,537,368,625,74,88
knife_1083_jpg.rf.c125e16763df1a096b1721fa69bcc224.jpg,640,640,knife,432,279,478,482,46,203
Gun_1765_jpg.rf.c251bb3b0b5fca652886c012f083603c.jpg,640,640,gun,4,0,624,613,620,613
6_22_4_0004164_jpg.rf.bdeb1e566251cf98b942dbc3b24d3bae.jpg,640,640,gun,406,381,443,468,37,87
knife_298_jpg.rf.beb3ba9879befdfc6f29ce07fa869439.jpg,640,640,knife,46,374,308,532,262,158
sharpenKnife099_jpg.rf.c25cfbbef64dfacdb408b418644ce4d1.jpg,640,640,knife,257,133,409,313,152,180
sharpenKnife099_jpg.rf.c25cfbbef64dfacdb408b418644ce4d1.jpg,640,640,knife,123,107,205,316,82,209
Pblank-rifle1_jpg.rf.c1ce7ce2614c72a683dbceacf1375b8a.jpg,640,640,gun,301,186,438,456,137,270
Fat_pistol_1_4_jpg.rf.bf845de2713d601a4568719665008c82.jpg,640,640,gun,342,298,396,407,54,109
22_jpg.rf.c0202e0279d1539b606a31230317203c.jpg,640,640,knife,135,189,468,640,333,451
knife_1133_jpg.rf.c4233900626030e7c167aca7cb8bfd44.jpg,640,640,knife,59,165,302,503,243,338
KravMagaTraining4442_jpg.rf.c480aaa4181611274f4ecc040884c345.jpg,640,640,knife,485,549,554,602,69,53
ToysoldiersMP5K-2_jpg.rf.c20b39b43d1c6dee57016c68d9c703e2.jpg,640,640,gun,197,157,617,415,420,258
11_12_2353_jpg.rf.bf25b6dbdd0e52cedd45b1af2f203bb0.jpg,640,640,gun,0,5,624,608,624,603
KravMagaTraining20715_jpg.rf.c03b68d617ba689b87427386df8dd8d2.jpg,640,640,knife,184,509,281,566,97,57
11_12_2620_jpg.rf.c18b899b5c925d552cb46f3484b31a08.jpg,640,640,gun,122,183,225,406,103,223
Ogf-police-2_jpg.rf.bfe3fb36d07c30158f6a44bc15f7c9c6.jpg,640,640,gun,294,125,408,410,114,285
Belly_of_the_Beast-M1911-1_jpg.rf.c0e3180b6cb24e09600b486f2cbc1211.jpg,640,640,gun,367,97,453,274,86,177
166_jpg.rf.c2e89a5005378b696cb8bfded88c1698.jpg,640,640,knife,254,100,478,291,224,191
Bugsy-cds1_jpg.rf.c476d03466162e176a83b6515c93055a.jpg,640,640,gun,347,72,536,635,189,563
TaurusModel689_jpg.rf.c44b7559c53cfef4f9ce8a50b72ba66f.jpg,640,640,gun,7,14,626,600,619,586
batch_137_jpg.rf.bf6da142ff7297f32f516b9e605e4ee4.jpg,640,640,knife,127,116,136,148,9,32
batch_137_jpg.rf.bf6da142ff7297f32f516b9e605e4ee4.jpg,640,640,knife,479,292,501,319,22,27
batch_137_jpg.rf.bf6da142ff7297f32f516b9e605e4ee4.jpg,640,640,knife,8,452,161,593,153,141
batch_137_jpg.rf.bf6da142ff7297f32f516b9e605e4ee4.jpg,640,640,knife,328,452,481,594,153,142
6_22_4_0011336_jpg.rf.c492a090278ec866f7eb2c5c7f0c1673.jpg,640,640,gun,342,229,378,398,36,169
knife_45_jpg.rf.c4816ffc9e7e73bc51647e3aeaaa18cb.jpg,640,640,knife,39,19,483,605,444,586
6_22_1_0001056_jpg.rf.c2ed89d05a6a6701356be5de1ef7b4f4.jpg,640,640,gun,190,36,312,323,122,287
null_image.jpg,640,640,,,,,,0,0
6_22_3_0001708_jpg.rf.c4b687c3574dee7a27f7ea898e92e0e4.jpg,640,640,gun,166,87,285,211,119,124
26_jpg.rf.c571b599b79ee9ca669a0a33def294af.jpg,640,640,knife,239,428,270,512,31,84
BOJangsari_TT33_1_jpg.rf.c5e92048dc2c6c1ba02ec84f18d3a9a0.jpg,640,640,gun,138,137,355,514,217,377
RDSW659-3_jpg.rf.c71645c6064e7d87c2a6df51736ddff0.jpg,640,640,gun,166,313,291,639,125,326
null_image.jpg,640,640,,,,,,0,0
gun_2_1_1__0003410_jpg.rf.c8e575f54ad3384b9d43b2f908afc294.jpg,640,640,gun,250,281,273,320,23,39
Gun_57_jpg.rf.c78f01d9844124a97cc5f56f0c36fb14.jpg,640,640,gun,35,61,589,599,554,538
KravMagaTraining619_jpg.rf.c705db337ac9e0238cc1fa152d117a2e.jpg,640,640,knife,540,204,594,333,54,129
S-W-Model-27-2_jpg.rf.c8ff580090bfd99c5306274b52ca1795.jpg,640,640,gun,8,6,629,635,621,629
6_22_2_0000948_jpg.rf.c82c408b18c942a56652c81e1cb1ab8f.jpg,640,640,gun,313,81,360,161,47,80
102462156_1446_jpg.rf.c77395a32f344e14c43580df632b196c.jpg,640,640,gun,176,329,287,531,111,202
gun_2_1_1__0010820_jpg.rf.ca44a0e095ddeaf70d32133e53b6943a.jpg,640,640,gun,111,288,139,337,28,49
MD_Sully_SAW_2_jpg.rf.cbb1ffe15903f22ed85b4616351b659a.jpg,640,640,gun,114,57,458,260,344,203
null_image.jpg,640,640,,,,,,0,0
batch_338_jpg.rf.cd28c79eb074664744ccfc42ffc282de.jpg,640,640,knife,159,101,313,195,154,94
batch_338_jpg.rf.cd28c79eb074664744ccfc42ffc282de.jpg,640,640,knife,392,184,422,298,30,114
batch_338_jpg.rf.cd28c79eb074664744ccfc42ffc282de.jpg,640,640,knife,73,464,107,571,34,107
batch_338_jpg.rf.cd28c79eb074664744ccfc42ffc282de.jpg,640,640,knife,393,464,427,571,34,107
DSC_00251_JPG_jpg.rf.c8dc43adae2dbdd2a69529439ef59a6d.jpg,640,640,knife,288,302,359,359,71,57
knife_1052_jpg.rf.c9b1dd521c958bc0a63f0668bbe15cde.jpg,640,640,knife,477,246,528,465,51,219
Original_L1A1_SLR_jpg.rf.cb78db3f7c733b22ff3d5d49ab5daff1.jpg,640,640,gun,5,39,633,597,628,558
knife_100_jpg.rf.cdd6f23bc48d09490dee37b68821c01f.jpg,640,640,knife,11,91,455,489,444,398
7_7_asd_00138608_jpg.rf.cb0cd48f1ee9e2bd3bd05719582cca7e.jpg,640,640,gun,423,308,447,334,24,26
2022-04-15_75_jpg.rf.ce51c31279f213a4ecbd8f26a3cbeab3.jpg,640,640,knife,340,283,355,331,15,48
batch_118_jpg.rf.cf17e4ea79188d2062ec639bc2e29340.jpg,640,640,gun,161,189,178,209,17,20
batch_118_jpg.rf.cf17e4ea79188d2062ec639bc2e29340.jpg,640,640,gun,444,206,465,226,21,20
batch_118_jpg.rf.cf17e4ea79188d2062ec639bc2e29340.jpg,640,640,gun,151,458,167,480,16,22
batch_118_jpg.rf.cf17e4ea79188d2062ec639bc2e29340.jpg,640,640,gun,449,458,459,480,10,22
34_jpg.rf.cd7bc99f97628b585e01faacce15ff5e.jpg,640,640,knife,308,443,343,546,35,103
knife_1148_jpg.rf.c9be215d912bb4696ddd7de34470691f.jpg,640,640,knife,474,246,517,448,43,202
KravMagaTraining21304_jpg.rf.cadc5f9cedb7ea2dd6f17dc870a28bcf.jpg,640,640,knife,338,449,410,502,72,53
89_jpg.rf.cf2c2dfac559a5307b00b537536d7f9c.jpg,640,640,knife,312,468,357,511,45,43
18_jpg.rf.cadbfccc9ae69d41eb9b266c09c9a6d1.jpg,640,640,knife,189,517,240,621,51,104
6_22_4_0004556_jpg.rf.cd379f7cad01c1851234f0c9f97144db.jpg,640,640,gun,405,374,434,482,29,108
batch_383_jpg.rf.cf29696439ed9bc5483c8424e39f76df.jpg,640,640,gun,113,136,140,236,27,100
batch_383_jpg.rf.cf29696439ed9bc5483c8424e39f76df.jpg,640,640,gun,445,174,466,255,21,81
batch_383_jpg.rf.cf29696439ed9bc5483c8424e39f76df.jpg,640,640,gun,107,489,138,568,31,79
batch_383_jpg.rf.cf29696439ed9bc5483c8424e39f76df.jpg,640,640,gun,443,497,468,576,25,79
11_12_588_jpg.rf.ce143d7aac1ae17ecc53a31614d78899.jpg,640,640,gun,32,60,406,488,374,428
knife_439_jpg.rf.d0338ca23fe8f97497b06a9fce6b654b.jpg,640,640,knife,0,441,288,638,288,197
1011193036_1335_jpg.rf.cad2c1a3a5ab0f9c6efdf2456257b550.jpg,640,640,gun,49,153,371,513,322,360
KravMagaTraining4117_jpg.rf.cfadd8cdc68111065e1f25d0b736a337.jpg,640,640,knife,88,365,236,461,148,96
gun_3_2_1__0002628_jpg.rf.cbc04d0f7c1542cc4a4420b0240ba1e3.jpg,640,640,gun,308,319,380,524,72,205
knife_233_jpg.rf.ce34cf87eae43551b75f9ce4923592ca.jpg,640,640,knife,0,9,600,626,600,617
6_22_3_0000676_jpg.rf.cf0ca958540ff043d803fae7e35b6df5.jpg,640,640,gun,261,92,286,198,25,106
Mateba_Unica_four_inch_jpg.rf.cfabc4fc7e45054f2ca4cefeacd04125.jpg,640,640,gun,6,13,634,631,628,618
batch_40_jpg.rf.d083c576c8cf66569711b7eab35f2df5.jpg,640,640,gun,1,4,311,313,310,309
batch_40_jpg.rf.d083c576c8cf66569711b7eab35f2df5.jpg,640,640,gun,396,67,609,296,213,229
batch_40_jpg.rf.d083c576c8cf66569711b7eab35f2df5.jpg,640,640,gun,7,321,313,628,306,307
batch_40_jpg.rf.d083c576c8cf66569711b7eab35f2df5.jpg,640,640,gun,449,527,476,601,27,74
KravMagaTraining20402_jpg.rf.cec54b45ada0bb059dbd4e63a5a77dd3.jpg,640,640,knife,118,241,157,340,39,99
knife_528_jpg.rf.cf6508adf2838343ad59e261d42f925b.jpg,640,640,knife,94,0,459,478,365,478
knife_294_jpg.rf.cab89708fce4f39c8777d71ee2763b3d.jpg,640,640,knife,3,260,622,618,619,358
DefenseKnifeAttack0177_jpg.rf.d058f3b8796c23491f067b074e0fee7e.jpg,640,640,knife,153,359,239,467,86,108
316_jpg.rf.c7fbdfb81d37d661ea3d09136d582be6.jpg,640,640,knife,337,0,426,502,89,502
null_image.jpg,640,640,,,,,,0,0
261_jpg.rf.d3fa48f4cf10573d4e31a98ea4da4c24.jpg,640,640,knife,335,23,434,329,99,306
Majestyk_s-w_10_4_jpg.rf.d18c75ea5f2aa2fd01a416cfcdb03930.jpg,640,640,gun,30,150,125,268,95,118
143_jpg.rf.d38e099d1f9d45d419c5b4e40e48548c.jpg,640,640,knife,11,235,382,480,371,245
batch_163_jpg.rf.d14cd18d173901ad1248098c8c766e89.jpg,640,640,gun,207,143,262,319,55,176
batch_163_jpg.rf.d14cd18d173901ad1248098c8c766e89.jpg,640,640,gun,576,107,621,244,45,137
batch_163_jpg.rf.d14cd18d173901ad1248098c8c766e89.jpg,640,640,gun,164,441,187,492,23,51
batch_163_jpg.rf.d14cd18d173901ad1248098c8c766e89.jpg,640,640,gun,565,465,633,577,68,112
RideAlong25_jpg.rf.d235f57c2cb0610354a753218f18cb25.jpg,640,640,gun,307,288,386,487,79,199
AGM_20_jpg.rf.d505e33dd11c7947c998c997a4c2b234.jpg,640,640,gun,0,280,306,639,306,359
FC-G17-7_jpg.rf.d2d5dd552ed41281a67b75a1e03bb080.jpg,640,640,gun,457,89,570,484,113,395
knife_922_jpg.rf.d3d4aea1c95a0a6d95bd992f6ebe5cbc.jpg,640,640,knife,63,427,134,640,71,213
1649338714-4859571_jpg.rf.d638d2687db9694ddbc21faed4074637.jpg,640,640,knife,215,272,454,388,239,116
KravMagaKnifeDefenseTechniques249_jpg.rf.d762c8ca4bc9f28e8294994436b908b8.jpg,640,640,knife,358,163,434,215,76,52
knife_249_jpg.rf.d4594015f246093f85d6e45ee11200ab.jpg,640,640,knife,250,90,336,639,86,549
knife_8_jpg.rf.d539e72e983c97cc94d1c7ab119b39f8.jpg,640,640,knife,139,88,298,565,159,477
gun_2_1_1__0002825_jpg.rf.d5cd7fdc2de461932a97bef33f977478.jpg,640,640,gun,357,390,393,418,36,28
Operationcondor31_jpg.rf.d4319734d0d690145c656e11a2491d25.jpg,640,640,gun,375,231,452,397,77,166
Operationcondor31_jpg.rf.d4319734d0d690145c656e11a2491d25.jpg,640,640,gun,188,329,247,490,59,161
HerbieMC-PPK1_jpg.rf.d8d9b9f978da738f0e1567221139b69d.jpg,640,640,gun,430,431,534,551,104,120
10250498_914_jpg.rf.d30e1584c21c7a7bfe12c36e20e57425.jpg,640,640,gun,268,128,580,593,312,465
Beast_must_die16_jpg.rf.d825577ad28ce49a70d38e5e584d8a65.jpg,640,640,gun,294,332,390,556,96,224
KravMagaTraining340_jpg.rf.d583ccaa6b4561ba44a147b8ebe2f5ba.jpg,640,640,knife,329,295,369,420,40,125
Etat_de_siege-Pistol-11_jpg.rf.d35691d556cec07329c7bdcd5ea7f1f7.jpg,640,640,gun,292,331,421,537,129,206
6_22_2_0001808_jpg.rf.d959c8003f4ac247a74db4207ca15cfb.jpg,640,640,gun,275,188,294,248,19,60
knife_343_jpg.rf.d97afe3ce7df4d3092d76d56d4bf133c.jpg,640,640,knife,23,391,550,611,527,220
batch_12_jpg.rf.d55e762849b23127b8e33cded70ed6eb.jpg,640,640,gun,236,44,315,200,79,156
batch_12_jpg.rf.d55e762849b23127b8e33cded70ed6eb.jpg,640,640,gun,470,96,621,246,151,150
batch_12_jpg.rf.d55e762849b23127b8e33cded70ed6eb.jpg,640,640,gun,179,427,209,470,30,43
batch_12_jpg.rf.d55e762849b23127b8e33cded70ed6eb.jpg,640,640,gun,336,472,505,632,169,160
2022-04-15_106_jpg.rf.d98a9b1725e79ad40e6ecda3f628ace0.jpg,640,640,knife,251,440,275,472,24,32
DefenseKnifeAttack0734_jpg.rf.d6136ad803b88ca275a48549b4314acf.jpg,640,640,knife,234,512,329,564,95,52
6_22_1_0003876_jpg.rf.d9d57cd699a599160382f936f74adbc6.jpg,640,640,gun,274,37,348,325,74,288
KravMagaTraining748_jpg.rf.d92400a1ebcd469e34a3f832188fe33d.jpg,640,640,knife,419,125,499,233,80,108
KnifeDefenseKrav030_jpg.rf.d7e90ad8d68f370501d5ec1bd8dd6aae.jpg,640,640,knife,279,23,353,94,74,71
Bayker_Walther_3_jpg.rf.d889618353fa298fc78e527af00372e9.jpg,640,640,gun,267,190,478,476,211,286
52_jpg.rf.d9f8d9f9cdb5c08b7ad0b4a77af7d929.jpg,640,640,knife,254,442,320,539,66,97
knife_1123_jpg.rf.d9df25585e81ec0d6a7cd5d6bff13c90.jpg,640,640,knife,197,311,288,445,91,134
Krushenie_emirata-MauserC96-3_jpg.rf.da4be2a7a9000484bc83785f73f966b5.jpg,640,640,gun,454,96,578,188,124,92
Krushenie_emirata-MauserC96-3_jpg.rf.da4be2a7a9000484bc83785f73f966b5.jpg,640,640,gun,124,156,221,257,97,101
knife_532_jpg.rf.db7c9f10a542b48dff605e083cfe73ca.jpg,640,640,knife,188,59,415,439,227,380
104_jpg.rf.dc0a42f3a68fec47be1a148c1e6ec835.jpg,640,640,knife,311,536,338,630,27,94
JW3_375_jpg.rf.db9cef9fa376cd5a71da53dfabd27910.jpg,640,640,gun,248,282,502,525,254,243
JW3_375_jpg.rf.db9cef9fa376cd5a71da53dfabd27910.jpg,640,640,gun,8,281,234,513,226,232
6_22_3_0003672_jpg.rf.dc06ad2f201038b56cb0eb8881cc9266.jpg,640,640,gun,259,175,359,238,100,63
null_image.jpg,640,640,,,,,,0,0
batch_353_jpg.rf.d9e54ab5574733fb23720b15c8857b58.jpg,640,640,knife,101,107,152,192,51,85
batch_353_jpg.rf.d9e54ab5574733fb23720b15c8857b58.jpg,640,640,knife,465,2,523,280,58,278
batch_353_jpg.rf.d9e54ab5574733fb23720b15c8857b58.jpg,640,640,knife,129,456,244,575,115,119
batch_353_jpg.rf.d9e54ab5574733fb23720b15c8857b58.jpg,640,640,knife,440,519,485,579,45,60
Tequila_422_jpg.rf.dcbafb63de36fff831790a7390a6fedf.jpg,640,640,gun,236,204,569,626,333,422
6_22_1_0004676_jpg.rf.dcf436a9dd616dfb2bdc6139eaf9dbd4.jpg,640,640,gun,109,71,202,341,93,270
102418057_4872_jpg.rf.db1073a1d8cd9ee2ec22d243ebd87a55.jpg,640,640,gun,402,236,558,437,156,201
7_jpg.rf.dee3c0c651152d41fd30ebf75781b765.jpg,640,640,knife,245,409,459,583,214,174
INCPT-92FS_jpg.rf.db4accad1f57c7162c0ee2cb2a609690.jpg,640,640,gun,220,237,296,381,76,144
knife_715_jpg.rf.d45d2cfe488dd4a5219d1ed341582a48.jpg,640,640,knife,297,160,393,483,96,323
gun_3_3_1__0003404_jpg.rf.df14d382854cb724b9260b1a7c9b2d0d.jpg,640,640,gun,257,395,316,568,59,173
knife_167_jpg.rf.db7cc1dc92dd65103b85ea9841f37d6a.jpg,640,640,knife,6,11,483,629,477,618
gun_4m_static_0000672_jpg.rf.dc22d8a0c751adf7b2bc00b14bece021.jpg,640,640,gun,112,99,161,236,49,137
null_image.jpg,640,640,,,,,,0,0
BSBeretta92FS-7_jpg.rf.def0a8f769113a30298445768d854b71.jpg,640,640,gun,170,268,300,443,130,175
3DaystoKillBeretta-X_jpg.rf.de44613fc82bda32a811a9716f00d790.jpg,640,640,gun,471,255,507,406,36,151
gun_3_2_1__0001180_jpg.rf.e0681483893ab386f554352db769ce98.jpg,640,640,gun,215,174,335,537,120,363
208_jpg.rf.ddeb53d3823d333b633ad6481a2a8a9f.jpg,640,640,knife,258,528,337,575,79,47
KravMagaTraining21026_jpg.rf.e082d11257ac16fc1be0f430c0a88464.jpg,640,640,knife,228,485,320,548,92,63
119_jpg.rf.e1d3130626abfe168a38ad5a53aad321.jpg,640,640,knife,280,359,306,463,26,104
151_jpg.rf.e25684803104152bb7040686dc0fa704.jpg,640,640,knife,309,328,351,439,42,111
batch_50_jpg.rf.e31c48237bbd66bf3d08e23a2869f618.jpg,640,640,gun,13,4,305,316,292,312
batch_50_jpg.rf.e31c48237bbd66bf3d08e23a2869f618.jpg,640,640,gun,325,1,637,305,312,304
batch_50_jpg.rf.e31c48237bbd66bf3d08e23a2869f618.jpg,640,640,gun,0,319,313,636,313,317
batch_50_jpg.rf.e31c48237bbd66bf3d08e23a2869f618.jpg,640,640,gun,412,454,434,515,22,61
batch_50_jpg.rf.e31c48237bbd66bf3d08e23a2869f618.jpg,640,640,gun,585,418,624,466,39,48
K2B_006_jpg.rf.e278221b1131f38a54c5efe462741994.jpg,640,640,gun,426,286,498,406,72,120
Dhoom_3_pistol_1_4_jpg.rf.e09630de1e8ae615f709d86343ecc547.jpg,640,640,gun,0,173,231,625,231,452
Dhoom_3_pistol_1_4_jpg.rf.e09630de1e8ae615f709d86343ecc547.jpg,640,640,gun,226,194,269,293,43,99
Dhoom_3_pistol_1_4_jpg.rf.e09630de1e8ae615f709d86343ecc547.jpg,640,640,gun,356,160,418,282,62,122
sharpenKnife043_jpg.rf.e0f92cf73567fafe7b0286b09038ee95.jpg,640,640,knife,232,466,382,551,150,85
knife_1036_jpg.rf.e4566d499ccd2831b895b6a74ad68635.jpg,640,640,knife,280,145,362,229,82,84
knife_1319_jpg.rf.e2d9780a849385823de0faaba66374de.jpg,640,640,knife,305,332,343,477,38,145
knife_1164_jpg.rf.e26eab646d42bbf0fc3ca524ec8e6cd7.jpg,640,640,knife,350,236,454,317,104,81
282_jpg.rf.e26f8cd48e6c4c9ddf9c55d37bd39a25.jpg,640,640,knife,180,251,420,431,240,180
102524813_2574_jpg.rf.e57e2de0d4e60f24e2cb20ba26858852.jpg,640,640,gun,127,333,201,475,74,142
214_jpg.rf.e56603a2da2ed09821824553e552b26d.jpg,640,640,knife,194,188,449,302,255,114
knife_1028_jpg.rf.e5147642ffeaaff03acbde0fcb70c0d0.jpg,640,640,knife,303,355,345,480,42,125
knife_213_jpg.rf.e5a798f943d41324d415600fdd6b1dbd.jpg,640,640,knife,141,60,508,510,367,450
102420310_4778_jpg.rf.e46f65f4b6c9fed783f389cae2c8454d.jpg,640,640,gun,114,316,410,639,296,323
knife20_jpg.rf.e300cd0773e1178a94b41446c3dd6443.jpg,640,640,knife,12,123,403,582,391,459
gun_3_2_1__0001412_jpg.rf.e1bac63973f120c191d94a57fd57279e.jpg,640,640,gun,244,245,320,576,76,331
Columbine-HiPointCarbine_jpg.rf.e5e936693146dadfe53b44153ac041a9.jpg,640,640,gun,13,177,616,486,603,309
null_image.jpg,640,640,,,,,,0,0
knife_1096_jpg.rf.e535653d38d23a984397aeca51383a51.jpg,640,640,knife,104,141,324,460,220,319
batch_251_jpg.rf.e6cfd16bd2ad3aae222405fd909546a5.jpg,640,640,gun,105,106,140,155,35,49
batch_251_jpg.rf.e6cfd16bd2ad3aae222405fd909546a5.jpg,640,640,gun,585,184,617,255,32,71
batch_251_jpg.rf.e6cfd16bd2ad3aae222405fd909546a5.jpg,640,640,gun,212,408,240,473,28,65
batch_251_jpg.rf.e6cfd16bd2ad3aae222405fd909546a5.jpg,640,640,gun,503,420,545,489,42,69
gun_3_1_1__0001308_jpg.rf.e601ae65d69f690727504f708ffe9fd7.jpg,640,640,gun,279,222,340,449,61,227
131_jpg.rf.de21b284f5763f4b81338243daaf659d.jpg,640,640,knife,296,306,319,428,23,122
7_7_asd_00134582_jpg.rf.e879f9f2d8d036d4531b702193aca794.jpg,640,640,gun,286,358,328,430,42,72
1649338748-1466312_jpg.rf.e47961f2bdd0b72fe31893be11dd131f.jpg,640,640,knife,238,26,297,608,59,582
knife_956_jpg.rf.e452e5a3134341fe76485ee997e0f17c.jpg,640,640,knife,58,478,130,639,72,161
Musterknaben-1911-01_jpg.rf.e6a5f7cb0a6c317d75d648ec6bd59140.jpg,640,640,gun,289,377,454,591,165,214
batch_417_jpg.rf.ebb10bb5070ab18c4ba8bed9936b2208.jpg,640,640,gun,57,3,258,215,201,212
batch_417_jpg.rf.ebb10bb5070ab18c4ba8bed9936b2208.jpg,640,640,gun,322,12,637,303,315,291
batch_417_jpg.rf.ebb10bb5070ab18c4ba8bed9936b2208.jpg,640,640,gun,172,479,209,588,37,109
batch_417_jpg.rf.ebb10bb5070ab18c4ba8bed9936b2208.jpg,640,640,gun,506,422,579,555,73,133
OSS117LIR_PP_01_jpg.rf.eb4a50b3a908c51314dd853da334826e.jpg,640,640,gun,291,399,345,508,54,109
RJ-02496_jpg.rf.e8e55d24705d695a8f2028c50c97d36b.jpg,640,640,gun,270,227,421,576,151,349
batch_248_jpg.rf.eae5de8eaccc3cc0d4b8220763733b95.jpg,640,640,gun,13,17,307,300,294,283
batch_248_jpg.rf.eae5de8eaccc3cc0d4b8220763733b95.jpg,640,640,gun,432,25,446,67,14,42
batch_248_jpg.rf.eae5de8eaccc3cc0d4b8220763733b95.jpg,640,640,gun,161,359,180,395,19,36
batch_248_jpg.rf.eae5de8eaccc3cc0d4b8220763733b95.jpg,640,640,gun,483,374,503,409,20,35
430_jpg.rf.e787f038d4a1e108770e0dd065063c19.jpg,640,640,knife,169,299,309,468,140,169
knife_786_jpg.rf.e7fbaab63b86009452ffa895472489ac.jpg,640,640,knife,350,187,429,545,79,358
BlueCaprice_SS_S01_jpg.rf.e8848a9b96a923cbffbfb15e0ea71a5b.jpg,640,640,gun,246,369,462,541,216,172
BlueCaprice_SS_S01_jpg.rf.e8848a9b96a923cbffbfb15e0ea71a5b.jpg,640,640,gun,290,536,486,637,196,101
67_jpg.rf.e9fa11bfe2579b50a97f5937a606d8ad.jpg,640,640,knife,212,34,434,535,222,501
knife_141_jpg.rf.e9faf3e0d8ec5db58c2b51ced8d65d3f.jpg,640,640,knife,107,215,577,404,470,189
gun_2_1_1__0003915_jpg.rf.eb6b8cf362022b140e439ce9ec5bc140.jpg,640,640,gun,321,355,360,419,39,64
batch_78_jpg.rf.e89ed06c30d3bd62be9768e9744533f2.jpg,640,640,knife,121,212,136,248,15,36
batch_78_jpg.rf.e89ed06c30d3bd62be9768e9744533f2.jpg,640,640,knife,440,206,454,244,14,38
batch_78_jpg.rf.e89ed06c30d3bd62be9768e9744533f2.jpg,640,640,knife,165,472,199,510,34,38
batch_78_jpg.rf.e89ed06c30d3bd62be9768e9744533f2.jpg,640,640,knife,444,525,456,557,12,32
BellflowerColt5_jpg.rf.e7a9d1c09d7ba96cab924744b5d334a7.jpg,640,640,gun,169,199,497,511,328,312
10219558_3825_jpg.rf.eaa9351947de68353238f56ba9de5c42.jpg,640,640,gun,13,85,137,303,124,218
knife_1018_jpg.rf.ea83733025a7150904247f8c5761845f.jpg,640,640,knife,306,360,343,474,37,114
6_22_4_0001280_jpg.rf.ebf0d4ea36c44451118f61c8c5ff126c.jpg,640,640,gun,240,167,285,270,45,103
Dhoom_2_pistol_5_3_jpg.rf.ec1e3338287ec78eb23d6c2d8de75000.jpg,640,640,gun,202,437,275,626,73,189
56_jpg.rf.e9cd6359babb31e4cf7f679de73f9ef7.jpg,640,640,knife,223,305,251,383,28,78
11_12_305_jpg.rf.ed84cfb9736ab6cf7a435c68c9155ec6.jpg,640,640,gun,28,102,612,566,584,464
batch_171_jpg.rf.ed4db9126da84d3dc4e2eaae50172d44.jpg,640,640,knife,85,208,208,314,123,106
batch_171_jpg.rf.ed4db9126da84d3dc4e2eaae50172d44.jpg,640,640,knife,411,2,533,271,122,269
batch_171_jpg.rf.ed4db9126da84d3dc4e2eaae50172d44.jpg,640,640,knife,147,536,173,582,26,46
batch_171_jpg.rf.ed4db9126da84d3dc4e2eaae50172d44.jpg,640,640,knife,505,568,538,592,33,24
111322649_0_jpg.rf.ed5ade38ff14429bf95d9b9fec2d99e6.jpg,640,640,gun,181,382,251,478,70,96
batch_321_jpg.rf.ec65c1044e3e4dd7803bde103fd6e53e.jpg,640,640,gun,186,140,202,165,16,25
batch_321_jpg.rf.ec65c1044e3e4dd7803bde103fd6e53e.jpg,640,640,gun,461,138,477,160,16,22
batch_321_jpg.rf.ec65c1044e3e4dd7803bde103fd6e53e.jpg,640,640,gun,142,459,157,479,15,20
batch_321_jpg.rf.ec65c1044e3e4dd7803bde103fd6e53e.jpg,640,640,gun,417,460,430,485,13,25
knife_295_jpg.rf.ed5cf499046b93ab28f4c8af1dcc6467.jpg,640,640,knife,280,69,540,403,260,334
DSC_0043_JPG_jpg.rf.e89f003f97a568a98615b1914e45fe0f.jpg,640,640,knife,37,435,125,470,88,35
DSC_0043_JPG_jpg.rf.e89f003f97a568a98615b1914e45fe0f.jpg,640,640,knife,367,434,419,488,52,54
102312835_3723_jpg.rf.ee8850de983597a95fbf26ba8c1b9f8c.jpg,640,640,gun,340,211,371,293,31,82
Le_gitan-Hi-Power-10_jpg.rf.ef0819daed30cd53e86f491181ca3268.jpg,640,640,gun,80,211,203,405,123,194
knife_507_jpg.rf.ede3745f1154cad59bed2043a8c9d7b2.jpg,640,640,knife,203,254,391,398,188,144
batch_187_jpg.rf.efc5dd5791946b874a8f4a67b6123914.jpg,640,640,gun,0,3,219,318,219,315
batch_187_jpg.rf.efc5dd5791946b874a8f4a67b6123914.jpg,640,640,gun,404,90,562,221,158,131
batch_187_jpg.rf.efc5dd5791946b874a8f4a67b6123914.jpg,640,640,gun,82,350,244,486,162,136
batch_187_jpg.rf.efc5dd5791946b874a8f4a67b6123914.jpg,640,640,gun,427,362,570,547,143,185
knife_717_jpg.rf.efa5db1a2dbf2b87f687ba88434dbfc2.jpg,640,640,knife,325,205,476,360,151,155
batch_378_jpg.rf.ed6061aeaa287fd982e270d346e4fa76.jpg,640,640,gun,102,162,135,208,33,46
batch_378_jpg.rf.ed6061aeaa287fd982e270d346e4fa76.jpg,640,640,gun,468,153,481,199,13,46
batch_378_jpg.rf.ed6061aeaa287fd982e270d346e4fa76.jpg,640,640,gun,149,474,159,515,10,41
batch_378_jpg.rf.ed6061aeaa287fd982e270d346e4fa76.jpg,640,640,gun,471,481,484,545,13,64
KravMagaTraining20357_jpg.rf.ebd36d12acdbcaca88c918f19d85028a.jpg,640,640,knife,423,312,509,358,86,46
gun_2_1_1__0014010_jpg.rf.edfefeb55a03910218e6178d8fd19777.jpg,640,640,gun,230,425,289,480,59,55
gun_2_1_1__0008850_jpg.rf.f0138ab6c7c79f46d16ee174b1a60713.jpg,640,640,gun,311,261,356,339,45,78
DefenseKnifeAttack1290_jpg.rf.f00b307980c4f634fc69719336d61312.jpg,640,640,knife,370,378,419,577,49,199
batch_374_jpg.rf.f2b550c98b8cd6fe5d3f4e94de23f1f4.jpg,640,640,knife,86,130,150,202,64,72
batch_374_jpg.rf.f2b550c98b8cd6fe5d3f4e94de23f1f4.jpg,640,640,knife,454,109,558,193,104,84
batch_374_jpg.rf.f2b550c98b8cd6fe5d3f4e94de23f1f4.jpg,640,640,knife,97,526,140,629,43,103
batch_374_jpg.rf.f2b550c98b8cd6fe5d3f4e94de23f1f4.jpg,640,640,knife,424,510,458,629,34,119
RusoClases461_jpg.rf.f2c7bfde18b28979c330578737817b38.jpg,640,640,knife,524,372,595,539,71,167
gun_2_1_1__0012825_jpg.rf.f1b1772761db3bb1fadf0664dd6d71b8.jpg,640,640,gun,413,371,458,416,45,45
null_image.jpg,640,640,,,,,,0,0
KravMagaTraining376_jpg.rf.f0e8a3db23d40c6ec8a17f9755808172.jpg,640,640,knife,193,66,229,190,36,124
DefenseKnifeAttack0451_jpg.rf.f01dba1337b85747ff74b58ee0058006.jpg,640,640,knife,135,493,200,619,65,126
00001040_jpg.rf.ef076910e9738079e4e16d21a39d2248.jpg,640,640,gun,18,33,616,628,598,595
7_7_asd_00131794_jpg.rf.f288a3e8e261525eea6ac031d94549fe.jpg,640,640,gun,251,215,332,326,81,111
7_7_asd_00131794_jpg.rf.f288a3e8e261525eea6ac031d94549fe.jpg,640,640,gun,93,264,133,335,40,71
J_Hrcka-MN-R-Z-1_jpg.rf.f468a17d0565be9c4c3a1102d9f09ac6.jpg,640,640,gun,335,402,640,589,305,187
TGitT-03_jpg.rf.f4d9e3bfaa3ea4e22f989ee1ca2ecc28.jpg,640,640,gun,136,223,296,586,160,363
KaDG19_2_jpg.rf.f389d2945b83f0d80c492d518987f00c.jpg,640,640,gun,345,118,389,220,44,102
Gun_2290_jpg.rf.f2b7ec7f27326d58981e87e9aa8f87a1.jpg,640,640,gun,382,232,471,310,89,78
Non-Gun-Shotgun-Pistol-Grip-Black_jpg.rf.f3d09725fb0e1a37922082bacfda524e.jpg,640,640,gun,2,15,634,615,632,600
DefenseKnifeAttack0202_jpg.rf.f73e241f8aa18962253739c59bfc5336.jpg,640,640,knife,197,431,288,489,91,58
KravMagaKnifeDefenseTechniques239_jpg.rf.f6734864e7f140b4df395eb1f4b77e47.jpg,640,640,knife,197,299,286,399,89,100
Kandahar-AIM_jpg.rf.f63c819f3e6a8bb82998f92488e0057a.jpg,640,640,gun,432,176,473,614,41,438
1365835_05__01439_jpg.rf.f7d9997427d5d3937dd1503e47d1142f.jpg,640,640,gun,340,222,385,348,45,126
1649338744-1478531_jpg.rf.f3215e5699faf9ec4e3335f814328771.jpg,640,640,knife,222,26,300,591,78,565
Napoli_si_ribella-P38-1_jpg.rf.f452ef91e3b1b1923e5dccd4bf8d9ac0.jpg,640,640,gun,20,340,571,638,551,298
DSC_0063_JPG_jpg.rf.f6d2ddaf5cb0ed984d89b1f5b95556fa.jpg,640,640,knife,227,484,280,594,53,110
Gun_2656_jpg.rf.f787bb28282df42542a252c7003d6413.jpg,640,640,gun,391,121,610,618,219,497
gun_3_3_1__0002872_jpg.rf.f3a27fbbf7034c389531b92d81792bdf.jpg,640,640,gun,341,369,409,576,68,207
knife_171_jpg.rf.f4cf292bd6b1d4dd510287e5b581e0a0.jpg,640,640,knife,227,298,543,394,316,96
knife_486_jpg.rf.f460d0c0a3af312d22a4a49c78d65e76.jpg,640,640,knife,236,297,605,627,369,330
The_Hunt_For_Eagle_One_1911_-2-_jpg.rf.f6d53f1520af4c3424ff7c98869ad3c8.jpg,640,640,gun,355,31,479,320,124,289
3000grace_1911-3_jpg.rf.f72ca98320365072cb615b458d31e2f5.jpg,640,640,gun,187,267,288,541,101,274
Miami_Supercops-Revolver2-2_jpg.rf.f891de35dba4e0e1fe92d2e7d02b1c5c.jpg,640,640,gun,91,318,192,448,101,130
102418188_6052_jpg.rf.f8e7c42d3e77d60e87b388db9e4a17b1.jpg,640,640,gun,351,91,639,452,288,361
Gun_940_jpg.rf.f906dc8c9201521857db4f408247034e.jpg,640,640,gun,6,12,556,606,550,594
KravMagaKnifeDefenseTechniques365_jpg.rf.f89b3df5cc5066db0d6c0e3ec5e80a2d.jpg,640,640,knife,413,201,499,315,86,114
6_22_1_0000448_jpg.rf.f88f95ca534a43e917b1ada32fea9505.jpg,640,640,gun,274,39,372,293,98,254
63_jpg.rf.f861cb230d5c4b1066d58378476562b0.jpg,640,640,knife,288,352,462,520,174,168
1649338747-146951_jpg.rf.f938de50ff9df1ae2ee5d4f559bbfb3b.jpg,640,640,knife,222,62,291,616,69,554
gun_3_1_1__0003116_jpg.rf.f984383930b7ee936e6e3f32d65140a1.jpg,640,640,gun,207,311,296,576,89,265
knife_775_jpg.rf.fbd23b5581cea288854db0a2e03984b2.jpg,640,640,knife,371,111,455,420,84,309
gun1_7m_run_0000344_jpg.rf.f504e67e9768f2e15a1b4b6461d8a03c.jpg,640,640,gun,57,196,102,263,45,67
batch_57_jpg.rf.fa7c4f0d5523072da6ae9b869955119c.jpg,640,640,gun,22,82,150,284,128,202
batch_57_jpg.rf.fa7c4f0d5523072da6ae9b869955119c.jpg,640,640,gun,366,224,501,319,135,95
batch_57_jpg.rf.fa7c4f0d5523072da6ae9b869955119c.jpg,640,640,gun,132,424,246,562,114,138
batch_57_jpg.rf.fa7c4f0d5523072da6ae9b869955119c.jpg,640,640,gun,422,406,608,639,186,233
90_jpg.rf.faeb52666bcae065d0b20eba5a03401a.jpg,640,640,knife,259,294,299,352,40,58
KravMagaTraining156_jpg.rf.fb5bfa151f61c3653acec8b065a5bfec.jpg,640,640,knife,325,135,369,292,44,157
knife44_jpg.rf.fde62fa5f4555dd3272bcd1911d05611.jpg,640,640,knife,123,265,286,617,163,352
TH_9_jpg.rf.fb647d7f8b194233dc2405ee19b3ff66.jpg,640,640,gun,152,244,276,426,124,182
knife_389_jpg.rf.f94018b9d600af70eff3603317d1f506.jpg,640,640,knife,16,253,315,619,299,366
46_jpg.rf.fbf8f21953268093e63e302b2320abe8.jpg,640,640,knife,240,440,266,515,26,75
gun_5m_static_0000240_jpg.rf.fd7dd178b236a32115ada72b38a1a97f.jpg,640,640,gun,108,178,173,255,65,77
6_22_3_0005228_jpg.rf.fc8f5f6d4aaad79cf5342bb5aa647431.jpg,640,640,gun,189,370,247,528,58,158
7_7_asd_00132166_jpg.rf.fd3ddb2f293c1a92462e4977b2c363b2.jpg,640,640,gun,424,364,459,428,35,64
null_image.jpg,640,640,,,,,,0,0
gun_3_2_1__0002876_jpg.rf.fc87547636abd4336fcb13bfdae1cf59.jpg,640,640,gun,272,389,338,574,66,185
DSDGB-Nagant-7_jpg.rf.f9a5cc154fab930e5c94480a8a6538fc.jpg,640,640,gun,341,231,391,382,50,151
knife_1106_jpg.rf.fffb81dc26b4f7380357fbdb725c61c1.jpg,640,640,knife,272,353,412,470,140,117
KravMagaTraining21168_jpg.rf.fea13e9fb384e1dbca4959291802ab36.jpg,640,640,knife,449,310,521,409,72,99
knife_1000_jpg.rf.fe209d6e5e7187344671abff20ae7a04.jpg,640,640,knife,111,351,159,520,48,169
Town-10_jpg.rf.f8a7f193153af09c2d792f6ef8d81f47.jpg,640,640,gun,385,247,458,432,73,185
Town-10_jpg.rf.f8a7f193153af09c2d792f6ef8d81f47.jpg,640,640,gun,236,169,279,341,43,172
gun_5m_run_0000560_jpg.rf.ffcc2695a37062ec134852e9d39319b1.jpg,640,640,gun,484,178,537,304,53,126
batch_229_jpg.rf.fdc60e5ec24b633ea0716146ad343b91.jpg,640,640,gun,89,95,192,143,103,48
batch_229_jpg.rf.fdc60e5ec24b633ea0716146ad343b91.jpg,640,640,gun,173,142,188,274,15,132
batch_229_jpg.rf.fdc60e5ec24b633ea0716146ad343b91.jpg,640,640,gun,194,143,210,293,16,150
batch_229_jpg.rf.fdc60e5ec24b633ea0716146ad343b91.jpg,640,640,gun,269,271,300,306,31,35
batch_229_jpg.rf.fdc60e5ec24b633ea0716146ad343b91.jpg,640,640,gun,258,250,312,291,54,41
batch_229_jpg.rf.fdc60e5ec24b633ea0716146ad343b91.jpg,640,640,gun,503,168,554,319,51,151
batch_229_jpg.rf.fdc60e5ec24b633ea0716146ad343b91.jpg,640,640,gun,159,393,180,437,21,44
batch_229_jpg.rf.fdc60e5ec24b633ea0716146ad343b91.jpg,640,640,gun,573,440,638,584,65,144
101713221_1569_jpg.rf.fefd505eb1c765a52acbaf8efeb29501.jpg,640,640,gun,193,337,402,496,209,159
4375_jpg.rf.ff91aeb0c9e91f893baae28ad08fcf61.jpg,640,640,knife,422,120,473,280,51,160