filename,image width,image height,class,xmin,ymin,xmax,ymax,width,height
27_jpg.rf.36f42adead9b8c49f7dee756a2827512.jpg,640,640,knife,329,597,368,635,39,38
4419_jpg.rf.370e6c04cc10974e79641115d6f7bbcf.jpg,640,640,knife,480,36,512,196,32,160
knife_705_jpg.rf.370fd844a38f6f472d7339ff626a038b.jpg,640,640,knife,294,215,452,296,158,81
gun_4m_static_0002984_jpg.rf.3727543c6fab0963bef5540f08646fd0.jpg,640,640,gun,353,336,391,503,38,167
knife_235_jpg.rf.3728cbdfd91fa2c7d2dc9daf0b385903.jpg,640,640,knife,116,80,456,634,340,554
KravMagaTraining258_jpg.rf.3733459b6343702b3a5c441468d9c01e.jpg,640,640,knife,197,71,272,185,75,114
batch_241_jpg.rf.373fa668a9b34f3106ffae42aed9e70f.jpg,640,640,gun,119,194,140,303,21,109
batch_241_jpg.rf.373fa668a9b34f3106ffae42aed9e70f.jpg,640,640,gun,246,56,293,117,47,61
batch_241_jpg.rf.373fa668a9b34f3106ffae42aed9e70f.jpg,640,640,gun,414,132,500,315,86,183
batch_241_jpg.rf.373fa668a9b34f3106ffae42aed9e70f.jpg,640,640,gun,41,539,164,639,123,100
batch_241_jpg.rf.373fa668a9b34f3106ffae42aed9e70f.jpg,640,640,gun,426,391,512,485,86,94
11_12_119_jpg.rf.374cb63483e8d1050f62272edd6fea5e.jpg,640,640,gun,0,0,620,607,620,607
batch_293_jpg.rf.374d534ea1bcc965350b4a8794e39f31.jpg,640,640,gun,75,227,107,310,32,83
batch_293_jpg.rf.374d534ea1bcc965350b4a8794e39f31.jpg,640,640,gun,320,9,638,307,318,298
batch_293_jpg.rf.374d534ea1bcc965350b4a8794e39f31.jpg,640,640,gun,197,484,218,506,21,22
batch_293_jpg.rf.374d534ea1bcc965350b4a8794e39f31.jpg,640,640,gun,556,489,577,509,21,20
1649338726-1571405_jpg.rf.3754bee6c1d3080008d64625fb6f1150.jpg,640,640,knife,352,171,420,609,68,438
102552159_3170_jpg.rf.37596d42a281b629ba58a3bf84bdd6cf.jpg,640,640,gun,41,175,526,429,485,254
Les_tontons_flingueurs-MP35-2_jpg.rf.37621d0a32b7c5394ff54d158500a15a.jpg,640,640,gun,195,364,376,440,181,76
77_jpg.rf.3770579948e0564bf849fd8883f6aef0.jpg,640,640,knife,89,93,511,636,422,543
batch_240_jpg.rf.3730ba4501c2e00c8c09225fd6df4daf.jpg,640,640,gun,93,143,142,261,49,118
batch_240_jpg.rf.3730ba4501c2e00c8c09225fd6df4daf.jpg,640,640,gun,320,33,467,292,147,259
batch_240_jpg.rf.3730ba4501c2e00c8c09225fd6df4daf.jpg,640,640,gun,219,545,271,636,52,91
batch_240_jpg.rf.3730ba4501c2e00c8c09225fd6df4daf.jpg,640,640,gun,466,500,488,598,22,98
batch_240_jpg.rf.3730ba4501c2e00c8c09225fd6df4daf.jpg,640,640,gun,425,574,441,634,16,60
gun_2_1_1__0008095_jpg.rf.37cc59ebd3e251232f95c6a9e7859c71.jpg,640,640,gun,113,316,146,349,33,33
6_22_2_0007184_jpg.rf.37730ac08ff769783ad7e5c2a2a61248.jpg,640,640,gun,185,217,226,322,41,105
knife_1105_jpg.rf.37432a2027defa6211b56be56386a4ff.jpg,640,640,knife,0,53,272,639,272,586
batch_356_jpg.rf.37722f9f84b2a452fb485f5a29aa441f.jpg,640,640,knife,120,225,139,262,19,37
batch_356_jpg.rf.37722f9f84b2a452fb485f5a29aa441f.jpg,640,640,knife,456,175,492,208,36,33
batch_356_jpg.rf.37722f9f84b2a452fb485f5a29aa441f.jpg,640,640,knife,139,509,175,537,36,28
batch_356_jpg.rf.37722f9f84b2a452fb485f5a29aa441f.jpg,640,640,knife,459,509,495,537,36,28
6_22_3_0002360_jpg.rf.3797e4341998351e00490fe1c137c362.jpg,640,640,gun,190,81,242,196,52,115
186_jpg.rf.37c8b6e035a9afb2c00cff41b83520cb.jpg,640,640,knife,345,6,420,409,75,403
6_22_3_0000796_jpg.rf.37cb7bfe605f463943a3900ebca3534c.jpg,640,640,gun,287,136,367,263,80,127
39_jpg.rf.37d00c493cc9362996a1bf3f4935de5e.jpg,640,640,knife,240,466,265,532,25,66
knife_881_jpg.rf.37d3ea93986f90def6cbe8c696a60d84.jpg,640,640,knife,122,291,186,492,64,201
6_jpg.rf.37d37ba583c78bbb859b3ac5acf17d12.jpg,640,640,knife,248,214,345,400,97,186
101116236_2589_jpg.rf.379164a93d6520aae80f1bf87911b127.jpg,640,640,gun,0,77,640,639,640,562
64_jpg.rf.37dc09dc43585a57ad264e227917adb9.jpg,640,640,knife,231,0,277,111,46,111
NoOneLives-Glock26_jpg.rf.3805b9ea8645b7da6f9463b980f48a94.jpg,640,640,gun,390,231,547,590,157,359
KravMagaTraining498_jpg.rf.381f848eacc1f511e2e66a370c1f4486.jpg,640,640,knife,220,194,258,292,38,98
knife_227_jpg.rf.381ac2655a7ac62e001650f11f8cc308.jpg,640,640,knife,83,62,438,433,355,371
M4A1EOT_jpg.rf.382f2fd3a85f064fc0c6b6885f716df0.jpg,640,640,gun,6,16,636,598,630,582
gun_2_1_1__0003895_jpg.rf.383242453de587c1a5c85640de9c1ba3.jpg,640,640,gun,290,372,328,427,38,55
101711297_24_jpg.rf.380502e0f170e71abe884bc5467334aa.jpg,640,640,gun,7,197,158,311,151,114
knife_1289_jpg.rf.37e31fb686d5b3aa901837af6f8cc3b7.jpg,640,640,knife,237,125,291,331,54,206
null_image.jpg,640,640,,,,,,0,0
batch_34_jpg.rf.3857a73885b356199d8836ec24373f81.jpg,640,640,gun,85,137,245,211,160,74
batch_34_jpg.rf.3857a73885b356199d8836ec24373f81.jpg,640,640,gun,551,80,621,159,70,79
batch_34_jpg.rf.3857a73885b356199d8836ec24373f81.jpg,640,640,gun,136,446,204,521,68,75
batch_34_jpg.rf.3857a73885b356199d8836ec24373f81.jpg,640,640,gun,409,364,445,479,36,115
gun_3_3_1__0000356_jpg.rf.386966504221f0ce0e59d3759d72d6d3.jpg,640,640,gun,264,324,308,497,44,173
11_12_489_jpg.rf.3846860f30243cc0dac2ad22d63644bf.jpg,640,640,gun,0,0,604,608,604,608
11_12_1562_jpg.rf.388432d4cd6894894ae46ef614b6cfce.jpg,640,640,gun,7,14,637,628,630,614
1011133951_95_jpg.rf.388183c93081c270fede12d8bfc2ab8c.jpg,640,640,gun,268,20,630,403,362,383
knife_39_jpg.rf.388b08f362bef8445ee191e2547179fc.jpg,640,640,knife,113,10,513,579,400,569
knife_806_jpg.rf.38671af17ef7cb7f53875b1724c061c6.jpg,640,640,knife,88,342,134,548,46,206
94_jpg.rf.38a0adc5163e3c02f2e2f867060d8076.jpg,640,640,knife,199,138,359,551,160,413
79_jpg.rf.38a3325669ffabac4957df5d31712da6.jpg,640,640,knife,319,408,362,463,43,55
6_22_1_0001828_jpg.rf.38b49d4778ec8ca3faad52d0c626d0e1.jpg,640,640,gun,309,312,451,418,142,106
knife_434_jpg.rf.38a94c382bb47862d47901aa6058d061.jpg,640,640,knife,46,344,319,637,273,293
KravMagaKnifeDefenseTechniques658_jpg.rf.3897ee3382e7491f8d20c83f1fd3608f.jpg,640,640,knife,200,440,277,525,77,85
58_jpg.rf.38b3a1cae4cf7de2deb9558eb2ee8ba7.jpg,640,640,knife,243,508,294,599,51,91
knife_172_jpg.rf.38cbe52e6f5183216ffdc5a1857217ee.jpg,640,640,knife,18,51,617,627,599,576
knife_724_jpg.rf.38e6e999d385277618417a05aa232df8.jpg,640,640,knife,369,113,448,432,79,319
DefenseKnifeAttack0377_jpg.rf.38fd77e7e7b32e6d73ed8f8ecd32e8c1.jpg,640,640,knife,72,470,170,543,98,73
11_12_309_jpg.rf.38c4f9705fdbc0e0073476255c47b32e.jpg,640,640,gun,180,104,254,224,74,120
272_jpg.rf.38cd891d43edeeefac75113a606d1b23.jpg,640,640,knife,134,271,345,460,211,189
6_22_4_0010688_jpg.rf.38b70fc017c6557fea3c2bdfd8bdd194.jpg,640,640,gun,136,267,163,362,27,95
knife_957_jpg.rf.38e1f0e03819f646255a614a0111270f.jpg,640,640,knife,57,486,126,640,69,154
knife_215_jpg.rf.3925432b9a655d683fc9b76ad743572b.jpg,640,640,knife,120,266,602,539,482,273
11_12_858_jpg.rf.38b17b06d29d8696982d53935048d0f5.jpg,640,640,gun,4,6,628,614,624,608
111315831_360_jpg.rf.38fdeedcdfedfa67c5dce1ac7968f1c6.jpg,640,640,gun,328,33,400,208,72,175
116_jpg.rf.3931a10837d70001161c197cf4e76c72.jpg,640,640,knife,288,368,320,466,32,98
IZH-38_jpg.rf.393db8288acee7cb4756e1f1e071d133.jpg,640,640,gun,8,38,633,596,625,558
gun_3_3_1__0000476_jpg.rf.392fd3cef7ba8871974772911931d655.jpg,640,640,gun,242,360,291,532,49,172
KravMagaTraining20823_jpg.rf.392b7423350825c1bbf17cc9ee4fc568.jpg,640,640,knife,101,416,171,487,70,71
KravMagaKnifeDefenseTechniques112_jpg.rf.39334716d1c9a15362e3daa56659bb7d.jpg,640,640,knife,172,189,232,280,60,91
gun_4m_static_0000656_jpg.rf.393dbdfaa3ff17110780e1366f438216.jpg,640,640,gun,107,101,155,247,48,146
2022-04-15_107_jpg.rf.3943004c7fac56776122c4084aaca235.jpg,640,640,knife,253,485,279,534,26,49
knife_92_jpg.rf.3971cc2355a4f9f7811358574267706d.jpg,640,640,knife,0,0,428,395,428,395
batch_2_jpg.rf.3942333bdaea29d4cda92aa6b71bad0c.jpg,640,640,gun,13,96,316,294,303,198
batch_2_jpg.rf.3942333bdaea29d4cda92aa6b71bad0c.jpg,640,640,gun,319,15,623,319,304,304
batch_2_jpg.rf.3942333bdaea29d4cda92aa6b71bad0c.jpg,640,640,gun,114,395,307,544,193,149
batch_2_jpg.rf.3942333bdaea29d4cda92aa6b71bad0c.jpg,640,640,gun,319,444,447,495,128,51
batch_2_jpg.rf.3942333bdaea29d4cda92aa6b71bad0c.jpg,640,640,gun,375,476,579,577,204,101
batch_2_jpg.rf.3942333bdaea29d4cda92aa6b71bad0c.jpg,640,640,gun,490,519,623,580,133,61
knife37_jpg.rf.3981c1b3af0aafdb427c8c7cf358a0eb.jpg,640,640,knife,117,36,541,399,424,363
knife_179_jpg.rf.3963e019ca536007c44f10b7d32e57d8.jpg,640,640,knife,22,28,607,638,585,610
knife_418_jpg.rf.39e5139bd1dc2123731904f75702d172.jpg,640,640,knife,14,256,315,628,301,372
6_22_4_0004224_jpg.rf.39bf1b38f704743d7bf73da872d24e91.jpg,640,640,gun,405,296,430,377,25,81
knife_527_jpg.rf.39a30dec321beaa76637d6b0f1d9316b.jpg,640,640,knife,130,99,436,622,306,523
Drchl-JS-001_jpg.rf.3a1784ff78250b744a04fd2890c513a6.jpg,640,640,gun,296,313,393,441,97,128
batch_316_jpg.rf.3984f5f4b21ee6acc0e87a2cd10787e9.jpg,640,640,knife,94,109,248,204,154,95
batch_316_jpg.rf.3984f5f4b21ee6acc0e87a2cd10787e9.jpg,640,640,knife,562,122,582,189,20,67
batch_316_jpg.rf.3984f5f4b21ee6acc0e87a2cd10787e9.jpg,640,640,knife,16,333,252,624,236,291
batch_316_jpg.rf.3984f5f4b21ee6acc0e87a2cd10787e9.jpg,640,640,knife,422,469,441,502,19,33
batch_371_jpg.rf.3a20820e5c01c975f3abdcb7d07f10ee.jpg,640,640,gun,47,175,295,301,248,126
batch_371_jpg.rf.3a20820e5c01c975f3abdcb7d07f10ee.jpg,640,640,gun,384,83,560,295,176,212
batch_371_jpg.rf.3a20820e5c01c975f3abdcb7d07f10ee.jpg,640,640,gun,89,401,126,523,37,122
batch_371_jpg.rf.3a20820e5c01c975f3abdcb7d07f10ee.jpg,640,640,gun,545,491,576,595,31,104
batch_372_jpg.rf.39aa4c7d75ef3e85dbea26c35edc0513.jpg,640,640,gun,158,227,227,303,69,76
batch_372_jpg.rf.39aa4c7d75ef3e85dbea26c35edc0513.jpg,640,640,gun,408,74,506,296,98,222
batch_372_jpg.rf.39aa4c7d75ef3e85dbea26c35edc0513.jpg,640,640,gun,150,437,236,588,86,151
batch_372_jpg.rf.39aa4c7d75ef3e85dbea26c35edc0513.jpg,640,640,gun,377,349,509,516,132,167
batch_247_jpg.rf.39f14aae065a0bbe26b3f26fdf81708d.jpg,640,640,knife,127,124,292,267,165,143
batch_247_jpg.rf.39f14aae065a0bbe26b3f26fdf81708d.jpg,640,640,knife,448,125,612,268,164,143
batch_247_jpg.rf.39f14aae065a0bbe26b3f26fdf81708d.jpg,640,640,knife,56,332,204,608,148,276
batch_247_jpg.rf.39f14aae065a0bbe26b3f26fdf81708d.jpg,640,640,knife,332,330,589,600,257,270
batch_131_jpg.rf.3a00b1f35d90278e700c0d91896d3b99.jpg,640,640,gun,63,101,122,167,59,66
batch_131_jpg.rf.3a00b1f35d90278e700c0d91896d3b99.jpg,640,640,gun,454,75,534,202,80,127
batch_131_jpg.rf.3a00b1f35d90278e700c0d91896d3b99.jpg,640,640,gun,45,410,97,463,52,53
batch_131_jpg.rf.3a00b1f35d90278e700c0d91896d3b99.jpg,640,640,gun,323,417,574,525,251,108
knife_502_jpg.rf.39b6559ced18ddc8517ea9332d69d3bc.jpg,640,640,knife,367,333,512,534,145,201
knife_502_jpg.rf.39b6559ced18ddc8517ea9332d69d3bc.jpg,640,640,knife,0,335,157,505,157,170
6_22_1_0000600_jpg.rf.39bf57fa666584e67cd65f3ea113b438.jpg,640,640,gun,268,38,327,300,59,262
294_jpg.rf.3a1ab6e994adbfd170ddcd81044b56db.jpg,640,640,knife,205,225,459,423,254,198
11_12_2007_jpg.rf.3a248e177dbcbe0b98dc277aa908b907.jpg,640,640,gun,108,215,264,416,156,201
1011165752_1455_jpg.rf.3a30c6739877e4ed7bcad2e52384ca3a.jpg,640,640,gun,74,54,551,468,477,414
2022-04-15_84_jpg.rf.39751e4df754bd00634a5b561b9449fe.jpg,640,640,knife,379,208,413,289,34,81
Gun_655_jpg.rf.3987709a7eac2e04cf2342275484c80c.jpg,640,640,gun,1,5,635,626,634,621
DSC_0050_JPG_jpg.rf.3a1903c2b0dd0186eb656fd774ef397a.jpg,640,640,knife,289,308,345,445,56,137
gun_2_1_1__0011290_jpg.rf.3a53d0094ee52e9a60e5166521db735b.jpg,640,640,gun,327,352,373,395,46,43
Lavina_s_gor-Mosin-5_jpg.rf.3a37dd108c07b4d4191b05163c290c39.jpg,640,640,gun,335,319,598,409,263,90
2022-04-15_41_jpg.rf.3a5b1e140b5adcd9eefff58f5d84ce71.jpg,640,640,knife,337,419,361,502,24,83
KravMagaTraining049_jpg.rf.3a5a56da0898b118d4c918db330b29c0.jpg,640,640,knife,326,110,374,268,48,158
52_jpg.rf.3a9ba3024742e3fdea0944894d9bfffb.jpg,640,640,knife,251,540,269,606,18,66
KravMagaTraining617_jpg.rf.3a396c52708946676ab850d0045f66d7.jpg,640,640,knife,345,141,429,193,84,52
knife_520_jpg.rf.3a4a88adf6774dc7c63206012ad6e582.jpg,640,640,knife,284,81,633,480,349,399
136454_00__01513_jpg.rf.3a424674f4c641daefa2b30ee3a00f1f.jpg,640,640,gun,287,225,349,359,62,134
knife_945_jpg.rf.3a313de829164d7b77bfa469a88dcffc.jpg,640,640,knife,77,363,151,530,74,167
68_jpg.rf.3a773304f89b709ed6a431a6c4f4db2e.jpg,640,640,knife,219,365,242,448,23,83
batch_442_jpg.rf.3a9d8c7ccc51b9c9968b44793ba18013.jpg,640,640,gun,160,113,172,171,12,58
batch_442_jpg.rf.3a9d8c7ccc51b9c9968b44793ba18013.jpg,640,640,gun,493,244,534,314,41,70
batch_442_jpg.rf.3a9d8c7ccc51b9c9968b44793ba18013.jpg,640,640,gun,49,477,125,614,76,137
batch_442_jpg.rf.3a9d8c7ccc51b9c9968b44793ba18013.jpg,640,640,gun,406,339,493,515,87,176
knife_1171_jpg.rf.3ab166071a2a59407551fca6100b636b.jpg,640,640,knife,231,406,325,468,94,62
gun_3_3_1__0003500_jpg.rf.3acd681fdcc1dff29f5c9e22b54c32d8.jpg,640,640,gun,246,448,305,622,59,174
knife_1276_jpg.rf.3aacae8b9775047bab9c842d9a1cb4f2.jpg,640,640,knife,190,358,244,493,54,135
11_12_929_jpg.rf.3aa6ac10e01cb93034eee533582b35ea.jpg,640,640,gun,111,132,230,205,119,73
7_7_asd_00130976_jpg.rf.3ae03538fd18d5310222bb015d8a6f00.jpg,640,640,gun,67,164,83,192,16,28
7_7_asd_00130976_jpg.rf.3ae03538fd18d5310222bb015d8a6f00.jpg,640,640,gun,327,502,369,565,42,63
BattlegroundM4A1_jpg.rf.3afedb762db1b9d0f4def5b857707200.jpg,640,640,gun,385,190,480,562,95,372
1649338718-1660264_jpg.rf.3aa1061f9041a5cbd2219c7592192394.jpg,640,640,knife,245,249,463,440,218,191
6_22_2_0005084_jpg.rf.3a87561012fc179fc7c0af27e017e61e.jpg,640,640,gun,37,104,75,196,38,92
DSC_00071_JPG_jpg.rf.3ab8d70ab9a3b32d28bf45cab778a553.jpg,640,640,knife,329,331,380,378,51,47
DefenseKnifeAttack0362_jpg.rf.3ab2a336e9f2f5e2564656e196d34404.jpg,640,640,knife,158,431,240,471,82,40
null_image.jpg,640,640,,,,,,0,0
The_Split-Madsen-1_jpg.rf.3a468c4f017eade765557cc62ca0de56.jpg,640,640,gun,147,17,517,450,370,433
129_jpg.rf.3af22cac61228cbe473660be84042b65.jpg,640,640,knife,263,332,486,523,223,191
OHFGlock172_jpg.rf.3b01e7746c47a6689d210d1dbf3954d6.jpg,640,640,gun,165,230,264,414,99,184
1649338702-857422_jpg.rf.3b1529612ed410817eded65dd17a0e7d.jpg,640,640,knife,282,382,499,616,217,234
DSC_0057_JPG_jpg.rf.3b01219fabf2a2e0bea801c3f1c204fa.jpg,640,640,knife,233,382,317,512,84,130
DSC_0057_JPG_jpg.rf.3b01219fabf2a2e0bea801c3f1c204fa.jpg,640,640,knife,280,328,407,448,127,120
knife_984_jpg.rf.3b1697edea48dc8f3c032664dc05b3d6.jpg,640,640,knife,53,492,128,639,75,147
KravMagaKnifeDefenseTechniques237_jpg.rf.3b30db4d58f8b8386ba864beb37b9c54.jpg,640,640,knife,201,233,288,339,87,106
KravMagaKnifeDefenseTechniques269_jpg.rf.3b0793159d71309807536ffc94c1a46e.jpg,640,640,knife,348,227,457,310,109,83
sharpenKnife163_jpg.rf.3b47ba88357f5e6669c3ef084831b9fb.jpg,640,640,knife,288,323,414,397,126,74
DSC_00321_JPG_jpg.rf.3b59d82a6d8734c7d424c74980549ba8.jpg,640,640,knife,338,371,354,477,16,106
knife_150_jpg.rf.3b5c8057b5505234213c1a022ea2f2f5.jpg,640,640,knife,309,205,366,299,57,94
knife_150_jpg.rf.3b5c8057b5505234213c1a022ea2f2f5.jpg,640,640,knife,168,274,237,320,69,46
knife_652_jpg.rf.3b63457eacb023d7efa75333a4577d5d.jpg,640,640,knife,161,84,200,408,39,324
knife_686_jpg.rf.3b597259d5b997ea8b75e9d9ba616fab.jpg,640,640,knife,95,247,155,541,60,294
knife_686_jpg.rf.3b597259d5b997ea8b75e9d9ba616fab.jpg,640,640,knife,194,79,306,639,112,560
knife_82_jpg.rf.3b919a4deee4590b78bbfdc1cd38b681.jpg,640,640,knife,61,168,317,425,256,257
Kwiecien-003_jpg.rf.3b90359a379d23a43ed745f1b38d6b6d.jpg,640,640,gun,434,339,565,537,131,198
KravMagaKnifeDefenseTechniques045_jpg.rf.3b4fc22805db1dc2453c3461ae59d276.jpg,640,640,knife,297,312,365,383,68,71
Belly_of_the_Beast-Revolver-4_jpg.rf.3b82e96b4b88737fe7ac0a441fbf78af.jpg,640,640,gun,302,357,417,468,115,111
KravMagaKnifeDefenseTechniques120_jpg.rf.3b93478e1c36d1adc226f8f8f1f0f84e.jpg,640,640,knife,172,158,248,240,76,82
batch_120_jpg.rf.3b6266efb51b70ee92765e83d57f7b3f.jpg,640,640,knife,140,63,245,183,105,120
batch_120_jpg.rf.3b6266efb51b70ee92765e83d57f7b3f.jpg,640,640,knife,372,107,608,202,236,95
batch_120_jpg.rf.3b6266efb51b70ee92765e83d57f7b3f.jpg,640,640,knife,105,335,314,545,209,210
batch_120_jpg.rf.3b6266efb51b70ee92765e83d57f7b3f.jpg,640,640,knife,400,323,592,579,192,256
DSC_00051_JPG_jpg.rf.3b61807216c7553e605e8cbaa09297ff.jpg,640,640,knife,292,255,311,360,19,105
86_jpg.rf.3b633e00a34b06d4312171bd9e017e75.jpg,640,640,knife,171,373,623,493,452,120
86_jpg.rf.3b633e00a34b06d4312171bd9e017e75.jpg,640,640,knife,226,528,597,637,371,109
86_jpg.rf.3b633e00a34b06d4312171bd9e017e75.jpg,640,640,knife,162,14,628,134,466,120
86_jpg.rf.3b633e00a34b06d4312171bd9e017e75.jpg,640,640,knife,162,142,639,256,477,114
86_jpg.rf.3b633e00a34b06d4312171bd9e017e75.jpg,640,640,knife,163,254,631,369,468,115
6_22_2_0000156_jpg.rf.3b48cafbe13f04f2ff94852bb368c479.jpg,640,640,gun,320,526,344,611,24,85
2022-04-15_9_jpg.rf.3bcc0cd505b3cf65c0fcef7c5c725602.jpg,640,640,knife,329,409,357,483,28,74
gun1_6m_static_0001880_jpg.rf.3b95972aa1dbd940b27e4bfcf3e4d7b3.jpg,640,640,gun,315,264,342,344,27,80
6_22_4_0004620_jpg.rf.3be12c8c86c7245be6f21d084f3a9927.jpg,640,640,gun,362,428,422,548,60,120
Lanfier-Revolver-7_jpg.rf.3bc001031aeb51a1d7b68f85f835f0ec.jpg,640,640,gun,0,81,430,576,430,495
263_jpg.rf.3b93d65e0625991b3df78a1f71b65019.jpg,640,640,knife,305,35,443,388,138,353
116_jpg.rf.3bc95dc046d3792d14dcd4104b017f48.jpg,640,640,knife,182,196,253,330,71,134
Gun_2390_jpg.rf.3c252ea027b28ce97258802ddbb47ee4.jpg,640,640,gun,47,117,612,603,565,486
110_jpg.rf.3bd12869ec8b9f09e2cf7b5108edbdac.jpg,640,640,knife,34,214,543,503,509,289
102422101_7076_jpg.rf.3b98fe1f0fe8c5237efe99eb8d680e3b.jpg,640,640,gun,147,296,360,620,213,324
batch_39_jpg.rf.3c0cc5025e20e72f4f3d424b7b3cb6e3.jpg,640,640,knife,190,246,224,307,34,61
batch_39_jpg.rf.3c0cc5025e20e72f4f3d424b7b3cb6e3.jpg,640,640,knife,358,119,576,182,218,63
batch_39_jpg.rf.3c0cc5025e20e72f4f3d424b7b3cb6e3.jpg,640,640,knife,124,465,155,544,31,79
batch_39_jpg.rf.3c0cc5025e20e72f4f3d424b7b3cb6e3.jpg,640,640,knife,380,484,425,525,45,41
knife_340_jpg.rf.3c5e04dc29e7b5097cecbc293d055517.jpg,640,640,knife,19,191,633,432,614,241
BattlegroundM4A1-2-_jpg.rf.3c4518ef799698ed0be4c360cb671574.jpg,640,640,gun,309,320,536,631,227,311
sharpenKnife028_jpg.rf.3c031c20b4d80d30528e7a66cec582a3.jpg,640,640,knife,320,389,463,471,143,82
71_jpg.rf.3c67e15ff60f03f543df9f0360fba868.jpg,640,640,knife,271,0,406,554,135,554
2022-04-15_52_jpg.rf.3baf8fff588e35a145f981161f073ad0.jpg,640,640,knife,231,506,251,563,20,57
knife_1032_jpg.rf.3c6c90370fbaa2d44e4b0f15e724be78.jpg,640,640,knife,101,18,319,551,218,533
knife_103_jpg.rf.3c66d8a5cf29da21c1d7944d82752e03.jpg,640,640,knife,193,225,602,491,409,266
sharpenKnife004_jpg.rf.3c60c74a30cdf0714cb99e0b57cefd7f.jpg,640,640,knife,346,502,524,596,178,94
178_jpg.rf.3c7acd633428ca1473716b77f1feda66.jpg,640,640,knife,295,506,328,611,33,105
knife_839_jpg.rf.3bdadb52c88e60c0415e4f14358aad91.jpg,640,640,knife,142,299,211,476,69,177
PAYM-016_jpg.rf.3cb0ab58acb88f04ea0f17677eab7a0c.jpg,640,640,gun,93,346,374,639,281,293
knife_204_jpg.rf.3c890bbb2fd14b379b53e61359dc6e0a.jpg,640,640,knife,294,166,383,268,89,102
4712_jpg.rf.3c18306fc316dafe025598003d9a82ac.jpg,640,640,knife,460,69,532,209,72,140
7_7_asd_00095610_jpg.rf.3c762f8efe96d1aebd1e2b14306850d4.jpg,640,640,gun,62,120,207,314,145,194
BS-BBDerringer-1_jpg.rf.3ccfcc3f898beb4785a070f7559ee247.jpg,640,640,gun,403,435,498,632,95,197
11_12_1115_jpg.rf.3ce6beb910c5c0621de9a3a8871cbb2f.jpg,640,640,gun,29,0,640,640,611,640
2022-04-15_110_jpg.rf.3cb16c81f13fae010ee95e192036fe72.jpg,640,640,knife,340,497,392,554,52,57
knife_1120_jpg.rf.3ce21001be925e3f820f47391d794631.jpg,640,640,knife,108,78,383,460,275,382
49_jpg.rf.3d150369fc09e5454a8ecdb914de9233.jpg,640,640,knife,257,366,288,454,31,88
Ricco-Vis-5_jpg.rf.3d71e047b6b442528dc35fd7d144e4f7.jpg,640,640,gun,29,69,515,611,486,542
gun1_4m_static_0000640_jpg.rf.3ce2808c43f0fa2be3346b8f63764a7a.jpg,640,640,gun,246,371,326,485,80,114
Les_tontons_flingueurs-MP35-4_jpg.rf.3d3e41f349ac88c6d758e93aba91ed92.jpg,640,640,gun,250,230,400,334,150,104
knife_897_jpg.rf.3d1bce3d1ab0035bd3c38bdd6cda1a92.jpg,640,640,knife,65,503,136,640,71,137
DSC_0022_JPG_jpg.rf.3d11865b852fc7da55ad56050a53f4a2.jpg,640,640,knife,317,481,372,538,55,57
gun_3_3_1__0003436_jpg.rf.3d4ae5fc8b91412e9e034af36ddf144e.jpg,640,640,gun,290,394,372,587,82,193
7_7_asd_00140902_jpg.rf.3d69b87e599ada2da6b2e22d6e2aeb2c.jpg,640,640,gun,190,226,505,456,315,230
knife_44_jpg.rf.3cbefc473ec863181f7021020c54a2c7.jpg,640,640,knife,15,114,523,625,508,511
47_jpg.rf.3d7379afece36a0508b4c53557c72bb3.jpg,640,640,knife,159,169,213,288,54,119
47_jpg.rf.3d7379afece36a0508b4c53557c72bb3.jpg,640,640,knife,240,166,315,302,75,136
47_jpg.rf.3d7379afece36a0508b4c53557c72bb3.jpg,640,640,knife,508,177,582,291,74,114
47_jpg.rf.3d7379afece36a0508b4c53557c72bb3.jpg,640,640,knife,596,185,639,289,43,104
47_jpg.rf.3d7379afece36a0508b4c53557c72bb3.jpg,640,640,knife,76,173,136,302,60,129
47_jpg.rf.3d7379afece36a0508b4c53557c72bb3.jpg,640,640,knife,429,172,474,306,45,134
47_jpg.rf.3d7379afece36a0508b4c53557c72bb3.jpg,640,640,knife,8,168,55,312,47,144
47_jpg.rf.3d7379afece36a0508b4c53557c72bb3.jpg,640,640,knife,345,191,399,305,54,114
47_jpg.rf.3d7379afece36a0508b4c53557c72bb3.jpg,640,640,knife,610,337,639,446,29,109
47_jpg.rf.3d7379afece36a0508b4c53557c72bb3.jpg,640,640,knife,355,340,397,454,42,114
47_jpg.rf.3d7379afece36a0508b4c53557c72bb3.jpg,640,640,knife,172,337,217,455,45,118
47_jpg.rf.3d7379afece36a0508b4c53557c72bb3.jpg,640,640,knife,517,345,561,449,44,104
47_jpg.rf.3d7379afece36a0508b4c53557c72bb3.jpg,640,640,knife,428,342,474,460,46,118
47_jpg.rf.3d7379afece36a0508b4c53557c72bb3.jpg,640,640,knife,268,332,315,480,47,148
47_jpg.rf.3d7379afece36a0508b4c53557c72bb3.jpg,640,640,knife,5,355,65,483,60,128
47_jpg.rf.3d7379afece36a0508b4c53557c72bb3.jpg,640,640,knife,80,352,142,488,62,136
47_jpg.rf.3d7379afece36a0508b4c53557c72bb3.jpg,640,640,knife,585,494,639,628,54,134
47_jpg.rf.3d7379afece36a0508b4c53557c72bb3.jpg,640,640,knife,519,511,548,620,29,109
47_jpg.rf.3d7379afece36a0508b4c53557c72bb3.jpg,640,640,knife,346,514,403,623,57,109
47_jpg.rf.3d7379afece36a0508b4c53557c72bb3.jpg,640,640,knife,426,499,482,639,56,140
47_jpg.rf.3d7379afece36a0508b4c53557c72bb3.jpg,640,640,knife,1,501,52,640,51,139
47_jpg.rf.3d7379afece36a0508b4c53557c72bb3.jpg,640,640,knife,259,514,305,634,46,120
47_jpg.rf.3d7379afece36a0508b4c53557c72bb3.jpg,640,640,knife,92,506,146,639,54,133
47_jpg.rf.3d7379afece36a0508b4c53557c72bb3.jpg,640,640,knife,163,519,226,639,63,120
47_jpg.rf.3d7379afece36a0508b4c53557c72bb3.jpg,640,640,knife,169,8,220,152,51,144
47_jpg.rf.3d7379afece36a0508b4c53557c72bb3.jpg,640,640,knife,0,21,55,141,55,120
47_jpg.rf.3d7379afece36a0508b4c53557c72bb3.jpg,640,640,knife,416,17,476,149,60,132
47_jpg.rf.3d7379afece36a0508b4c53557c72bb3.jpg,640,640,knife,335,30,388,139,53,109
47_jpg.rf.3d7379afece36a0508b4c53557c72bb3.jpg,640,640,knife,70,11,133,158,63,147
47_jpg.rf.3d7379afece36a0508b4c53557c72bb3.jpg,640,640,knife,502,25,556,157,54,132
47_jpg.rf.3d7379afece36a0508b4c53557c72bb3.jpg,640,640,knife,243,40,305,146,62,106
47_jpg.rf.3d7379afece36a0508b4c53557c72bb3.jpg,640,640,knife,595,26,634,165,39,139
DefenseKnifeAttack1422_jpg.rf.3d5f663410eef684afa3c07c6c1a6ebf.jpg,640,640,knife,235,109,317,189,82,80
knife_1019_jpg.rf.3d9260754f4c384e51894109d0d588ba.jpg,640,640,knife,223,437,277,591,54,154
79_jpg.rf.3ce3957b4a70ec844b15522153d7b4b9.jpg,640,640,knife,202,360,402,640,200,280
knife_920_jpg.rf.3d5814fa67b07bdffbaf6d8f380d9bd3.jpg,640,640,knife,155,357,217,515,62,158
knife_1086_jpg.rf.3db46821c2df46cb08cc6e4f80c2c095.jpg,640,640,knife,123,134,354,481,231,347
1649338708-1667142_jpg.rf.3d8f9875325d5cf09da27ed53cc853ff.jpg,640,640,knife,274,162,449,480,175,318
knife_1092_jpg.rf.3dace3246469ea2741d2efb01cb05310.jpg,640,640,knife,122,112,320,403,198,291
Massacre_in_Rome-Beretta34-12_jpg.rf.3cd7cc566733fd32e1359b8eac2078e4.jpg,640,640,gun,389,552,492,624,103,72
10743_00__05690_jpg.rf.3da5cbadd026c8dda14b00b257a10279.jpg,640,640,gun,121,305,180,442,59,137
RB-Nagant1895-3_jpg.rf.3dad753e27e403bc93123d1d59718faa.jpg,640,640,gun,221,271,460,630,239,359
7_7_asd_00129332_jpg.rf.3d84ca308d9924f165c61b8bbb3260b0.jpg,640,640,gun,337,340,369,420,32,80
knife_412_jpg.rf.3df462f9c2dba8165ff83233ea75ff1a.jpg,640,640,knife,26,50,319,311,293,261
DefenseKnifeAttack0239_jpg.rf.3de8400f7f964e9e7799603e85cefc7a.jpg,640,640,knife,332,402,368,459,36,57
gun_3_1_1__0000964_jpg.rf.3dbe9d3fed9c4801b34274b131f617f1.jpg,640,640,gun,212,348,278,508,66,160
4412_jpg.rf.3d432950bffbd99456f14b1eff20d01f.jpg,640,640,knife,506,108,543,257,37,149
11_12_1073_jpg.rf.3d50d6e9214bd971718b76071187cc97.jpg,640,640,gun,185,332,265,577,80,245
11_12_1073_jpg.rf.3d50d6e9214bd971718b76071187cc97.jpg,640,640,gun,271,301,381,601,110,300
11_12_1073_jpg.rf.3d50d6e9214bd971718b76071187cc97.jpg,640,640,gun,401,255,495,563,94,308
11_12_1073_jpg.rf.3d50d6e9214bd971718b76071187cc97.jpg,640,640,gun,184,78,337,261,153,183
11_12_1073_jpg.rf.3d50d6e9214bd971718b76071187cc97.jpg,640,640,gun,299,70,493,321,194,251
11_12_2513_jpg.rf.3dfd1c95c7216f8c234af1fe53d32e41.jpg,640,640,gun,8,2,612,629,604,627
6_22_2_0002548_jpg.rf.3dfecf237b2a17b1067ca6c88a53a965.jpg,640,640,gun,152,275,210,333,58,58
KravMagaKnifeDefenseTechniques234_jpg.rf.3de30d50c3a5b303bccee876683f3755.jpg,640,640,knife,215,236,305,341,90,105
118_jpg.rf.3dfdeb82048b2ce7fa58159d9d2435a7.jpg,640,640,knife,153,79,373,450,220,371
PA2_05_jpg.rf.3e43f9c456752510ba61be6f226b8afb.jpg,640,640,gun,33,298,184,640,151,342
knife_189_jpg.rf.3e7283a20319175b5a0d67cb1fc1377f.jpg,640,640,knife,126,0,329,325,203,325
knife_305_jpg.rf.3e19232d199dc8f6cffa516763ea3de4.jpg,640,640,knife,351,34,634,255,283,221
4321-6_jpg.rf.3eb4be4d2066a74db533dca6a81f949c.jpg,640,640,gun,171,266,273,484,102,218
4321-6_jpg.rf.3eb4be4d2066a74db533dca6a81f949c.jpg,640,640,gun,544,387,626,609,82,222
4321-6_jpg.rf.3eb4be4d2066a74db533dca6a81f949c.jpg,640,640,gun,143,157,211,290,68,133
RE6TFC_62_jpg.rf.3e93d357d0e69acb37c43023daf78066.jpg,640,640,gun,403,113,530,509,127,396
102312480_6432_jpg.rf.3e24f803e1697508efd9c5b28fba6802.jpg,640,640,gun,338,146,368,178,30,32
DefenseKnifeAttack0864_jpg.rf.3e59dc8c778c02fb484c6f620037aa5f.jpg,640,640,knife,183,346,257,499,74,153
knife_1253_jpg.rf.3e1f72adb60716618dfe3602404c4ad5.jpg,640,640,knife,309,255,351,394,42,139
knife_1105_jpg.rf.3e6aab70e7aae164197857819f379e2a.jpg,640,640,knife,60,73,280,596,220,523
knife_1258_jpg.rf.3eca0833d3e2952067d3230d261a4907.jpg,640,640,knife,180,260,234,366,54,106
2022-04-15_26_jpg.rf.3eaa6f6bb7c389e739cda1771c6c4b87.jpg,640,640,knife,313,498,342,560,29,62
PoD-Bulldog-2_jpg.rf.3e116d1d12a5b4b49fcb75355e87cfdb.jpg,640,640,gun,289,472,376,585,87,113
102111486_9906_jpg.rf.3ecf76408c64f16cba3f000eb4067d2a.jpg,640,640,gun,370,195,428,281,58,86
null_image.jpg,640,640,,,,,,0,0
knife_1088_jpg.rf.3ec6fdb59c4859ec8571ec3df3f79968.jpg,640,640,knife,303,191,357,357,54,166
6_22_1_0000608_jpg.rf.3eb94b041523dfc7f7d797bb37ea2749.jpg,640,640,gun,267,39,323,304,56,265
Gun_1532_jpg.rf.3effc2230726c3ff837838da02e61bce.jpg,640,640,gun,4,11,628,613,624,602
MummyTDE_100_jpg.rf.3e6834c1bd32779eb40f0d27674343d3.jpg,640,640,gun,265,125,359,552,94,427
PMM9_jpg.rf.3ee488c6bf29a01cdd47d21b7ed54eea.jpg,640,640,gun,253,200,355,420,102,220
CH-CompactPistolCUA_jpg.rf.3ef0c66c2c0d015a733d7bd0f43d726c.jpg,640,640,gun,320,173,546,638,226,465
11_12_555_jpg.rf.3efe6778b04c69b39ca4f4cf7967b2dc.jpg,640,640,gun,8,0,616,613,608,613
DSC_0005_JPG_jpg.rf.3e2876eebeb0870d0a2e059771f0286c.jpg,640,640,knife,296,302,373,368,77,66
null_image.jpg,640,640,,,,,,0,0
6_22_3_0005932_jpg.rf.3ef8b9b3391b54d6ea9f345eae2a71d6.jpg,640,640,gun,274,264,317,420,43,156
252_jpg.rf.3ed8b858151caeb6b8b42b91722637a3.jpg,640,640,knife,276,465,305,566,29,101
knife_828_jpg.rf.3f0bbed9d59e9b4a9a31ac6431e86db6.jpg,640,640,knife,112,454,291,574,179,120
BOJangsari_DP28_3_jpg.rf.3f06463a51a9c6c3962af7ed08c5d4d7.jpg,640,640,gun,255,464,589,574,334,110
BOJangsari_DP28_3_jpg.rf.3f06463a51a9c6c3962af7ed08c5d4d7.jpg,640,640,gun,212,243,437,462,225,219
70_jpg.rf.3f00dd2bdf836e235a3c7b8425689ea1.jpg,640,640,knife,298,383,380,497,82,114
144_jpg.rf.3ebcc167cee0687e78a8afe37f029085.jpg,640,640,knife,226,257,451,494,225,237
10171707_1545_jpg.rf.3f19b059fb7e1e99d3861a2f262e6a4a.jpg,640,640,gun,98,286,245,618,147,332
Gun_2715_jpg.rf.3f39a48a3fd72522da77fb4687a8823e.jpg,640,640,gun,19,256,298,553,279,297
Gun_2715_jpg.rf.3f39a48a3fd72522da77fb4687a8823e.jpg,640,640,gun,111,17,575,483,464,466
knife_707_jpg.rf.3e2c4c5e63eb499724e6af4c6f4b6304.jpg,640,640,knife,337,211,479,370,142,159
FC-P226-5_jpg.rf.3f4ce051f383b9ff14711c8676c26f82.jpg,640,640,gun,352,292,464,514,112,222
KravMagaTraining661_jpg.rf.3f12f11ec216fc29c0658ab0a6ee8993.jpg,640,640,knife,420,243,454,372,34,129
277_jpg.rf.3f46930c2290af9093ae036e1188650c.jpg,640,640,knife,167,246,376,429,209,183
knife_891_jpg.rf.3f0f1938a862eb07925fb31dae5e6656.jpg,640,640,knife,59,485,133,639,74,154
Arizmendi_Zulaica_Cebra_jpg.rf.3f6748773dc1eee00df7a5cbe0de7832.jpg,640,640,gun,10,0,619,635,609,635
MiB-BG-001_jpg.rf.3f6c5bd6e63a6b17387d1c3ecaa08df5.jpg,640,640,gun,12,279,498,564,486,285
MiB-BG-001_jpg.rf.3f6c5bd6e63a6b17387d1c3ecaa08df5.jpg,640,640,gun,90,62,413,287,323,225
null_image.jpg,640,640,,,,,,0,0
MBF-GF-WP38-2_jpg.rf.3f04ce469dbfc439dcf2dd07320bba17.jpg,640,640,gun,364,287,496,433,132,146
Teheran_43_Hi_Power-1_jpg.rf.3f7a272fbc07caa51e2c00e6ea63bfac.jpg,640,640,gun,124,440,215,555,91,115
Gun_589_jpg.rf.3f53332862a85ff9d5353f1f434f0691.jpg,640,640,gun,4,5,624,608,620,603
107635_01__00886_jpg.rf.3f8a231f4f1f2e1bf23f84d3db25234d.jpg,640,640,gun,496,285,587,420,91,135
6_22_3_0000592_jpg.rf.3f92ffbb0875f108c9210da867a62065.jpg,640,640,gun,257,164,311,289,54,125
knife_588_jpg.rf.3fc3dcee160c93b632efe03c8c083280.jpg,640,640,knife,132,52,248,506,116,454
knife_112_jpg.rf.3f6b3a1a9966fa82b2ba8cf1962cbaac.jpg,640,640,knife,194,205,489,485,295,280
Gun_1337_jpg.rf.3fb9961c2ba4d920b776b040abd0d315.jpg,640,640,gun,8,0,624,571,616,571
11_12_417_jpg.rf.3f9e0c9528136c5a5e5b39d68e3e0410.jpg,640,640,gun,70,77,304,469,234,392
knife_972_jpg.rf.3f87906d6ec9aa90b12eb5eac9fc405f.jpg,640,640,knife,76,423,139,560,63,137
image150_jpg.rf.3f88503011edbd0f7c5ae91f7b222c08.jpg,640,640,gun,109,253,461,634,352,381
gun_3_1_1__0001480_jpg.rf.3fbd4fb6ef13f5738c0269bb1d90ff82.jpg,640,640,gun,275,203,310,415,35,212
KravMagaKnifeDefenseTechniques719_jpg.rf.3fb9d28dbd2c5b5092bcb20e32b46d45.jpg,640,640,knife,287,393,371,450,84,57
knife_493_jpg.rf.3fcf799f119e8ea1f01f3be0c1137060.jpg,640,640,knife,43,215,464,398,421,183
sharpenKnife297_jpg.rf.3fc459e856da1572cc0c3d9d2a0c5303.jpg,640,640,knife,163,107,521,295,358,188
3_jpg.rf.40014f4a4fbabeffe56b05fa4001fec1.jpg,640,640,knife,362,169,500,262,138,93
knife_36_jpg.rf.402c198b5c05bde22afba6344b7cde3d.jpg,640,640,knife,200,268,623,502,423,234
299_jpg.rf.3fac211fec9a76573f35ddef24063649.jpg,640,640,knife,305,51,476,334,171,283
6_22_2_0007224_jpg.rf.4031d2130e348d11c1731f6b8340cde4.jpg,640,640,gun,397,250,437,353,40,103
NOFMB-FN1900b_jpg.rf.3fe0cf244f4abb96c85bcb3c3b871362.jpg,640,640,gun,409,388,514,538,105,150
6_22_2_0006280_jpg.rf.3fef6ac80bdb319d9bf38627d32d5987.jpg,640,640,gun,270,136,313,258,43,122
batch_290_jpg.rf.401e78dc2adb9d63cc65e638f41d942b.jpg,640,640,knife,105,268,122,300,17,32
batch_290_jpg.rf.401e78dc2adb9d63cc65e638f41d942b.jpg,640,640,knife,596,95,607,155,11,60
batch_290_jpg.rf.401e78dc2adb9d63cc65e638f41d942b.jpg,640,640,knife,267,401,282,459,15,58
batch_290_jpg.rf.401e78dc2adb9d63cc65e638f41d942b.jpg,640,640,knife,589,400,601,452,12,52
batch_1_jpg.rf.40750f2e101cde94cef70a7d1f63e57f.jpg,640,640,gun,0,24,317,305,317,281
batch_1_jpg.rf.40750f2e101cde94cef70a7d1f63e57f.jpg,640,640,gun,391,108,607,230,216,122
batch_1_jpg.rf.40750f2e101cde94cef70a7d1f63e57f.jpg,640,640,gun,8,350,305,616,297,266
batch_1_jpg.rf.40750f2e101cde94cef70a7d1f63e57f.jpg,640,640,gun,377,446,621,530,244,84
Armed_and_Dangerous-SW15-2_jpg.rf.404d1eb4a5538052e29b8b05cf77da90.jpg,640,640,gun,107,225,163,447,56,222
APSWSM-S-W19-5_jpg.rf.407d706bd8523bf36b2a746bb6d90829.jpg,640,640,gun,287,231,355,480,68,249
gun_7m_static_0001456_jpg.rf.4092643a37b55542b1a8bb611bcd21df.jpg,640,640,gun,335,139,368,237,33,98
KravMagaKnifeDefenseTechniques290_jpg.rf.40082bf279d712dc64a1aeded5508e01.jpg,640,640,knife,378,342,480,443,102,101
92_jpg.rf.407594a24ef4b4aa0152c23e39d2489c.jpg,640,640,knife,246,372,288,417,42,45
knife_1229_jpg.rf.406db8e19630e10b0a081d23a068d7c4.jpg,640,640,knife,348,236,445,325,97,89
97_jpg.rf.4004e331c74880978d4147cd076af280.jpg,640,640,knife,227,245,536,511,309,266
10179637_774_jpg.rf.407ad6c4817240409b23e659eef0eeba.jpg,640,640,gun,339,270,411,446,72,176
FTKGlock173_jpg.rf.40c691f03346aeb62073d249a1437098.jpg,640,640,gun,110,204,186,314,76,110
knife_188_jpg.rf.40b88632149aa8db7b59243b99f3d699.jpg,640,640,knife,46,31,186,488,140,457
189_jpg.rf.40fef7b66b03b933a260a01ce50b74da.jpg,640,640,knife,288,325,311,405,23,80
knife_1041_jpg.rf.40fe082cf59647e2c9167ae9702a2d1c.jpg,640,640,knife,229,416,382,582,153,166
Gun_1058_jpg.rf.40e8e98e3889b6347a77a059894d30c0.jpg,640,640,gun,21,25,604,599,583,574
Krushenie_emirata-FN1910-3_jpg.rf.40582ed130b4b03c548131c5b559ddb2.jpg,640,640,gun,85,9,195,252,110,243
batch_254_jpg.rf.4118ba3bda042c31ce029040470d41ca.jpg,640,640,gun,80,137,235,319,155,182
batch_254_jpg.rf.4118ba3bda042c31ce029040470d41ca.jpg,640,640,gun,350,180,389,235,39,55
batch_254_jpg.rf.4118ba3bda042c31ce029040470d41ca.jpg,640,640,gun,0,322,317,639,317,317
batch_254_jpg.rf.4118ba3bda042c31ce029040470d41ca.jpg,640,640,gun,319,319,639,635,320,316
C1A1_jpg.rf.40fa4d5a522cee96e63c40cb0b5fac26.jpg,640,640,gun,0,0,639,636,639,636
RealityKnifeAttacks0592_jpg.rf.40d87219be253345e056a3bff0770790.jpg,640,640,knife,255,377,295,438,40,61
batch_187_jpg.rf.40d3f890ee4c19401e4967533b48b298.jpg,640,640,knife,90,129,216,180,126,51
batch_187_jpg.rf.40d3f890ee4c19401e4967533b48b298.jpg,640,640,knife,346,14,399,149,53,135
batch_187_jpg.rf.40d3f890ee4c19401e4967533b48b298.jpg,640,640,knife,410,11,447,179,37,168
batch_187_jpg.rf.40d3f890ee4c19401e4967533b48b298.jpg,640,640,knife,459,4,502,199,43,195
batch_187_jpg.rf.40d3f890ee4c19401e4967533b48b298.jpg,640,640,knife,563,0,617,222,54,222
batch_187_jpg.rf.40d3f890ee4c19401e4967533b48b298.jpg,640,640,knife,515,0,559,226,44,226
batch_187_jpg.rf.40d3f890ee4c19401e4967533b48b298.jpg,640,640,knife,120,395,233,441,113,46
batch_187_jpg.rf.40d3f890ee4c19401e4967533b48b298.jpg,640,640,knife,457,354,540,459,83,105
10239837_411_jpg.rf.412bf5f14427cdfc5246197586d28242.jpg,640,640,gun,356,180,408,252,52,72
null_image.jpg,640,640,,,,,,0,0
Carlos-uzi-2_jpg.rf.4166f5406ece29c582d686072a663c3c.jpg,640,640,gun,264,174,406,346,142,172
batch_73_jpg.rf.415bfa26d16c489e992f11f47293e704.jpg,640,640,knife,194,132,246,306,52,174
batch_73_jpg.rf.415bfa26d16c489e992f11f47293e704.jpg,640,640,knife,459,136,550,298,91,162
batch_73_jpg.rf.415bfa26d16c489e992f11f47293e704.jpg,640,640,knife,79,399,130,584,51,185
batch_73_jpg.rf.415bfa26d16c489e992f11f47293e704.jpg,640,640,knife,480,577,499,614,19,37
KravMagaTraining4127_jpg.rf.41835e1b1665af448260686f1737a324.jpg,640,640,knife,98,197,134,305,36,108
Big_Racket-Beretta51-03_jpg.rf.411f14e5b7a3f77fb5281a9d1667020f.jpg,640,640,gun,228,292,304,422,76,130
DefenseKnifeAttack0132_jpg.rf.411841b0b05ad4b9d688801d57a5eaed.jpg,640,640,knife,323,351,368,392,45,41
DIBD004_jpg.rf.41ce685a106b4290664fc591f9954a3c.jpg,640,640,gun,309,293,395,367,86,74
39Steps78_Bulldog_02_jpg.rf.40aad86ff09da6ebae9228c9bc293211.jpg,640,640,gun,24,53,179,442,155,389
TL-Beretta92SBC-3_jpg.rf.41689f6feacdbf322429f452281ccc77.jpg,640,640,gun,457,198,590,496,133,298
GSBeretta92FS-1_jpg.rf.41dff400abc6b481eb51dcb4fb63e8cc.jpg,640,640,gun,310,485,481,636,171,151
KnifeDefenseKrav026_jpg.rf.4156353aef9d054370885f8d222f0e6d.jpg,640,640,knife,280,17,351,85,71,68
Murphys_Law-Revolver7-01_jpg.rf.4112508dbaec3c3379d0a740f7f84b8b.jpg,640,640,gun,259,65,429,539,170,474
batch_96_jpg.rf.41d8e4d88cb2065f6f75ab8455540157.jpg,640,640,knife,28,58,193,202,165,144
batch_96_jpg.rf.41d8e4d88cb2065f6f75ab8455540157.jpg,640,640,knife,390,30,574,255,184,225
batch_96_jpg.rf.41d8e4d88cb2065f6f75ab8455540157.jpg,640,640,knife,107,411,149,465,42,54
batch_96_jpg.rf.41d8e4d88cb2065f6f75ab8455540157.jpg,640,640,knife,426,406,470,459,44,53
knife_777_jpg.rf.419af9233022eca4c71e248c4c204cab.jpg,640,640,knife,288,178,443,311,155,133
Gun_1211_jpg.rf.422caba6e40e433b3cb4f124eef9ef04.jpg,640,640,gun,34,155,620,497,586,342
batch_195_jpg.rf.41ca30f6c9b59aa42444b7b786b35f80.jpg,640,640,knife,52,180,294,319,242,139
batch_195_jpg.rf.41ca30f6c9b59aa42444b7b786b35f80.jpg,640,640,knife,342,45,480,193,138,148
batch_195_jpg.rf.41ca30f6c9b59aa42444b7b786b35f80.jpg,640,640,knife,46,362,150,633,104,271
batch_195_jpg.rf.41ca30f6c9b59aa42444b7b786b35f80.jpg,640,640,knife,378,329,596,577,218,248
1017171010_2205_jpg.rf.42012f73f8fe3d7a2356ac1f68aa71da.jpg,640,640,gun,73,308,268,603,195,295
158_jpg.rf.4146fc8499eb13c41b15afa47c9eaf21.jpg,640,640,knife,257,188,426,251,169,63
knife_1259_jpg.rf.412d1f28dc349d1bc1dce5dcf610d401.jpg,640,640,knife,169,289,262,415,93,126
80_jpg.rf.415bf930f180e2e66081e0cac3541840.jpg,640,640,knife,285,555,337,603,52,48
knife_458_jpg.rf.41ed9606851a6a3654166b77927dd110.jpg,640,640,knife,67,289,356,585,289,296
Trick-sw10b_jpg.rf.41b5b48205af7bf3c14ea00074a3c36c.jpg,640,640,gun,402,67,505,325,103,258
null_image.jpg,640,640,,,,,,0,0
3415_jpg.rf.41ec0166165b7afb7da6ca2f5905eddd.jpg,640,640,knife,382,89,433,386,51,297
UAngelique-016_jpg.rf.41439918f75b3fa8cfc8b458fd737cf3.jpg,640,640,gun,232,370,312,531,80,161
6_22_1_0005760_jpg.rf.425126e73e616c92cc5d5a9d96b2f282.jpg,640,640,gun,19,163,124,409,105,246
Taxi-sw29g_jpg.rf.424b3a752254840c26c2eb5dedcbfbe6.jpg,640,640,gun,8,199,543,639,535,440
1017205631_180_jpg.rf.4238b0913530b4096e8e1fd1ce24b296.jpg,640,640,gun,26,174,524,551,498,377
HatT-Revolver1-2_jpg.rf.423b803d5304a3b4c029391f32186e34.jpg,640,640,gun,201,538,311,639,110,101
6_22_4_0009540_jpg.rf.42874fccafdce4848dd6a0f0d75742fe.jpg,640,640,gun,335,433,390,568,55,135
gun_3_1_1__0001216_jpg.rf.42b98a5dbab2d6b2f012a929165c1154.jpg,640,640,gun,241,316,292,505,51,189
6_22_4_0001892_jpg.rf.422ef2ca4a7797fbb16604c1ba76add4.jpg,640,640,gun,317,145,370,247,53,102
gun1_5m_static_0001000_jpg.rf.42455dd6540cdbd26cb0219b0ca9af48.jpg,640,640,gun,303,323,329,450,26,127
KravMagaTraining637_jpg.rf.42a3e8fbf8d347aa33355ae6fd41c9ec.jpg,640,640,knife,546,431,599,552,53,121
knife_966_jpg.rf.428cfa86fe50c242870ce7f7211e7e25.jpg,640,640,knife,156,352,225,523,69,171
Kingsman_32_jpg.rf.425ca8b4056bc838318bb877efa53637.jpg,640,640,gun,223,105,325,398,102,293
sharpenKnife100_jpg.rf.4312dfd2badab398eab179a5499e2bf6.jpg,640,640,knife,97,95,195,326,98,231
sharpenKnife100_jpg.rf.4312dfd2badab398eab179a5499e2bf6.jpg,640,640,knife,250,116,420,324,170,208
DH2ColtPython-6_jpg.rf.429c938aae3dbd36162830e630fb4c4e.jpg,640,640,gun,136,295,312,516,176,221
KravMagaTraining752_jpg.rf.426362721bc3e7775bbbd38a02be87a3.jpg,640,640,knife,473,254,501,425,28,171
knife_557_jpg.rf.42881577a1f24901379d7d0f022257c6.jpg,640,640,knife,52,174,541,489,489,315
knife_567_jpg.rf.426860564faf765b46a17532f7144113.jpg,640,640,knife,154,474,429,621,275,147
H-K_USP_9MM_5_jpg.rf.42c074213f4b258e1b032826d57cd1b2.jpg,640,640,gun,0,0,630,627,630,627
batch_439_jpg.rf.432d171aec83f8550863ef8b9bd7ba3b.jpg,640,640,gun,27,18,288,280,261,262
batch_439_jpg.rf.432d171aec83f8550863ef8b9bd7ba3b.jpg,640,640,gun,319,67,598,301,279,234
batch_439_jpg.rf.432d171aec83f8550863ef8b9bd7ba3b.jpg,640,640,gun,5,321,309,628,304,307
batch_439_jpg.rf.432d171aec83f8550863ef8b9bd7ba3b.jpg,640,640,gun,372,390,397,420,25,30
knife_1160_jpg.rf.42c732471d05b78caef34d2cfd4ffe41.jpg,640,640,knife,171,319,255,433,84,114
knife_1011_jpg.rf.42a63468d78f089ad872b4573765e255.jpg,640,640,knife,149,290,215,453,66,163
knife_1090_jpg.rf.431819e807b4b19fae0afc68ab49f5f9.jpg,640,640,knife,248,318,289,517,41,199
6_22_4_0011968_jpg.rf.429e859ea81bb960fc39c829e66c0da5.jpg,640,640,gun,395,291,452,342,57,51
6_22_3_0002804_jpg.rf.424706adcda3c89ddc32dc8104d75ce6.jpg,640,640,gun,302,96,409,164,107,68
Gun_2753_jpg.rf.43385a715be10d97c0e91e469e13d96e.jpg,640,640,gun,4,264,416,512,412,248
6_22_3_0005880_jpg.rf.42c24e63aa8d260f1fc5874dd5773c67.jpg,640,640,gun,282,284,330,453,48,169
batch_368_jpg.rf.437c1759450182a1418c31accfb6d9a2.jpg,640,640,gun,217,78,233,123,16,45
batch_368_jpg.rf.437c1759450182a1418c31accfb6d9a2.jpg,640,640,gun,481,143,495,193,14,50
batch_368_jpg.rf.437c1759450182a1418c31accfb6d9a2.jpg,640,640,gun,168,467,182,513,14,46
batch_368_jpg.rf.437c1759450182a1418c31accfb6d9a2.jpg,640,640,gun,498,407,521,446,23,39
gun_3_3_1__0000552_jpg.rf.42fb5a96d58282fa0b5e6075e21c4caf.jpg,640,640,gun,237,302,294,483,57,181
2022-04-15_1_jpg.rf.4349c1f6828eb6001b3cb3b1d23e469f.jpg,640,640,knife,346,574,386,608,40,34
gun1_5m_static_0000688_jpg.rf.437261de9189898fef4ef0b6adab51b6.jpg,640,640,gun,212,346,278,456,66,110
knife_212_jpg.rf.428d03b523fc45c0a652fae897d75961.jpg,640,640,knife,240,26,419,548,179,522
gun_6m_static_0000944_jpg.rf.43b603aea4cdf9262032552ab5c615b1.jpg,640,640,gun,349,202,385,300,36,98
knife_817_jpg.rf.4379b5a1d4cc509b35903684afec42c8.jpg,640,640,knife,84,530,166,639,82,109
KravMagaKnifeDefenseTechniques703_jpg.rf.43bbfc5160a8036bfca6e5919e0231dd.jpg,640,640,knife,289,363,377,423,88,60
gun_2_1_1__0006420_jpg.rf.43c0a5455666f318b8bfa4007ec647e9.jpg,640,640,gun,490,320,530,360,40,40
DSC_0049_JPG_jpg.rf.437a31314110661dd16e2e5e389c2214.jpg,640,640,knife,298,441,319,563,21,122
batch_125_jpg.rf.43220271b788c3e6359b2cb8e159a913.jpg,640,640,gun,13,152,108,317,95,165
batch_125_jpg.rf.43220271b788c3e6359b2cb8e159a913.jpg,640,640,gun,364,127,399,219,35,92
batch_125_jpg.rf.43220271b788c3e6359b2cb8e159a913.jpg,640,640,gun,4,449,33,537,29,88
batch_125_jpg.rf.43220271b788c3e6359b2cb8e159a913.jpg,640,640,gun,327,444,356,544,29,100
DefenseKnifeAttack0476_jpg.rf.4391e69b87e57cf7d952eafa1fc7a730.jpg,640,640,knife,214,428,291,574,77,146
null_image.jpg,640,640,,,,,,0,0
710_jpg.rf.441e8ea18fd91d1a6262606825ec32a2.jpg,640,640,knife,169,252,226,640,57,388
KravMagaTraining20626_jpg.rf.43cf1662e12e03dbe2b4e298ba0e3f28.jpg,640,640,knife,277,399,354,462,77,63
11_12_2561_jpg.rf.43bc8d05a628af6ed13d00ecac23047c.jpg,640,640,gun,289,268,336,332,47,64
Gun_1126_jpg.rf.43c8c18d1d5743035d543f5516271576.jpg,640,640,gun,28,142,624,569,596,427
knife_1292_jpg.rf.43b98252d0611ae1d9f28b673edca20d.jpg,640,640,knife,454,215,488,358,34,143
sharpenKnife300_jpg.rf.441bbf1d4e971d7982391b8208e29059.jpg,640,640,knife,278,151,640,480,362,329
6_22_3_0001544_jpg.rf.44357ed5393c03964668588aa653d62c.jpg,640,640,gun,189,210,252,377,63,167
1649338728-4763157_jpg.rf.4402cc455675e29d47e4958c4930953c.jpg,640,640,knife,383,88,465,588,82,500
knife_597_jpg.rf.445cbb0e241934c7cbf9088414384a78.jpg,640,640,knife,108,65,435,400,327,335
6_22_4_0010172_jpg.rf.439b7cb40e50d59b246ab93608a5b5b1.jpg,640,640,gun,365,270,435,406,70,136
Inception12_jpg.rf.443d1975ee073d8f317fb33d146a3d6d.jpg,640,640,gun,191,248,434,453,243,205
JW2_173_jpg.rf.445f1d4c8b467b2cf2e9ce8af53a53bb.jpg,640,640,gun,273,251,482,619,209,368
Trans-M4A1-6special_jpg.rf.445760070319c55bda55225d430a4b74.jpg,640,640,gun,155,114,479,350,324,236
11_12_1518_jpg.rf.4463ddad662050a55b78480777c19b12.jpg,640,640,gun,214,24,401,165,187,141
11_12_1518_jpg.rf.4463ddad662050a55b78480777c19b12.jpg,640,640,gun,151,195,292,333,141,138
11_12_1518_jpg.rf.4463ddad662050a55b78480777c19b12.jpg,640,640,gun,341,198,487,336,146,138
11_12_1518_jpg.rf.4463ddad662050a55b78480777c19b12.jpg,640,640,gun,41,362,180,500,139,138
11_12_1518_jpg.rf.4463ddad662050a55b78480777c19b12.jpg,640,640,gun,442,386,579,533,137,147
11_12_1518_jpg.rf.4463ddad662050a55b78480777c19b12.jpg,640,640,gun,192,364,419,616,227,252
1649338729-8370228_jpg.rf.4442b6c42bff4260b20b89dcc79e5dab.jpg,640,640,knife,402,135,493,640,91,505
knife_572_jpg.rf.43e26d7543e751d19d86898dd2ffdd63.jpg,640,640,knife,145,148,450,300,305,152
DefenseKnifeAttack0509_jpg.rf.444670299cfc2766f5a9c1bdbffcce06.jpg,640,640,knife,108,372,205,480,97,108
batch_150_jpg.rf.44837b0e61a615f853ea1f98ae0cb4e8.jpg,640,640,knife,61,323,320,638,259,315
batch_150_jpg.rf.44837b0e61a615f853ea1f98ae0cb4e8.jpg,640,640,knife,377,34,593,293,216,259
batch_150_jpg.rf.44837b0e61a615f853ea1f98ae0cb4e8.jpg,640,640,knife,110,101,160,260,50,159
Une_corde_un_Colt_SAA_1_jpg.rf.444942eb095a55bab6a40afa462204df.jpg,640,640,gun,295,431,437,596,142,165
64_jpg.rf.43c188432e743fc1a5c9136273356ada.jpg,640,640,knife,231,320,263,411,32,91
1021111323_9030_jpg.rf.449a145784d11319db908d5f35965f8d.jpg,640,640,gun,173,171,255,413,82,242
knife_385_jpg.rf.4479e817778ca681cdf4504cdf977288.jpg,640,640,knife,3,92,337,303,334,211
KDSh-Mauser-1_jpg.rf.445cb7991d036aed27931df65c207d2e.jpg,640,640,gun,345,106,635,626,290,520
gun_7m_static_0002104_jpg.rf.4498a9036d2c4abdcd9a869ff2a3c84a.jpg,640,640,gun,349,189,366,281,17,92
44_Minutes_049_jpg.rf.44857ddab71f6e7d4a2ce5930d5b8bf8.jpg,640,640,gun,304,145,374,324,70,179
7_7_asd_00130352_jpg.rf.442a2ca03cd16d597a321bf6841333f3.jpg,640,640,gun,264,215,347,398,83,183
gun_3_1_1__0001172_jpg.rf.44cb74d17d05cc9c1d350c0b72bde84d.jpg,640,640,gun,245,362,282,528,37,166
knife_602_jpg.rf.44b6202ce1079ae3171a462dd52836b4.jpg,640,640,knife,43,21,449,518,406,497
batch_165_jpg.rf.446a2b1895f164a29895fddc6c918969.jpg,640,640,gun,12,9,314,298,302,289
batch_165_jpg.rf.446a2b1895f164a29895fddc6c918969.jpg,640,640,gun,489,182,558,319,69,137
batch_165_jpg.rf.446a2b1895f164a29895fddc6c918969.jpg,640,640,gun,180,378,224,505,44,127
batch_165_jpg.rf.446a2b1895f164a29895fddc6c918969.jpg,640,640,gun,379,532,450,623,71,91
batch_343_jpg.rf.44cf769ca35fbf008c084cc47f4b37ab.jpg,640,640,knife,92,70,202,229,110,159
batch_343_jpg.rf.44cf769ca35fbf008c084cc47f4b37ab.jpg,640,640,knife,332,59,384,136,52,77
batch_343_jpg.rf.44cf769ca35fbf008c084cc47f4b37ab.jpg,640,640,knife,86,368,307,573,221,205
batch_343_jpg.rf.44cf769ca35fbf008c084cc47f4b37ab.jpg,640,640,knife,412,412,591,491,179,79
knife_174_jpg.rf.44d2bbb4287067cc8a81103579d00947.jpg,640,640,knife,122,252,628,457,506,205
130_jpg.rf.448625f404258192d9a3a026ff600aff.jpg,640,640,knife,331,525,366,599,35,74
knife_558_jpg.rf.44ce594f75359150ed3961e6b4e72dc1.jpg,640,640,knife,328,174,527,631,199,457
6_22_2_0002344_jpg.rf.44fc31937b66a33ceb52ca1c2a2d8f28.jpg,640,640,gun,178,186,220,255,42,69
gun_3_1_1__0001084_jpg.rf.449aae2be347e9f9bea67d351c89590e.jpg,640,640,gun,253,359,327,516,74,157
Marine4_19_jpg.rf.44f2c85eedffaf6d5d55938c5bd4e12b.jpg,640,640,gun,229,489,258,590,29,101
98_jpg.rf.450fba6aac431bf35c8705ecbdc2353c.jpg,640,640,knife,248,390,291,433,43,43
null_image.jpg,640,640,,,,,,0,0
batch_17_jpg.rf.4557d077baffb46820253b374420ff05.jpg,640,640,gun,5,18,311,291,306,273
batch_17_jpg.rf.4557d077baffb46820253b374420ff05.jpg,640,640,gun,404,78,529,266,125,188
batch_17_jpg.rf.4557d077baffb46820253b374420ff05.jpg,640,640,gun,134,388,159,473,25,85
batch_17_jpg.rf.4557d077baffb46820253b374420ff05.jpg,640,640,gun,439,441,554,625,115,184
knifeDefenseTechnique018_jpg.rf.45759bdd09c881b87121f3a0e6fd7619.jpg,640,640,knife,300,201,342,374,42,173
1011203424_5772_jpg.rf.459229d5aceb567db37653b96b9e8007.jpg,640,640,gun,286,62,640,591,354,529
gun1_6m_static_0000752_jpg.rf.453bec4524d32c0b3bc37044738eea61.jpg,640,640,gun,246,306,287,408,41,102
RusoClases005_jpg.rf.456389a008645844412fa8eddc59ccb1.jpg,640,640,knife,243,193,293,276,50,83
6_22_3_0003356_jpg.rf.452aa8e43b5fe2014bd2350a24a035ba.jpg,640,640,gun,100,4,140,158,40,154
KravMagaTraining20703_jpg.rf.453491c7be5993d1a3edcb24bf52b8b0.jpg,640,640,knife,292,360,391,463,99,103
null_image.jpg,640,640,,,,,,0,0
190_jpg.rf.45affc6c7be1936ccb7676c8060b3511.jpg,640,640,knife,346,31,417,378,71,347
DanishMadsenm50_jpg.rf.456b23146f2c7fbf476a2489668a58df.jpg,640,640,gun,5,0,630,618,625,618
knife_1217_jpg.rf.450210feb682888d9a5e76b03a61ffb6.jpg,640,640,knife,305,242,351,400,46,158
knife_1217_jpg.rf.450210feb682888d9a5e76b03a61ffb6.jpg,640,640,knife,362,292,431,431,69,139
null_image.jpg,640,640,,,,,,0,0
PAAF-MauserPocket-2_jpg.rf.45935cd16adcda2c04de82da5c5fe2c9.jpg,640,640,gun,408,339,463,427,55,88
knife_540_jpg.rf.45bb0f98370ea4c46638969d4b6c7bac.jpg,640,640,knife,145,120,343,332,198,212
knife_434_jpg.rf.45d8c2c2bebae5ddf8319169180048c9.jpg,640,640,knife,46,345,319,637,273,292
knife_1035_jpg.rf.45107be5c14bd2161a0d2b1515e04909.jpg,640,640,knife,88,343,236,494,148,151
No_Way_Back-M1911-2_jpg.rf.45bbedbd15f6b93630f607e9ecf445c5.jpg,640,640,gun,272,155,341,341,69,186
1649338735-1574504_jpg.rf.45542aec963282bf06a67ad8f38f896f.jpg,640,640,knife,280,189,368,640,88,451
gun1_6m_static_0002200_jpg.rf.45d48348e9ed29a7d7077262a36cc190.jpg,640,640,gun,321,293,348,377,27,84
gun_3_3_1__0000264_jpg.rf.45dc91d448594a5294d62cf85736a1ac.jpg,640,640,gun,270,383,296,506,26,123
knife_166_jpg.rf.45f618b5621c28ea310c492cdb8d39f0.jpg,640,640,knife,91,219,565,442,474,223
knife_629_jpg.rf.45fe05a20a1d362891292ff4a359c513.jpg,640,640,knife,96,120,222,542,126,422
knife_629_jpg.rf.45fe05a20a1d362891292ff4a359c513.jpg,640,640,knife,295,31,397,540,102,509
05_14_0000235_jpg.rf.45f2a3cc60ab66bea3c0f34423cc0151.jpg,640,640,gun,8,68,612,431,604,363
MB-RADOM_jpg.rf.46081e2ca973a4e2475457e8bce8d8ff.jpg,640,640,gun,420,553,493,628,73,75
ColtSingleActionArmy_jpg.rf.45d5422895bf5cf0ca356d8f7a3b00bb.jpg,640,640,gun,5,17,619,619,614,602
knifeDefenseTechnique018_jpg.rf.45cced77a793c84bfbdf278ac5bb4263.jpg,640,640,knife,299,202,341,373,42,171
2022-04-21_428_jpg.rf.45e93879b874cb84df2e06ec8e074ab0.jpg,640,640,knife,318,386,337,465,19,79
Gun_2766_jpg.rf.45f8669b852d900e5c17beddadf3932b.jpg,640,640,gun,0,138,521,553,521,415
29_jpg.rf.45f65dc83ef4bfa3c5c5ae7f0da69f1d.jpg,640,640,knife,262,462,288,519,26,57
155_jpg.rf.461f12f021faaf52d431dce837e6894d.jpg,640,640,knife,28,31,266,485,238,454
10257555_5544_jpg.rf.45f139b01ba702943511d7d1651fc313.jpg,640,640,gun,283,176,439,380,156,204
102423395_278_jpg.rf.45d244af077b90bd40fddfc122a9a906.jpg,640,640,gun,3,187,635,631,632,444
KravMagaKnifeDefenseTechniques262_jpg.rf.4629b77f52170fd6c2e0ff520aa9dcf5.jpg,640,640,knife,353,126,456,203,103,77
H-R-3_jpg.rf.464f6df1cc07f32b33e302b7801fb1d7.jpg,640,640,gun,5,18,627,634,622,616
knife_1137_jpg.rf.4677d8147b6d3a4e8f709aa2959e8348.jpg,640,640,knife,79,33,243,556,164,523
knife_1336_jpg.rf.46776fd3942fc2f8c81671650c85fed8.jpg,640,640,knife,261,323,297,483,36,160
Abang_Long_Fadil_2_-_Lot_of_weapons_jpg.rf.46d7f2f31697f5b7aa83b8a0eb3a9344.jpg,640,640,gun,279,214,356,350,77,136
Abang_Long_Fadil_2_-_Lot_of_weapons_jpg.rf.46d7f2f31697f5b7aa83b8a0eb3a9344.jpg,640,640,gun,199,46,265,171,66,125
Abang_Long_Fadil_2_-_Lot_of_weapons_jpg.rf.46d7f2f31697f5b7aa83b8a0eb3a9344.jpg,640,640,gun,278,40,345,168,67,128
Abang_Long_Fadil_2_-_Lot_of_weapons_jpg.rf.46d7f2f31697f5b7aa83b8a0eb3a9344.jpg,640,640,gun,446,0,636,140,190,140
Abang_Long_Fadil_2_-_Lot_of_weapons_jpg.rf.46d7f2f31697f5b7aa83b8a0eb3a9344.jpg,640,640,gun,457,159,632,402,175,243
Abang_Long_Fadil_2_-_Lot_of_weapons_jpg.rf.46d7f2f31697f5b7aa83b8a0eb3a9344.jpg,640,640,gun,441,448,630,631,189,183
Abang_Long_Fadil_2_-_Lot_of_weapons_jpg.rf.46d7f2f31697f5b7aa83b8a0eb3a9344.jpg,640,640,gun,278,388,354,512,76,124
Abang_Long_Fadil_2_-_Lot_of_weapons_jpg.rf.46d7f2f31697f5b7aa83b8a0eb3a9344.jpg,640,640,gun,220,379,284,530,64,151
Abang_Long_Fadil_2_-_Lot_of_weapons_jpg.rf.46d7f2f31697f5b7aa83b8a0eb3a9344.jpg,640,640,gun,203,207,276,360,73,153
Abang_Long_Fadil_2_-_Lot_of_weapons_jpg.rf.46d7f2f31697f5b7aa83b8a0eb3a9344.jpg,640,640,gun,157,127,209,613,52,486
Abang_Long_Fadil_2_-_Lot_of_weapons_jpg.rf.46d7f2f31697f5b7aa83b8a0eb3a9344.jpg,640,640,gun,114,88,150,601,36,513
Abang_Long_Fadil_2_-_Lot_of_weapons_jpg.rf.46d7f2f31697f5b7aa83b8a0eb3a9344.jpg,640,640,gun,79,91,112,603,33,512
DefenseKnifeAttack0511_jpg.rf.46481384c2110ceba948cf593e90103e.jpg,640,640,knife,110,406,209,504,99,98
6_22_4_0001200_jpg.rf.4649608207441b98d5ca0375463640d1.jpg,640,640,gun,220,77,257,184,37,107
BenelliM3Super90foldingstock_jpg.rf.464d5ea2bddbffe80b64e980a2b4b039.jpg,640,640,gun,3,15,635,622,632,607
batch_299_jpg.rf.457d75abafdc9c50e06cdb1f0b9a17e3.jpg,640,640,knife,156,267,180,286,24,19
batch_299_jpg.rf.457d75abafdc9c50e06cdb1f0b9a17e3.jpg,640,640,knife,473,249,484,282,11,33
batch_299_jpg.rf.457d75abafdc9c50e06cdb1f0b9a17e3.jpg,640,640,knife,162,560,179,588,17,28
batch_299_jpg.rf.457d75abafdc9c50e06cdb1f0b9a17e3.jpg,640,640,knife,498,499,515,516,17,17
49_jpg.rf.46c0236da5b5f9bf844e51e4331bacb3.jpg,640,640,knife,250,300,479,505,229,205
knife_34_jpg.rf.46cbf7d1fb858f43b5d5e1e90c9aa05c.jpg,640,640,knife,63,42,499,639,436,597
knife_531_jpg.rf.46db1611dc47ae1f8345c8a8c164202e.jpg,640,640,knife,17,211,526,611,509,400
gun_2_1_1__0011080_jpg.rf.46302bcfc9f3e2ed74870eaa613ba6bf.jpg,640,640,gun,333,280,361,341,28,61
gun1_7m_static_0000952_jpg.rf.467c796818328eae728a1de77041fce6.jpg,640,640,gun,487,212,522,307,35,95
Duraki_revolver_1_5_jpg.rf.46edc09756950aa7eed2a5006fdcfe1c.jpg,640,640,gun,309,106,401,175,92,69
gun1_5m_static_0001656_jpg.rf.467367a82ec02650749af6af4a1194aa.jpg,640,640,gun,484,278,535,386,51,108
null_image.jpg,640,640,,,,,,0,0
knife_596_jpg.rf.46f2e52078d3677ced8c07ab0231a395.jpg,640,640,knife,46,172,260,520,214,348
knife_1242_jpg.rf.4729817725407d889608b83400416120.jpg,640,640,knife,315,284,360,411,45,127
knife_1242_jpg.rf.4729817725407d889608b83400416120.jpg,640,640,knife,364,284,422,426,58,142
batch_324_jpg.rf.47116cd203129655de5f3ad1d936549b.jpg,640,640,gun,26,139,43,173,17,34
batch_324_jpg.rf.47116cd203129655de5f3ad1d936549b.jpg,640,640,gun,394,173,414,192,20,19
batch_324_jpg.rf.47116cd203129655de5f3ad1d936549b.jpg,640,640,gun,113,454,136,485,23,31
batch_324_jpg.rf.47116cd203129655de5f3ad1d936549b.jpg,640,640,gun,439,501,461,588,22,87
6_22_1_0001592_jpg.rf.474d7948856c8332be64530036a2fe76.jpg,640,640,gun,294,97,447,261,153,164
knife_601_jpg.rf.47416166fc41517f06b20791880232cf.jpg,640,640,knife,176,60,527,503,351,443
Horde93mock-2_jpg.rf.477f177035b5ef8b16e55de7eefb82e2.jpg,640,640,gun,379,325,508,487,129,162
KravMagaKnifeDefenseTechniques590_jpg.rf.47513dff73b678f7bf64b756265bc5c9.jpg,640,640,knife,171,462,279,525,108,63
00000367_jpg.rf.4752f6b03e55e6d95a982d7c9ba5a4a5.jpg,640,640,gun,2,210,546,619,544,409
knife_559_jpg.rf.475006af39a0eff59dc35835437f1b71.jpg,640,640,knife,254,216,339,416,85,200
knife_1110_jpg.rf.4763c3e99f0c70bd5995899183134622.jpg,640,640,knife,168,302,306,566,138,264
Medved-5_jpg.rf.471450ad0863e9ae181fc4f128fbb005.jpg,640,640,gun,20,302,265,517,245,215
knife_665_jpg.rf.474f7ca991e2cc52b5c39bbe213ed2d2.jpg,640,640,knife,306,168,392,506,86,338
batch_242_jpg.rf.476dd16e9d15f7639315c8ef58aa21ba.jpg,640,640,gun,144,12,260,319,116,307
batch_242_jpg.rf.476dd16e9d15f7639315c8ef58aa21ba.jpg,640,640,gun,565,69,639,319,74,250
batch_242_jpg.rf.476dd16e9d15f7639315c8ef58aa21ba.jpg,640,640,gun,0,321,317,628,317,307
batch_242_jpg.rf.476dd16e9d15f7639315c8ef58aa21ba.jpg,640,640,gun,333,368,395,563,62,195
batch_242_jpg.rf.476dd16e9d15f7639315c8ef58aa21ba.jpg,640,640,gun,436,541,570,635,134,94
batch_242_jpg.rf.476dd16e9d15f7639315c8ef58aa21ba.jpg,640,640,gun,523,365,626,627,103,262
batch_348_jpg.rf.477b063d24a7347b287f41ae98f09d8e.jpg,640,640,knife,90,241,132,263,42,22
batch_348_jpg.rf.477b063d24a7347b287f41ae98f09d8e.jpg,640,640,knife,357,231,404,270,47,39
batch_348_jpg.rf.477b063d24a7347b287f41ae98f09d8e.jpg,640,640,knife,53,505,102,559,49,54
batch_348_jpg.rf.477b063d24a7347b287f41ae98f09d8e.jpg,640,640,knife,488,439,545,479,57,40
KnifeDefenseKrav060_jpg.rf.47843b85074e78e80b45d81818503177.jpg,640,640,knife,262,39,334,113,72,74
RE2_32001_jpg.rf.478d6faea64d123c40c37d600f2a7a1c.jpg,640,640,gun,288,134,538,639,250,505
167_jpg.rf.478d10cd57e87a40ece39a66709a9731.jpg,640,640,knife,254,99,477,266,223,167
knife10_jpg.rf.478e6bf344a5248e9e7a2bb4575ec321.jpg,640,640,knife,249,89,617,528,368,439
Ka-g17_jpg.rf.47e5675d49aeb1b9408f86985219db15.jpg,640,640,gun,463,118,579,281,116,163
BlindD_002_jpg.rf.4797aa52ae5929fb3da0f9defbb36aec.jpg,640,640,gun,126,346,268,520,142,174
knife_1196_jpg.rf.47e812f6617689dff2700378300f2a39.jpg,640,640,knife,326,262,399,416,73,154
33_jpg.rf.47fd35d5fbc6ea97c16785d2346e8aba.jpg,640,640,knife,301,431,337,551,36,120
14_jpg.rf.47a27d56964b03fb499936e780b22aa1.jpg,640,640,knife,246,329,468,594,222,265
batch_83_jpg.rf.47eee1bac6d5b0b6b0cb3ed114779527.jpg,640,640,knife,223,40,249,126,26,86
batch_83_jpg.rf.47eee1bac6d5b0b6b0cb3ed114779527.jpg,640,640,knife,535,85,561,135,26,50
batch_83_jpg.rf.47eee1bac6d5b0b6b0cb3ed114779527.jpg,640,640,knife,212,414,235,469,23,55
batch_83_jpg.rf.47eee1bac6d5b0b6b0cb3ed114779527.jpg,640,640,knife,532,413,556,460,24,47
null_image.jpg,640,640,,,,,,0,0
The_Line_-_MP5K_special_jpg.rf.4807035c4e9073fa04dc2bcd5213165e.jpg,640,640,gun,294,208,481,432,187,224
gun_3_1_1__0000364_jpg.rf.47dc0d27f42694dd73378a135afdde02.jpg,640,640,gun,274,247,324,471,50,224
154_jpg.rf.47928df3a5c5533557196c86fa2f7a7d.jpg,640,640,knife,220,165,611,594,391,429
HarryHendersons-2014-11-14-20h01m10s214_jpg.rf.4801796959321f79d9dfdf3a70b8f18f.jpg,640,640,gun,154,455,506,582,352,127
Carcanosniper_jpg.rf.47bae2b6c2298a2810525d46c0699b1a.jpg,640,640,gun,6,34,636,614,630,580
Fairbourne_WebleyMkVI_jpg.rf.48039513dba2c075485534a5702b227b.jpg,640,640,gun,91,340,174,639,83,299
KravMagaTraining741_jpg.rf.481d77a29d94b1033a5d861e6e7ca2ae.jpg,640,640,knife,400,158,465,234,65,76
knife_1104_jpg.rf.47b9b06b433320125545bc97e35c8b1d.jpg,640,640,knife,289,134,368,203,79,69
gun_3_1_1__0003376_jpg.rf.48321e4a7d09f19d96b8bba877f74498.jpg,640,640,gun,281,333,341,578,60,245
knife_74_jpg.rf.48444055682675f97c87ed2119e237bf.jpg,640,640,knife,114,56,460,513,346,457
KravMagaKnifeDefenseTechniques295_jpg.rf.481287fdf2d719ac70fef0f22e4cf0bb.jpg,640,640,knife,388,359,475,439,87,80
Poliziotti_violenti-BerettaM70-1_jpg.rf.48281262eb6017850d009d0c3cc40c59.jpg,640,640,gun,256,263,368,543,112,280
gun_2_1_1__0007705_jpg.rf.486c21dfdf9e89ce009cee38d0aec4c5.jpg,640,640,gun,408,323,457,365,49,42
6_22_4_0008436_jpg.rf.484dcd0aef4fb74109b1de9b6da9a2b7.jpg,640,640,gun,271,149,324,238,53,89
DSC_0031_JPG_jpg.rf.484f3bed1801783d72fb95489e411f4f.jpg,640,640,knife,186,335,240,375,54,40
05_14_0000203_jpg.rf.4812c921a8e96321d346c5fa015fd634.jpg,640,640,gun,94,162,297,505,203,343
1011133951_47_jpg.rf.488159c394fe792a1a33f4e7109478b4.jpg,640,640,gun,226,142,325,255,99,113
1011133951_47_jpg.rf.488159c394fe792a1a33f4e7109478b4.jpg,640,640,gun,403,318,518,499,115,181
EKOL_Dicle_jpg.rf.4871a3bbf035bcf7c0d7a66b1c323021.jpg,640,640,gun,1,10,631,634,630,624
sharpenKnife046_jpg.rf.485be267f777560571079448bd659914.jpg,640,640,knife,217,489,368,560,151,71
batch_381_jpg.rf.48cb0f7c5b1bf293485d600d3a04e668.jpg,640,640,knife,148,249,165,284,17,35
batch_381_jpg.rf.48cb0f7c5b1bf293485d600d3a04e668.jpg,640,640,knife,468,190,480,239,12,49
batch_381_jpg.rf.48cb0f7c5b1bf293485d600d3a04e668.jpg,640,640,knife,34,413,224,601,190,188
batch_381_jpg.rf.48cb0f7c5b1bf293485d600d3a04e668.jpg,640,640,knife,462,452,544,499,82,47
batch_154_jpg.rf.489f39f6f05aad98e2e7907b6f7dedcd.jpg,640,640,gun,7,9,307,300,300,291
batch_154_jpg.rf.489f39f6f05aad98e2e7907b6f7dedcd.jpg,640,640,gun,420,71,454,112,34,41
batch_154_jpg.rf.489f39f6f05aad98e2e7907b6f7dedcd.jpg,640,640,gun,51,402,246,624,195,222
batch_154_jpg.rf.489f39f6f05aad98e2e7907b6f7dedcd.jpg,640,640,gun,446,543,506,588,60,45
DH4ColtTrooper-1_jpg.rf.485b72fe87bf04275486bd6b60472d8e.jpg,640,640,gun,210,126,261,237,51,111
null_image.jpg,640,640,,,,,,0,0
knife_983_jpg.rf.48cf09830c0932a983690a6bc157db06.jpg,640,640,knife,141,283,217,471,76,188
87_jpg.rf.48539de4b1cdef977bb09e7e28fa4b09.jpg,640,640,knife,313,469,350,514,37,45
Banzai-003_jpg.rf.48b1f6179387cd51835e493df8bc9a4d.jpg,640,640,gun,1,281,243,382,242,101
sharpenKnife159_jpg.rf.487be5bcc7a14e422f7bf81cf9b7b91c.jpg,640,640,knife,268,311,389,377,121,66
sharpenKnife041_jpg.rf.48f037f62d14683007c75b958bd93ab3.jpg,640,640,knife,236,474,390,558,154,84
6_22_2_0006192_jpg.rf.4881a1ca78a48727d6031f921ac66b69.jpg,640,640,gun,368,156,408,265,40,109
knife_913_jpg.rf.48e865da82132e90fc4863fd11defac8.jpg,640,640,knife,99,345,168,551,69,206
Bruges_jpg.rf.490926e411d248f476ba74f6584f6c64.jpg,640,640,gun,170,295,241,386,71,91
Bruges_jpg.rf.490926e411d248f476ba74f6584f6c64.jpg,640,640,gun,363,51,552,221,189,170
Bruges_jpg.rf.490926e411d248f476ba74f6584f6c64.jpg,640,640,gun,232,431,310,455,78,24
30_jpg.rf.4894a3a98c53c788c2139a69a0b9ae9a.jpg,640,640,knife,189,414,380,623,191,209
batch_303_jpg.rf.48afb5291098bc551e5abdc27d010a65.jpg,640,640,knife,121,42,315,225,194,183
batch_303_jpg.rf.48afb5291098bc551e5abdc27d010a65.jpg,640,640,knife,386,4,556,250,170,246
batch_303_jpg.rf.48afb5291098bc551e5abdc27d010a65.jpg,640,640,knife,24,456,141,596,117,140
batch_303_jpg.rf.48afb5291098bc551e5abdc27d010a65.jpg,640,640,knife,394,383,526,605,132,222
DSC_00431_JPG_jpg.rf.4871a641f75e1871b42ead262726b8d1.jpg,640,640,knife,308,259,362,342,54,83
batch_217_jpg.rf.490ac3fb1dc503126b04b8df9313ee0b.jpg,640,640,knife,108,177,119,219,11,42
batch_217_jpg.rf.490ac3fb1dc503126b04b8df9313ee0b.jpg,640,640,knife,473,81,556,163,83,82
batch_217_jpg.rf.490ac3fb1dc503126b04b8df9313ee0b.jpg,640,640,knife,109,495,122,548,13,53
batch_217_jpg.rf.490ac3fb1dc503126b04b8df9313ee0b.jpg,640,640,knife,439,560,463,583,24,23
knife_13_jpg.rf.48e0e5b824d4e8c84612b1e981f3ace6.jpg,640,640,knife,172,45,400,563,228,518
4425_jpg.rf.492aa4a3860d128c6283b188ec88e874.jpg,640,640,knife,486,112,528,226,42,114
knife_748_jpg.rf.494b46558229963cc6d4be575243235a.jpg,640,640,knife,305,79,360,416,55,337
54_jpg.rf.492565246d1b80e38f38715df4660e7c.jpg,640,640,knife,240,457,334,575,94,118
6_22_1_0000216_jpg.rf.493536a5214cc6887d65495fd7dee92a.jpg,640,640,gun,231,80,302,368,71,288
batch_347_jpg.rf.48ebfc7f1f4de97e03484235be50d37b.jpg,640,640,knife,147,288,181,309,34,21
batch_347_jpg.rf.48ebfc7f1f4de97e03484235be50d37b.jpg,640,640,knife,460,116,559,239,99,123
batch_347_jpg.rf.48ebfc7f1f4de97e03484235be50d37b.jpg,640,640,knife,98,531,136,639,38,108
batch_347_jpg.rf.48ebfc7f1f4de97e03484235be50d37b.jpg,640,640,knife,417,521,465,552,48,31
102_jpg.rf.4957c4e707c84be65494c15be1d0ad98.jpg,640,640,knife,255,433,297,530,42,97
267_jpg.rf.4922d6690e030a1fa9dc2203aa7a6548.jpg,640,640,knife,271,511,298,618,27,107
batch_51_jpg.rf.495889529aeafc44a61953604abe1a57.jpg,640,640,gun,214,101,228,130,14,29
batch_51_jpg.rf.495889529aeafc44a61953604abe1a57.jpg,640,640,gun,436,80,476,150,40,70
batch_51_jpg.rf.495889529aeafc44a61953604abe1a57.jpg,640,640,gun,126,508,160,632,34,124
batch_51_jpg.rf.495889529aeafc44a61953604abe1a57.jpg,640,640,gun,483,513,518,570,35,57
batch_185_jpg.rf.48f121f121ed3f5166b9d301ee47a2b5.jpg,640,640,gun,157,62,182,153,25,91
batch_185_jpg.rf.48f121f121ed3f5166b9d301ee47a2b5.jpg,640,640,gun,421,145,592,250,171,105
batch_185_jpg.rf.48f121f121ed3f5166b9d301ee47a2b5.jpg,640,640,gun,101,405,232,634,131,229
batch_185_jpg.rf.48f121f121ed3f5166b9d301ee47a2b5.jpg,640,640,gun,369,399,584,576,215,177
KravMagaTraining105_jpg.rf.49468fb9b2b319fb05123042ac672c51.jpg,640,640,knife,325,0,461,169,136,169
Fury_Tommy_-4-_jpg.rf.49c473dcd62baa4867bd0b7601c784a5.jpg,640,640,gun,221,370,302,552,81,182
101414530_1155_jpg.rf.48daec0dbc1a73e9af7bd866f5458645.jpg,640,640,gun,13,100,475,545,462,445
null_image.jpg,640,640,,,,,,0,0
batch_88_jpg.rf.49b37d3f4269f1ff7fdf283aa96b44cf.jpg,640,640,gun,165,90,191,122,26,32
batch_88_jpg.rf.49b37d3f4269f1ff7fdf283aa96b44cf.jpg,640,640,gun,480,54,504,91,24,37
batch_88_jpg.rf.49b37d3f4269f1ff7fdf283aa96b44cf.jpg,640,640,gun,142,327,162,375,20,48
batch_88_jpg.rf.49b37d3f4269f1ff7fdf283aa96b44cf.jpg,640,640,gun,458,319,475,366,17,47
batch_438_jpg.rf.499fe7f8e910fce2a22c93aa7a6da9f7.jpg,640,640,gun,191,88,206,111,15,23
batch_438_jpg.rf.499fe7f8e910fce2a22c93aa7a6da9f7.jpg,640,640,gun,386,53,521,202,135,149
batch_438_jpg.rf.499fe7f8e910fce2a22c93aa7a6da9f7.jpg,640,640,gun,164,367,300,470,136,103
batch_438_jpg.rf.499fe7f8e910fce2a22c93aa7a6da9f7.jpg,640,640,gun,350,422,393,511,43,89
batch_81_jpg.rf.49c7e01a07bbc78de4acb19607583e66.jpg,640,640,knife,122,97,235,122,113,25
batch_81_jpg.rf.49c7e01a07bbc78de4acb19607583e66.jpg,640,640,knife,482,53,522,299,40,246
batch_81_jpg.rf.49c7e01a07bbc78de4acb19607583e66.jpg,640,640,knife,107,487,228,565,121,78
batch_81_jpg.rf.49c7e01a07bbc78de4acb19607583e66.jpg,640,640,knife,475,560,495,609,20,49
Outside_the_Law-Beretta92-2_jpg.rf.4959c89e793e6fbe8780d65a19b0780e.jpg,640,640,gun,177,321,335,638,158,317
05_14_0000260_jpg.rf.4989a391f6eee53ea2fd68fdeda666ac.jpg,640,640,gun,0,74,620,460,620,386
Tikhaya_zastava-Pistol-2_jpg.rf.497e2d739abc312eb0867e1f1ae4ac02.jpg,640,640,gun,357,201,425,445,68,244
100_jpg.rf.497251e3a65c0bbc7506e0279a499903.jpg,640,640,knife,325,525,368,600,43,75
Bd59062_jpg.rf.49ea26da1259f715eea1a31a4d57c97f.jpg,640,640,gun,232,381,336,522,104,141
batch_260_jpg.rf.4a0bd06e2e0430d7efe2064baa0f620e.jpg,640,640,gun,142,183,158,201,16,18
batch_260_jpg.rf.4a0bd06e2e0430d7efe2064baa0f620e.jpg,640,640,gun,497,176,516,196,19,20
batch_260_jpg.rf.4a0bd06e2e0430d7efe2064baa0f620e.jpg,640,640,gun,154,505,174,527,20,22
batch_260_jpg.rf.4a0bd06e2e0430d7efe2064baa0f620e.jpg,640,640,gun,408,433,459,626,51,193
batch_260_jpg.rf.4a0bd06e2e0430d7efe2064baa0f620e.jpg,640,640,gun,552,437,639,625,87,188
Miami_Supercops-M1911-4_jpg.rf.49e9c5123572fc1a9f6b7c6959dc6de6.jpg,640,640,gun,346,333,418,483,72,150
CharterArmsUndercover_jpg.rf.49ed75d45b490abb6a86e1152a8272ce.jpg,640,640,gun,2,0,632,639,630,639
138_jpg.rf.4a143f13849d7c9c942b8366704f4676.jpg,640,640,knife,156,148,282,532,126,384
Inescapable-04_jpg.rf.4a32ab094feba87cc64acabb3879d0ad.jpg,640,640,gun,398,54,508,500,110,446
null_image.jpg,640,640,,,,,,0,0
Les_tontons_flingueurs-Shotgun-3_jpg.rf.4a132fd54e8318062222aafbcfdd2b7d.jpg,640,640,gun,149,216,422,339,273,123
knife22_jpg.rf.491e4b5f2631cbabf8cf8838b5c4e819.jpg,640,640,knife,0,89,448,388,448,299
KravMagaTraining076_jpg.rf.4a55af96d4100b211476b508882f8e99.jpg,640,640,knife,354,0,511,160,157,160
knife_33_jpg.rf.4a6eaea71c8296b231e31b23d7f32def.jpg,640,640,knife,38,100,418,392,380,292
knife_386_jpg.rf.4973537e7784a02cf4ea050de2113be8.jpg,640,640,knife,16,225,92,428,76,203
knife_386_jpg.rf.4973537e7784a02cf4ea050de2113be8.jpg,640,640,knife,122,156,171,388,49,232
knife_386_jpg.rf.4973537e7784a02cf4ea050de2113be8.jpg,640,640,knife,212,158,249,369,37,211
knife_386_jpg.rf.4973537e7784a02cf4ea050de2113be8.jpg,640,640,knife,278,164,312,355,34,191
knife_386_jpg.rf.4973537e7784a02cf4ea050de2113be8.jpg,640,640,knife,366,70,424,325,58,255
knife_386_jpg.rf.4973537e7784a02cf4ea050de2113be8.jpg,640,640,knife,444,186,489,370,45,184
DefenseKnifeAttack0690_jpg.rf.4a5b36ac16fcce70a0b6541eacc7bd23.jpg,640,640,knife,238,395,280,473,42,78
1011124259_429_jpg.rf.4a09cc7fbead28d9e7a3efcea16290df.jpg,640,640,gun,146,18,492,470,346,452
MR027-M1911-6_jpg.rf.4a4702fb50f784c6050b2add1755c9c5.jpg,640,640,gun,398,370,542,612,144,242
6_22_1_0000476_jpg.rf.4a2e83ee1e44fecc4952906442dc6e0f.jpg,640,640,gun,243,26,357,314,114,288
knife_850_jpg.rf.4aa9f98ea78ec1f01152fa3d24a260f6.jpg,640,640,knife,106,356,167,529,61,173
DesperadoRugerP90-9_jpg.rf.4a71618baf19c111a697601afa9a10f9.jpg,640,640,gun,223,244,312,490,89,246
The_Line_-_ParaOrdnance_jpg.rf.4a9014c510eb4b40e9ecd8fc6f79eb91.jpg,640,640,gun,396,119,594,640,198,521
Gun_1111_jpg.rf.4a9138778b81f66b90e3b9a6f4296576.jpg,640,640,gun,258,492,406,615,148,123
249_jpg.rf.4a8ee8b76219f25f113ec5107ea9fefe.jpg,640,640,knife,245,432,306,548,61,116
66_jpg.rf.4a7cd16367b21a2d0c35234bdd2b2437.jpg,640,640,knife,333,3,382,166,49,163
1011133951_81_jpg.rf.4a871a3b94d6d92ef3f6205d63c97bfd.jpg,640,640,gun,160,31,232,304,72,273
98_jpg.rf.4a7584c4c4523debd2db9dd667a108c7.jpg,640,640,knife,202,237,586,517,384,280
knife_1012_jpg.rf.4a526cc06cc1b3fafcd8778eeb5c101d.jpg,640,640,knife,142,258,218,444,76,186
knife_326_jpg.rf.4ab600eba52583e0b9a390afdecfa516.jpg,640,640,knife,49,3,335,262,286,259
1011133951_222_jpg.rf.4ace81fe1f24531ef5388457236eaeec.jpg,640,640,gun,7,24,373,554,366,530
2022-04-15_133_jpg.rf.4ae14390a2241fb7664172a41b399c35.jpg,640,640,knife,348,520,399,568,51,48
sharpenKnife048_jpg.rf.4a97535e30bc789390fcb53710aae699.jpg,640,640,knife,208,473,360,556,152,83
knife_501_jpg.rf.4aae581575358ce56d355f9497338f32.jpg,640,640,knife,202,102,558,566,356,464
KravMagaTraining657_jpg.rf.4ab6fd2dd2bda4104caaf2722f63f68f.jpg,640,640,knife,419,300,446,428,27,128
batch_265_jpg.rf.4b1a7f98626749207e11bfb0aa6522e3.jpg,640,640,gun,7,15,303,303,296,288
batch_265_jpg.rf.4b1a7f98626749207e11bfb0aa6522e3.jpg,640,640,gun,321,9,629,305,308,296
batch_265_jpg.rf.4b1a7f98626749207e11bfb0aa6522e3.jpg,640,640,gun,37,393,58,432,21,39
batch_265_jpg.rf.4b1a7f98626749207e11bfb0aa6522e3.jpg,640,640,gun,357,422,435,534,78,112
Operation_Corned_Beef-M16-6_jpg.rf.4b0aabec834e055947c9645377c728d8.jpg,640,640,gun,153,108,431,569,278,461
Legionary-M1_Carbine_jpg.rf.4ae0106e4b4430e7b3b6fda9b0e2a53e.jpg,640,640,gun,408,226,506,529,98,303
Beretta_Mdl_84BB_-380_jpg.rf.4aaf533c6863e44978b8062310e09925.jpg,640,640,gun,0,2,635,629,635,627
111315744_305_jpg.rf.4ad1cfb81882c446c611f4ef8210af33.jpg,640,640,gun,225,290,330,476,105,186
55_jpg.rf.4b4197416a755978a36160ca8c6ea542.jpg,640,640,knife,303,456,362,550,59,94
knife_1272_jpg.rf.4ac7272e6fa377225dda8b7619d3d598.jpg,640,640,knife,309,107,334,256,25,149
knife_1272_jpg.rf.4ac7272e6fa377225dda8b7619d3d598.jpg,640,640,knife,339,209,379,369,40,160
6_22_4_0005864_jpg.rf.4b24a8908614fa845ae4055c54d1bfa2.jpg,640,640,gun,181,385,222,483,41,98
11_12_16_jpg.rf.4ae285f97bf03e5e3213a33dfd831859.jpg,640,640,gun,93,82,330,289,237,207
Krestyanskiy_syn-Nagant-2_jpg.rf.4b3dacc675bb4cfc48f0cfb0c5da906a.jpg,640,640,gun,177,169,304,319,127,150
Flashpoint84-Revolver2-3_jpg.rf.4b3c4bcefd2412f064c24a9332101c6f.jpg,640,640,gun,460,210,636,537,176,327
knife_824_jpg.rf.4b6795fa7fd2262ec236feacd7de7d9a.jpg,640,640,knife,142,262,199,445,57,183
KravMagaKnifeDefenseTechniques099_jpg.rf.4ba2347d1c000e4420ca98e6e2aa1738.jpg,640,640,knife,245,394,326,461,81,67
knife_1250_jpg.rf.4b768eef8f25bdf5d63f312a3388dc71.jpg,640,640,knife,314,413,375,497,61,84
KravMagaTraining4618_jpg.rf.4b3f3aa408b569168c2b9574ba2823ab.jpg,640,640,knife,51,455,153,517,102,62
knife_113_jpg.rf.4b95492c4da74e9da93e9480c8ccc04c.jpg,640,640,knife,192,219,597,468,405,249
gun_2_1_1__0009760_jpg.rf.4b6f8bfd03d306c5d13a151608184a8b.jpg,640,640,gun,393,282,421,331,28,49
Les_Ripoux_3-Pistol-1_jpg.rf.4b57c52713219f0e829e34a62dd1730d.jpg,640,640,gun,437,299,574,527,137,228
gun_4m_static_0002432_jpg.rf.4b462bab6edba6687abaecb629e5fd6d.jpg,640,640,gun,410,320,479,448,69,128
Faster-Glock22-4_jpg.rf.4b68516e6750917eaf616a41ef441266.jpg,640,640,gun,103,335,192,612,89,277
Mossberg500fieldShotgun_jpg.rf.4b8f5e54759b3ea07e68a643ad88468b.jpg,640,640,gun,1,3,634,637,633,634
gun_2_1_1__0007475_jpg.rf.4b0cbc753d90a73b10b13daae1f4b385.jpg,640,640,gun,540,324,581,356,41,32
USHipower02_jpg.rf.4bb63ed10bcf98ccbe5e63786302c7e2.jpg,640,640,gun,276,360,351,578,75,218
KravMagaTraining711_jpg.rf.4bb81699a328daa7a520acd0ae3014c4.jpg,640,640,knife,217,229,260,343,43,114
6_22_2_0002736_jpg.rf.4bbc6d2a88c61584eeb0f3bdee361520.jpg,640,640,gun,168,95,214,172,46,77
knife_198_jpg.rf.4bc676c86934e5fb6c19912307d8022d.jpg,640,640,knife,214,14,353,416,139,402
16_jpg.rf.4b477d44f611a2c656c18f0d8395347c.jpg,640,640,knife,197,222,285,379,88,157
Vengeance-M1911-1_jpg.rf.4bf1c4ac5671a7aa3007f76bf8c95649.jpg,640,640,gun,342,68,414,379,72,311
knife_910_jpg.rf.4bb9c72a0b5568d7597d0284d97ee37c.jpg,640,640,knife,59,494,129,639,70,145
KravMagaKnifeDefenseTechniques110_jpg.rf.4bc57f5f1036f26ce6045e3af143bab0.jpg,640,640,knife,173,192,236,285,63,93
KravMagaTraining21067_jpg.rf.4bdd164cbf4e35cf7795ee32d3fa02c8.jpg,640,640,knife,176,375,276,460,100,85
BTm66_jpg.rf.4be57bca643b7bab9ca64c1bd75a07c5.jpg,640,640,gun,156,85,475,639,319,554
null_image.jpg,640,640,,,,,,0,0
gun_2_1_1__0012950_jpg.rf.4bd4fff7490a963e36f22b2a9eec4ac5.jpg,640,640,gun,453,350,498,398,45,48
sharpenKnife303_jpg.rf.4b6c4a16067aa2024ddf028f2bc6ef81.jpg,640,640,knife,200,117,591,336,391,219
gun_2_1_1__0003195_jpg.rf.4b8521747191c1ac954a191dfbbac5de.jpg,640,640,gun,308,409,354,444,46,35
gun_3_1_1__0001988_jpg.rf.4bf1f66ebd3a1b352e5d78ffe7b1f158.jpg,640,640,gun,264,382,304,544,40,162
1024165043_102_jpg.rf.4c329f07647628634fc4f8a189751dd3.jpg,640,640,gun,384,173,479,299,95,126
6_22_4_0007388_jpg.rf.4bfeecb0fb8279a2fec5d5d8393b1030.jpg,640,640,gun,422,100,473,189,51,89
null_image.jpg,640,640,,,,,,0,0
1021113535_9081_jpg.rf.4c6242187dfb2f3432bb3caaea8cf5df.jpg,640,640,gun,189,212,278,516,89,304
knife_940_jpg.rf.4c0a9dedb3ef13e3b552aa11fdba82e7.jpg,640,640,knife,56,489,130,640,74,151
6_22_4_0006640_jpg.rf.4c8fcaee0065e54ba563b19cbefc10f5.jpg,640,640,gun,289,453,327,570,38,117
1941_235_jpg.rf.4c15ec9538d3ce038e99a30f5c50ab19.jpg,640,640,gun,169,438,207,555,38,117
6_22_2_0002092_jpg.rf.4c8de9f3f2c4b1b00506f47631b2c182.jpg,640,640,gun,200,122,241,190,41,68
knife_161_jpg.rf.4c7d2ba46210257f187bf87a90698f96.jpg,640,640,knife,15,5,551,482,536,477
batch_310_jpg.rf.4c27d42dee752d586081841ca6425480.jpg,640,640,knife,83,240,119,271,36,31
batch_310_jpg.rf.4c27d42dee752d586081841ca6425480.jpg,640,640,knife,518,211,558,233,40,22
batch_310_jpg.rf.4c27d42dee752d586081841ca6425480.jpg,640,640,knife,196,526,236,550,40,24
batch_310_jpg.rf.4c27d42dee752d586081841ca6425480.jpg,640,640,knife,516,526,556,550,40,24
221_jpg.rf.4c790f94dc30d8defe1d1ce0694b5b7e.jpg,640,640,knife,349,90,425,396,76,306
139_jpg.rf.4cd8ee2aea6a6ff15ed82cf0cbe5c38e.jpg,640,640,knife,272,356,477,510,205,154
171_jpg.rf.4cbe8144b36f9de77bf912383c7f0cfc.jpg,640,640,knife,330,91,433,640,103,549
1649338732-8376946_jpg.rf.4c249c58035b5716def1f3b25becec94.jpg,640,640,knife,298,126,380,637,82,511
1021113345_8958_jpg.rf.4c3cd296982285a4ecd7f7ca030e66b7.jpg,640,640,gun,174,114,270,374,96,260
11_12_811_jpg.rf.4cc8194615ead7a0e2405342e01593a4.jpg,640,640,gun,435,146,507,196,72,50
KravMagaTraining167_jpg.rf.4cb23c28b14a050806c9dd536623f2c1.jpg,640,640,knife,440,198,498,301,58,103
null_image.jpg,640,640,,,,,,0,0
11_12_2400_jpg.rf.4cac3e7ca499185fe465947b479a452c.jpg,640,640,gun,0,16,624,581,624,565
KravMagaKnifeDefenseTechniques278_jpg.rf.4ccfffa8f21aeae6223a29afddf89d73.jpg,640,640,knife,368,254,475,332,107,78
KravMagaKnifeDefenseTechniques676_jpg.rf.4cc858ff7193f350a6e54669b0c88196.jpg,640,640,knife,251,351,338,431,87,80
143_jpg.rf.4cf709b0ed5e4620d089e9119ffd3461.jpg,640,640,knife,318,103,500,440,182,337
DefenseAndSurvive10_jpg.rf.4ce55065aa06da77332fdaee91c9e791.jpg,640,640,knife,207,379,279,604,72,225
1922_06_jpg.rf.4c46093a656730fbfe27bac6b4ed6c86.jpg,640,640,gun,175,103,335,606,160,503
6_22_1_0004884_jpg.rf.4d0de2babe990dc91df0b2396f96d7c4.jpg,640,640,gun,109,167,241,369,132,202
HeatKilmerpistol-1_jpg.rf.4ce1b7fb3f98d8a1c614c95367d7d996.jpg,640,640,gun,191,529,241,589,50,60
6_22_4_0010192_jpg.rf.4d1e276c68b7e05713a51665c06b9cbe.jpg,640,640,gun,364,232,396,363,32,131
LaRue_7-62_PredatOBR_jpg.rf.4c717a13b94ef582c63e5d2e12e59111.jpg,640,640,gun,4,8,636,616,632,608
2J_SW36_03_jpg.rf.4cfc7511691de58e6860561d5054e9f3.jpg,640,640,gun,70,129,172,413,102,284
6_22_1_0001092_jpg.rf.4cdd136448f6bc3965769529036cb7a5.jpg,640,640,gun,48,10,135,277,87,267
knife_1316_jpg.rf.4ce25889b3ec267ed137c67c5fbe5e77.jpg,640,640,knife,40,379,120,433,80,54
KravMagaKnifeDefenseTechniques055_jpg.rf.4cb0cc649f2a1b2e3f760dcac936f66b.jpg,640,640,knife,281,340,351,409,70,69
gun_7m_static_0000624_jpg.rf.4d45e4857a96e22bbbb0c836dbf69920.jpg,640,640,gun,372,169,415,240,43,71
DSC_00331_JPG_jpg.rf.4d128e965d86431c0cb489ea7f06c2d1.jpg,640,640,knife,288,208,351,268,63,60
TGitT-08_jpg.rf.4d1f719c23146d9d53fe4cb0d16a64b5.jpg,640,640,gun,221,164,481,427,260,263
10211086_4680_jpg.rf.4d29d266fc69ef3b4b38f69d73dafc5e.jpg,640,640,gun,379,140,427,303,48,163
knife_1261_jpg.rf.4d66414af11db71144fdb4fd139162e9.jpg,640,640,knife,185,339,272,419,87,80
KravMagaTraining115_jpg.rf.4d56d08a20655a00608b5d3d491941fe.jpg,640,640,knife,199,15,319,200,120,185
RealityKnifeAttacks0174_jpg.rf.4d5ac4fe989bb7f61ed2e0a47eca9b08.jpg,640,640,knife,249,345,300,380,51,35
REA_002_jpg.rf.4d7c7d00c289a428a5367c47050a513d.jpg,640,640,gun,174,169,464,605,290,436
KravMagaKnifeDefenseTechniques709_jpg.rf.4d4221163d70fd45a7b8896cbf9fbc09.jpg,640,640,knife,287,382,376,440,89,58
MatrixReloadedGlock18C-6_jpg.rf.4d8d00b7eabf4a74c8022f7e7b25587c.jpg,640,640,gun,162,104,234,535,72,431
11_12_2878_jpg.rf.4da618057beefffa75bc8c99fbc403a8.jpg,640,640,gun,0,0,631,615,631,615
LL-M1911-5_jpg.rf.4d2eb8407a8ccb6dc21f56136c5f6ca4.jpg,640,640,gun,277,453,505,639,228,186
KravMagaTraining728_jpg.rf.4d82edcdf2fc9b7de0f7008d6f8459ac.jpg,640,640,knife,199,233,239,359,40,126
KravMagaKnifeDefenseTechniques244_jpg.rf.4d478445f06bdd5ce369bc1b6e3304dd.jpg,640,640,knife,383,168,455,209,72,41
knife_363_jpg.rf.4dce11717c085af10bb61358af4e07dc.jpg,640,640,knife,24,302,338,575,314,273
knife_363_jpg.rf.4dce11717c085af10bb61358af4e07dc.jpg,640,640,knife,321,75,543,256,222,181
KravMagaKnifeDefenseTechniques228_jpg.rf.4dc82541b266296ca5894819567eae5b.jpg,640,640,knife,256,235,345,337,89,102
36_jpg.rf.4db2f8ac0c7a8f92f62b261d0e09970a.jpg,640,640,knife,131,177,614,472,483,295
OnceMex_018_jpg.rf.4d9fd8a3863f584929237e1f7bce9298.jpg,640,640,gun,275,261,335,404,60,143
4404_jpg.rf.4dcff43cad4ab427fd47fd6b62b6d780.jpg,640,640,knife,534,169,566,283,32,114
276_jpg.rf.4df93618cb8b2de374c62b1ecfcdb5fa.jpg,640,640,knife,227,199,462,269,235,70
knife_941_jpg.rf.4ddd27901c6ee85d1018df9769f44f8f.jpg,640,640,knife,154,250,220,479,66,229
KravMagaTraining341_jpg.rf.4df3c630dc2ed524c6c48d897e1505b4.jpg,640,640,knife,303,327,337,445,34,118
knife_1135_jpg.rf.4e3da77b999d7e14e342d65b32c42a34.jpg,640,640,knife,92,154,325,465,233,311
batch_288_jpg.rf.4ded05912dcd32c97b12cc32debb588b.jpg,640,640,gun,171,148,202,216,31,68
batch_288_jpg.rf.4ded05912dcd32c97b12cc32debb588b.jpg,640,640,gun,392,81,431,140,39,59
batch_288_jpg.rf.4ded05912dcd32c97b12cc32debb588b.jpg,640,640,gun,55,397,94,464,39,67
batch_288_jpg.rf.4ded05912dcd32c97b12cc32debb588b.jpg,640,640,gun,375,370,398,437,23,67
6_22_4_0009044_jpg.rf.4dded31574b8002018a3a4c13f673dce.jpg,640,640,gun,235,42,261,148,26,106
KravMagaKnifeDefenseTechniques086_jpg.rf.4e27c93b5d8a7a175aa93d4da5986edd.jpg,640,640,knife,274,352,348,415,74,63
MAB-ModelD-FB_jpg.rf.4e04ab43a7274f58831974fd955ff6e7.jpg,640,640,gun,293,0,477,204,184,204
KravMagaTraining634_jpg.rf.4e1c0483bfe5a64ad117a6efeaf85f3f.jpg,640,640,knife,565,386,614,505,49,119
215_jpg.rf.4dea74c4c1b833582ba96a564c27f1af.jpg,640,640,knife,282,551,311,632,29,81
Gun_660_jpg.rf.4dd81f8c2e1e8e52e04d52bfe7aec97d.jpg,640,640,gun,12,5,624,624,612,619
knife_639_jpg.rf.4e58ef6c87f49df17cacd0dd364ad562.jpg,640,640,knife,138,106,566,426,428,320
knifeDefenseTechnique013_jpg.rf.4dfb1c63851cc6adfd2e7ffe7250867d.jpg,640,640,knife,322,240,360,362,38,122
DefenseKnifeAttack0095_jpg.rf.4e28f2d7b702a8c09e16d238bff86527.jpg,640,640,knife,286,425,337,457,51,32
239_jpg.rf.4e5946e0bcffabac92754db421f29771.jpg,640,640,knife,251,151,468,306,217,155
239_jpg.rf.4e607414dc79a4b9e40fb95846f5f00f.jpg,640,640,knife,309,369,351,486,42,117
DefenseKnifeAttack0187_jpg.rf.4e7e9adbf919c6e5f6a2cd3998c75c2e.jpg,640,640,knife,92,455,194,509,102,54
Ultimul_cartus-Shotgun-1_jpg.rf.4e1825d0e9cd1bfa92db584bc7359b0b.jpg,640,640,gun,82,313,462,569,380,256
knife_1348_jpg.rf.4e8c0673aca7d2eca85b8219af612a93.jpg,640,640,knife,232,353,284,496,52,143
106_jpg.rf.4e74afef23bb6c67927c3e603ac2c83b.jpg,640,640,knife,245,420,289,520,44,100
knife_1133_jpg.rf.4e28d0acef4316923c5697146b593f29.jpg,640,640,knife,59,164,301,502,242,338
KravMagaTraining4081_jpg.rf.4e05535d08a6cdfd92be4773c441f09a.jpg,640,640,knife,241,436,355,559,114,123
null_image.jpg,640,640,,,,,,0,0
11_12_2446_jpg.rf.4eb4fa1450194295f386ad1f2e5baed1.jpg,640,640,gun,0,30,634,625,634,595
batch_309_jpg.rf.4ecc2518daf72343cc7aaf0fcaffd034.jpg,640,640,gun,107,12,119,60,12,48
batch_309_jpg.rf.4ecc2518daf72343cc7aaf0fcaffd034.jpg,640,640,gun,503,66,514,133,11,67
batch_309_jpg.rf.4ecc2518daf72343cc7aaf0fcaffd034.jpg,640,640,gun,178,449,206,521,28,72
batch_309_jpg.rf.4ecc2518daf72343cc7aaf0fcaffd034.jpg,640,640,gun,425,383,446,414,21,31
206_jpg.rf.4e969215e538ab982bd61e3c6c5302ae.jpg,640,640,knife,287,547,312,640,25,93
batch_309_jpg.rf.4e16b42b13039c611569b50ee3680806.jpg,640,640,knife,32,244,63,319,31,75
batch_309_jpg.rf.4e16b42b13039c611569b50ee3680806.jpg,640,640,knife,372,171,404,273,32,102
batch_309_jpg.rf.4e16b42b13039c611569b50ee3680806.jpg,640,640,knife,51,491,83,593,32,102
batch_309_jpg.rf.4e16b42b13039c611569b50ee3680806.jpg,640,640,knife,369,498,399,588,30,90
00000429_jpg.rf.4efc24dba117a68d57cc2befae14f846.jpg,640,640,gun,43,83,574,563,531,480
gun_3_3_1__0001712_jpg.rf.4d8ef83318e3761494f2fa0083b9e307.jpg,640,640,gun,33,222,109,437,76,215
786_jpg.rf.4ef4ef7ba81685a31f35ecec6f8ca442.jpg,640,640,knife,157,451,212,592,55,141
knife_551_jpg.rf.4ebaf301ec42db1623f1c77275e04c1d.jpg,640,640,knife,139,142,454,515,315,373
58_jpg.rf.4ec0d24ec869c938b56267cde18226d4.jpg,640,640,knife,257,320,501,498,244,178
Gun_1313_jpg.rf.4ee63b29faba540f9b1014b110106975.jpg,640,640,gun,216,146,583,544,367,398
knife_3_jpg.rf.4f13293bb26c7e0f06a4853629c09676.jpg,640,640,knife,63,141,482,367,419,226
TAND-013_jpg.rf.4f240aaf8205468a9c885b7f2a213d63.jpg,640,640,gun,238,228,330,500,92,272
gun_2_1_1__0004240_jpg.rf.4ebbcd853ffbe5e49d6b9e5778bf187b.jpg,640,640,gun,266,282,291,326,25,44
110_jpg.rf.4f56f0192d2c6532bcc82b07c3d18173.jpg,640,640,knife,188,294,286,414,98,120
DefenseAndSurvive02_jpg.rf.4f410fbacafc20c818c6e145af6622d7.jpg,640,640,knife,192,439,283,637,91,198
knife_1320_jpg.rf.4eb6dcf1f913bd05915700a179e3ba5c.jpg,640,640,knife,243,180,304,368,61,188
San-Cristobal34_jpg.rf.4e8c489ea252e4c09d9aa32d8e3fb675.jpg,640,640,gun,3,0,634,566,631,566
Force10_123_jpg.rf.4ea5098f875025696c7795ee818cb78b.jpg,640,640,gun,357,350,443,517,86,167
knife_1117_jpg.rf.4e67ef83b4474be7767bc7e6114bbd45.jpg,640,640,knife,161,193,245,424,84,231
2022-04-15_128_jpg.rf.4f907e7a636190eac9e911917e1ca63a.jpg,640,640,knife,340,532,385,568,45,36
DSC_00541_JPG_jpg.rf.4efe9a45ac108f68c84abeb4d18454a9.jpg,640,640,knife,208,181,246,296,38,115
knife_92_jpg.rf.4f19cb17cbfccbf6274674f99b258d43.jpg,640,640,knife,10,51,639,529,629,478
KravMagaKnifeDefenseTechniques597_jpg.rf.4f30169a1996a076e57b5cde3146ad17.jpg,640,640,knife,202,481,317,547,115,66
Total_Western-Beretta92-13_jpg.rf.4efda9499d048fda3fef944889d7d80c.jpg,640,640,gun,173,280,284,503,111,223
DefenseKnifeAttack0376_jpg.rf.4f699f22224b52a92d72e45cc75b96f7.jpg,640,640,knife,75,463,171,543,96,80
10252156_396_jpg.rf.4fff30bd7aea8daffbfdfb1befb512b1.jpg,640,640,gun,207,284,400,639,193,355
knife_224_jpg.rf.4d7ccb541899fd74266836e55a71eb98.jpg,640,640,knife,182,102,433,445,251,343
RusoClases333_jpg.rf.4f7b5252f726a1c1f19f74d84e49bca1.jpg,640,640,knife,244,329,306,439,62,110
DSC_0007_JPG_jpg.rf.4f79e42f21b9d1e1d35e84dd39d5cd6e.jpg,640,640,knife,348,329,405,420,57,91
BB2SIG-SauerP226-3_jpg.rf.4f8ddf41b7278accb7b049d8795534f4.jpg,640,640,gun,245,311,332,475,87,164
gun_2_1_1__0013545_jpg.rf.5024039e5765c7f00538b7623d16d230.jpg,640,640,gun,163,356,206,396,43,40
KravMagaKnifeDefenseTechniques442_jpg.rf.4fa29a4213e7f9d538db551638422bd9.jpg,640,640,knife,296,303,372,477,76,174
knife_926_jpg.rf.4f29c7424e788dced1b1be390a74853b.jpg,640,640,knife,54,485,126,639,72,154
knife_463_jpg.rf.4fde70cb6f2c2b1066a1b3e74aeea87c.jpg,640,640,knife,239,40,628,449,389,409
Bablo-Python2_jpg.rf.4fff103f4a7e73f54e8cda48ba4e22cf.jpg,640,640,gun,56,223,271,460,215,237
1649338749-4704833_jpg.rf.4f76d2c717abf4207c9d597233fd649b.jpg,640,640,knife,232,49,311,625,79,576
6_22_1_0004388_jpg.rf.4f7b8b7ad4b23625fdc0b6fbeddc74ed.jpg,640,640,gun,467,133,553,452,86,319
ia_100000004448_jpg.rf.4fbb4da5df98c60b012e84e855629521.jpg,640,640,gun,142,81,625,586,483,505
2022-04-15_46_jpg.rf.4fbb7e78d64058deea01f605fce16002.jpg,640,640,knife,319,549,368,591,49,42
4718_jpg.rf.50267777353a55513fe09db1c1276446.jpg,640,640,knife,409,177,514,238,105,61
KravMagaKnifeDefenseTechniques157_jpg.rf.5031d93555c2f2b64b0fe2a9219fbaf0.jpg,640,640,knife,200,142,278,240,78,98
knife_62_jpg.rf.5005c3f889b1fdf5cc03c15520bca0d7.jpg,640,640,knife,126,175,554,457,428,282
KravMagaKnifeDefenseTechniques624_jpg.rf.500b0727a36f113a0b28547f9df27dc6.jpg,640,640,knife,194,442,271,492,77,50
ItLoD4W_reviolver_7_3_jpg.rf.503ad1590e8531ab238c92f8f4c1fc45.jpg,640,640,gun,252,29,350,394,98,365
6_22_1_0005496_jpg.rf.50376d96aaa615b1d837eadc2099f363.jpg,640,640,gun,433,170,540,454,107,284
Kill_Switch-M1911-07_jpg.rf.503f760d8cb338b68a8b2ca11fecacba.jpg,640,640,gun,149,306,570,505,421,199
batch_82_jpg.rf.5069419c6c622b81d5851d03457c7566.jpg,640,640,knife,126,229,139,258,13,29
batch_82_jpg.rf.5069419c6c622b81d5851d03457c7566.jpg,640,640,knife,459,274,487,309,28,35
batch_82_jpg.rf.5069419c6c622b81d5851d03457c7566.jpg,640,640,knife,172,348,208,496,36,148
batch_82_jpg.rf.5069419c6c622b81d5851d03457c7566.jpg,640,640,knife,486,334,527,503,41,169
2022-04-21_420_jpg.rf.5044d81aa9404650095fa3a93e883c6e.jpg,640,640,knife,288,377,309,469,21,92
6_22_1_0003996_jpg.rf.4fa1cb0841f0357c2d8d07f0fe8a4650.jpg,640,640,gun,137,142,217,462,80,320
gun_2_1_1__0003850_jpg.rf.507863bafab7ae17e8441326cb88d0ce.jpg,640,640,gun,286,347,323,399,37,52
KravMagaTraining688_jpg.rf.508123941aa481ba01b056734fdb65bb.jpg,640,640,knife,303,258,335,380,32,122
101781940_1707_jpg.rf.502ff9a5ddf7cf4f9387b1c0e5803f09.jpg,640,640,gun,29,119,531,639,502,520
Detonator_19_jpg.rf.5092710fe798a83d7f3b8adb4aaa1eff.jpg,640,640,gun,222,295,320,523,98,228
image72_jpg.rf.506e53e63f882a13c3ce92e4b814fa64.jpg,640,640,gun,182,40,635,638,453,598
knife23_jpg.rf.50c2244a9d7c82ef1bb4839b5c872a6e.jpg,640,640,knife,11,240,562,612,551,372
HotPursuit-07_jpg.rf.50b58ace41472fd9bc06c887faa84ef0.jpg,640,640,gun,200,198,275,415,75,217
49_jpg.rf.50a99e6cfeabd43b776d2a4f161374f1.jpg,640,640,knife,239,532,273,586,34,54
DSC_0055_JPG_jpg.rf.5118b82cfced2c9f2d7d9e09f9f34f86.jpg,640,640,knife,274,316,363,396,89,80
knife_1069_jpg.rf.50b0311f93bcfd5313a9859f753a32d8.jpg,640,640,knife,193,292,326,584,133,292
110_jpg.rf.51246ac01bcccc2951da0e0ca0fcfdff.jpg,640,640,knife,377,336,506,593,129,257
1649338722-4896753_jpg.rf.5065fbdbc8612574fe67f2ca9fb6a1c5.jpg,640,640,knife,309,315,360,640,51,325
36_jpg.rf.50c967b4e48fcf860b6f76ec8079877c.jpg,640,640,knife,177,417,381,618,204,201
gun_3_3_1__0004036_jpg.rf.5101a4de94455b7c3dfcfa72640cb939.jpg,640,640,gun,252,314,301,488,49,174
1649338745-468352_jpg.rf.50e3d7eeda18935e9f4cc7734c1c4f99.jpg,640,640,knife,208,28,294,591,86,563
KnifeDefenseKrav026_jpg.rf.5185e48e47699484ab6ccca23c6acef1.jpg,640,640,knife,280,17,351,84,71,67
77_jpg.rf.50c5b3565a2097b66e301bd9194649c4.jpg,640,640,knife,249,220,274,289,25,69
Carjacked-008_jpg.rf.50aa91c5a638dae3c751973407f347df.jpg,640,640,gun,156,40,260,286,104,246
DSC_00171_JPG_jpg.rf.5136d493c96b96c6cbbdf340fcc7bd3a.jpg,640,640,knife,291,257,309,356,18,99
6_22_4_0001316_jpg.rf.512fc7523bc439076721e2e2e13d9257.jpg,640,640,gun,214,198,274,278,60,80
gun_3_3_1__0003620_jpg.rf.51121183e904dd4034176514f7ff80e9.jpg,640,640,gun,286,429,337,570,51,141
Les_tontons_flingueurs-Mauser-5_jpg.rf.5177df5ab4585611dd64107869eef57b.jpg,640,640,gun,495,493,606,575,111,82
Les_tontons_flingueurs-Mauser-5_jpg.rf.5177df5ab4585611dd64107869eef57b.jpg,640,640,gun,551,407,599,479,48,72
KravMagaKnifeDefenseTechniques169_jpg.rf.5155685bc33992b565d7895f33165806.jpg,640,640,knife,217,180,302,287,85,107
knife_133_jpg.rf.51fb9bde3b9883e7c1474bc61706aa36.jpg,640,640,knife,246,43,449,529,203,486
Duraki_revolver_1_3_jpg.rf.51fc692fba8a39c5af7c78dd40d03cc4.jpg,640,640,gun,207,439,364,621,157,182
knife_1124_jpg.rf.52220d7f637d585f5db96e8fb45032bd.jpg,640,640,knife,277,150,319,246,42,96
00000780_jpg.rf.51e76f235dec6ba1d643fa9b4296df17.jpg,640,640,gun,8,77,630,534,622,457
batch_406_jpg.rf.51f59ca31a22b7aa1c4bece502af62d0.jpg,640,640,gun,162,102,190,159,28,57
batch_406_jpg.rf.51f59ca31a22b7aa1c4bece502af62d0.jpg,640,640,gun,438,168,479,273,41,105
batch_406_jpg.rf.51f59ca31a22b7aa1c4bece502af62d0.jpg,640,640,gun,66,470,160,544,94,74
batch_406_jpg.rf.51f59ca31a22b7aa1c4bece502af62d0.jpg,640,640,gun,413,338,556,475,143,137
139_jpg.rf.5186eb43df5a04dfce46497dcf811350.jpg,640,640,knife,109,125,314,428,205,303
batch_49_jpg.rf.513e523302684269362d30f620ebd3d1.jpg,640,640,knife,110,12,146,288,36,276
batch_49_jpg.rf.513e523302684269362d30f620ebd3d1.jpg,640,640,knife,435,29,476,298,41,269
batch_49_jpg.rf.513e523302684269362d30f620ebd3d1.jpg,640,640,knife,120,346,146,622,26,276
batch_49_jpg.rf.513e523302684269362d30f620ebd3d1.jpg,640,640,knife,437,345,471,631,34,286
knife_703_jpg.rf.522723296926de69555bc9855d8f8b11.jpg,640,640,knife,303,232,469,325,166,93
BG-H-K-VP70_jpg.rf.515f02ae958bf9938b0055cbb4fe02cc.jpg,640,640,gun,112,268,241,377,129,109
batch_289_jpg.rf.52532b1774d718622dee2310c1bcf441.jpg,640,640,knife,271,102,288,163,17,61
batch_289_jpg.rf.52532b1774d718622dee2310c1bcf441.jpg,640,640,knife,592,101,610,160,18,59
batch_289_jpg.rf.52532b1774d718622dee2310c1bcf441.jpg,640,640,knife,48,535,80,576,32,41
batch_289_jpg.rf.52532b1774d718622dee2310c1bcf441.jpg,640,640,knife,368,535,400,576,32,41
KravMagaTraining21138_jpg.rf.52074cdf7fef0bcf0661327947b2dc19.jpg,640,640,knife,337,358,431,451,94,93
Gun_1699_jpg.rf.5200501a59dcb0d27c57841fa957cb02.jpg,640,640,gun,101,96,553,637,452,541
knife_308_jpg.rf.525e72bb0a861fb3a2e786fc5b526152.jpg,640,640,knife,261,283,532,583,271,300
DSC_0010_JPG_jpg.rf.522439f396d74d3f43f982e866d23e32.jpg,640,640,knife,479,282,545,396,66,114
7_7_asd_00094342_jpg.rf.521af2f7c138387464642837f915ed04.jpg,640,640,gun,356,409,410,515,54,106
RH-S-WModel66Outside2a_jpg.rf.51bed518f4d920965ee741cb4ac82a06.jpg,640,640,gun,337,117,457,374,120,257
knife_341_jpg.rf.526f6621d898da1c740488cf5dea989e.jpg,640,640,knife,7,10,335,365,328,355
Pitbull-OP-009_jpg.rf.527bf7c2ef8d683fef83ee33ec607de6.jpg,640,640,gun,300,250,562,463,262,213
knife9_jpg.rf.5240d182d23010dd25c78dc20a156147.jpg,640,640,knife,7,197,436,638,429,441
knife_498_jpg.rf.52a6e0e6c83e9622d437776f81558837.jpg,640,640,knife,286,184,339,513,53,329
1649338716-8456066_jpg.rf.521b8c42707dff7cbd68ed7a637d635e.jpg,640,640,knife,234,265,452,422,218,157
La_Crime-Revolver-4_jpg.rf.52c1731c12fbb32e653ec99e44ea1f7b.jpg,640,640,gun,455,518,551,633,96,115
2022-04-21_445_jpg.rf.527a3513af9d0d60f518d7ad92595881.jpg,640,640,knife,302,500,340,552,38,52
null_image.jpg,640,640,,,,,,0,0
20_jpg.rf.527cf378cc260115a82b8b0fd5508eba.jpg,640,640,knife,292,520,326,571,34,51
101_jpg.rf.5273301bef60cc0d20aa228813008b7b.jpg,640,640,knife,239,148,383,512,144,364
knife_491_jpg.rf.52adf460f84ad43b291e91513b21a9a7.jpg,640,640,knife,86,125,286,494,200,369
knife_491_jpg.rf.52adf460f84ad43b291e91513b21a9a7.jpg,640,640,knife,352,111,551,494,199,383
KravMagaKnifeDefenseTechniques086_jpg.rf.52778f3ca6911ab704798a02c2eed253.jpg,640,640,knife,274,353,349,416,75,63
00000987_jpg.rf.52d8e1ccb903614e9f7b1514f9e7c125.jpg,640,640,gun,120,148,625,484,505,336
knife_265_jpg.rf.52847bce9e976bdcbe6e8fdff3d19b43.jpg,640,640,knife,21,246,365,543,344,297
Gun_2820_jpg.rf.52afe508353e1b4477cdf20a3c585452.jpg,640,640,gun,94,0,624,624,530,624
DefenseKnifeAttack1213_jpg.rf.52e7bbdcc3ad12df9f2d2ec3fa77587d.jpg,640,640,knife,451,392,540,448,89,56
40_jpg.rf.52a82d97befc2bb7f0f1012f6f5ca17a.jpg,640,640,knife,295,515,314,583,19,68
11_12_2915_jpg.rf.52e53f41bee6d5b3103d0197b3352f4e.jpg,640,640,gun,178,195,253,361,75,166
knife_16_jpg.rf.52a79ae9ec7c822049cbcd9f616c842b.jpg,640,640,knife,68,41,442,514,374,473
batch_395_jpg.rf.5274ef42ec5c7753446bc0136b1d3f61.jpg,640,640,gun,76,264,105,314,29,50
batch_395_jpg.rf.5274ef42ec5c7753446bc0136b1d3f61.jpg,640,640,gun,489,9,632,255,143,246
batch_395_jpg.rf.5274ef42ec5c7753446bc0136b1d3f61.jpg,640,640,gun,331,19,466,270,135,251
batch_395_jpg.rf.5274ef42ec5c7753446bc0136b1d3f61.jpg,640,640,gun,103,393,155,618,52,225
batch_395_jpg.rf.5274ef42ec5c7753446bc0136b1d3f61.jpg,640,640,gun,442,527,476,617,34,90
batch_395_jpg.rf.5274ef42ec5c7753446bc0136b1d3f61.jpg,640,640,gun,370,588,400,639,30,51
TotalRecall-Bere_jpg.rf.52eab33a152367a5cf4dfd0aa5219e64.jpg,640,640,gun,345,130,513,456,168,326
11_12_476_jpg.rf.52d9c0a2b76a2a9e219d18a07c2c453c.jpg,640,640,gun,111,171,429,363,318,192
MidEx_16_jpg.rf.52a19efc154c83b50e081d6c0cf7edca.jpg,640,640,gun,94,336,273,570,179,234
knife_1271_jpg.rf.52f15f99a669a0470923e07758841c15.jpg,640,640,knife,287,166,349,331,62,165
BEL_Sa_jpg.rf.52efc7302d8c1aa9cf7552baa5f1731d.jpg,640,640,gun,297,122,394,238,97,116
gun_3_2_1__0000652_jpg.rf.530312ef7caa3c5aa0a884577f9f7e66.jpg,640,640,gun,198,84,298,392,100,308
gun_2_1_1__0002675_jpg.rf.52f2ff9033d57cb908d81a470b0c465b.jpg,640,640,gun,405,416,445,451,40,35
knife_812_jpg.rf.52fb57423a1d4f87604c45acb1d8dfb1.jpg,640,640,knife,76,399,147,588,71,189
knife_348_jpg.rf.52fec0d4fdc10010794513db453d2e71.jpg,640,640,knife,0,20,638,429,638,409
D9000-SMB-2_jpg.rf.526fc68a57725893d1ee8b2e6d64f8a3.jpg,640,640,gun,212,368,354,637,142,269
gun_3_3_1__0004060_jpg.rf.5359cf105c917a6d17bd41a7809579a8.jpg,640,640,gun,321,291,373,476,52,185
7_7_asd_00140768_jpg.rf.536988b973d06dc102482f636136cd9e.jpg,640,640,gun,183,273,481,409,298,136
RITB29_jpg.rf.533dc544d8c3f22ad3bfa58b7e157b21.jpg,640,640,gun,161,408,246,582,85,174
batch_210_jpg.rf.53215f22518f9cd406f7fdd6da9e42cf.jpg,640,640,gun,68,156,256,319,188,163
batch_210_jpg.rf.53215f22518f9cd406f7fdd6da9e42cf.jpg,640,640,gun,479,247,517,319,38,72
batch_210_jpg.rf.53215f22518f9cd406f7fdd6da9e42cf.jpg,640,640,gun,475,15,531,201,56,186
batch_210_jpg.rf.53215f22518f9cd406f7fdd6da9e42cf.jpg,640,640,gun,112,579,133,639,21,60
batch_210_jpg.rf.53215f22518f9cd406f7fdd6da9e42cf.jpg,640,640,gun,501,348,623,593,122,245
2022-04-15_100_jpg.rf.534a7f9553e2f6ce4b7ed0c0954056a3.jpg,640,640,knife,303,500,329,568,26,68
batch_370_jpg.rf.53377dd4422bee7b2e342efae700d7ee.jpg,640,640,knife,0,68,242,314,242,246
batch_370_jpg.rf.53377dd4422bee7b2e342efae700d7ee.jpg,640,640,knife,444,106,492,222,48,116
batch_370_jpg.rf.53377dd4422bee7b2e342efae700d7ee.jpg,640,640,knife,111,538,138,614,27,76
batch_370_jpg.rf.53377dd4422bee7b2e342efae700d7ee.jpg,640,640,knife,455,386,485,429,30,43
gun_6m_static_0001144_jpg.rf.534d317cdb05e7188ba53e90a84628dc.jpg,640,640,gun,394,167,449,234,55,67
batch_142_jpg.rf.5360c14937881de312b0d576f9259d78.jpg,640,640,gun,234,128,254,162,20,34
batch_142_jpg.rf.5360c14937881de312b0d576f9259d78.jpg,640,640,gun,483,56,502,103,19,47
batch_142_jpg.rf.5360c14937881de312b0d576f9259d78.jpg,640,640,gun,112,368,130,422,18,54
batch_142_jpg.rf.5360c14937881de312b0d576f9259d78.jpg,640,640,gun,325,365,342,409,17,44
InTooDeepS-WModel60_jpg.rf.533242a1cd734079dbd87a407f2270d5.jpg,640,640,gun,281,119,360,265,79,146
knife_820_jpg.rf.537ca9074dd1ca9c7ec44a94c40ebeec.jpg,640,640,knife,86,531,171,640,85,109
gun1_6m_static_0001792_jpg.rf.533a6f3158ae5d4d393ef2c6f9d36634.jpg,640,640,gun,327,229,354,307,27,78
knife_1098_jpg.rf.53c85d8f4351356922d9d3a8c9ecdc6e.jpg,640,640,knife,108,31,235,450,127,419
knife_950_jpg.rf.53b2df8ccc9d5304cd37e095fce3d41f.jpg,640,640,knife,151,361,225,534,74,173
KravMagaKnifeDefenseTechniques052_jpg.rf.53daef934e271afd65a526bd18ef76e9.jpg,640,640,knife,289,345,360,402,71,57
102512554_3392_jpg.rf.535a9d444355da55b8ed00a99e65a6ea.jpg,640,640,gun,259,337,538,639,279,302
DefenseKnifeAttack0501_jpg.rf.539d1c8677cb79a89a36aef6413ab8d7.jpg,640,640,knife,119,388,211,500,92,112
222_jpg.rf.53d347b3040fa193fbfc0f8f645044e7.jpg,640,640,knife,303,349,363,640,60,291
Rover-Hipower_jpg.rf.53cc92c30e47167a7ca2d8404bac6f45.jpg,640,640,gun,360,275,475,491,115,216
gun_2_1_1__0009270_jpg.rf.53ba1ed8cb8d053c49d9c39d99e24b49.jpg,640,640,gun,254,319,283,371,29,52
batch_190_jpg.rf.537241fb2cc081848934455f8a7b8a43.jpg,640,640,knife,41,60,108,257,67,197
batch_190_jpg.rf.537241fb2cc081848934455f8a7b8a43.jpg,640,640,knife,140,105,171,284,31,179
batch_190_jpg.rf.537241fb2cc081848934455f8a7b8a43.jpg,640,640,knife,368,120,398,269,30,149
batch_190_jpg.rf.537241fb2cc081848934455f8a7b8a43.jpg,640,640,knife,402,65,460,319,58,254
batch_190_jpg.rf.537241fb2cc081848934455f8a7b8a43.jpg,640,640,knife,63,407,276,547,213,140
batch_190_jpg.rf.537241fb2cc081848934455f8a7b8a43.jpg,640,640,knife,492,421,520,575,28,154
1649338725-8375568_jpg.rf.540e0925494ee87650ae4fedd23bcf36.jpg,640,640,knife,345,168,416,620,71,452
M3_Flash_Hider_jpg.rf.539fb9864cd32198c442f26366ad69ad.jpg,640,640,gun,11,11,637,624,626,613
1011161257_591_jpg.rf.53bc9eb843640cc32d5f78303b066d4a.jpg,640,640,gun,99,216,509,506,410,290
KravMagaKnifeDefenseTechniques363_jpg.rf.531061c65dc88093b7a7cf023fd104a8.jpg,640,640,knife,411,222,502,320,91,98
11_12_1612_jpg.rf.54153f80ea12353b94173a221700656d.jpg,640,640,gun,64,73,225,155,161,82
knife_254_jpg.rf.54143b60a0fb76a00eeef4607b5aafd6.jpg,640,640,knife,136,265,616,473,480,208
knife_406_jpg.rf.54200db090f6334b7e2d84bec0123e57.jpg,640,640,knife,113,150,376,416,263,266
batch_241_jpg.rf.53bdec0e78a2ed7b0e6bd7b7518eff0b.jpg,640,640,knife,165,60,202,243,37,183
batch_241_jpg.rf.53bdec0e78a2ed7b0e6bd7b7518eff0b.jpg,640,640,knife,430,125,590,264,160,139
batch_241_jpg.rf.53bdec0e78a2ed7b0e6bd7b7518eff0b.jpg,640,640,knife,58,351,224,568,166,217
batch_241_jpg.rf.53bdec0e78a2ed7b0e6bd7b7518eff0b.jpg,640,640,knife,386,381,574,625,188,244
LAR_Grizzly_jpg.rf.5403537e86c3abdd9851cc9ed731f9a2.jpg,640,640,gun,12,39,627,608,615,569
6_22_3_0001204_jpg.rf.53e0865234b1e402c1d4e516039560cd.jpg,640,640,gun,290,259,347,416,57,157
knife_748_jpg.rf.5312ab2b55fc38fafe835a676a3b7cce.jpg,640,640,knife,305,78,360,415,55,337
batch_256_jpg.rf.548ed58d2ebdc785063f6a1342be53df.jpg,640,640,knife,155,114,177,187,22,73
batch_256_jpg.rf.548ed58d2ebdc785063f6a1342be53df.jpg,640,640,knife,180,139,215,206,35,67
batch_256_jpg.rf.548ed58d2ebdc785063f6a1342be53df.jpg,640,640,knife,439,187,465,237,26,50
batch_256_jpg.rf.548ed58d2ebdc785063f6a1342be53df.jpg,640,640,knife,29,560,63,639,34,79
batch_256_jpg.rf.548ed58d2ebdc785063f6a1342be53df.jpg,640,640,knife,368,495,398,598,30,103
2022-04-21_529_jpg.rf.53f1cecd05b0da3546de7a7f6e84ac94.jpg,640,640,knife,280,508,305,603,25,95
gun_3_2_1__0001356_jpg.rf.54732acea265a44acca6f05f69542d63.jpg,640,640,gun,281,226,398,552,117,326
31_jpg.rf.547230d12de59661414771b8c829c3f4.jpg,640,640,knife,281,551,297,594,16,43
222_jpg.rf.5443f0fd4d98a31681e0d491f041a91c.jpg,640,640,knife,351,74,406,445,55,371
gun_2_1_1__0001045_jpg.rf.5495d5499cbe2b41ccec7569d15b3504.jpg,640,640,gun,151,332,187,373,36,41
DSC_00531_JPG_jpg.rf.543091e96bccf100d2b23532c42d9762.jpg,640,640,knife,191,305,240,377,49,72
Blackhat_05_jpg.rf.544e8ba5addef5b98782f45aa43806bd.jpg,640,640,gun,383,263,512,469,129,206
null_image.jpg,640,640,,,,,,0,0
KnifeDefenseKrav042_jpg.rf.54539af83608661ffcd4bb1a97a6e354.jpg,640,640,knife,268,45,338,111,70,66
knife_564_jpg.rf.54a8f319e42aa86f6686588292007398.jpg,640,640,knife,108,196,639,563,531,367
56_jpg.rf.54919758d213e695b5c211d42237a222.jpg,640,640,knife,339,463,403,562,64,99
JW2_279_jpg.rf.54448b41131ebf07720b75c11a2a75b5.jpg,640,640,gun,228,102,366,301,138,199
knife_231_jpg.rf.5484aa42fb880d9382b3dcb086e3d468.jpg,640,640,knife,265,68,538,451,273,383
2022-04-21_543_jpg.rf.54d078c91b4b66e3d24d2fe8821e7f8f.jpg,640,640,knife,283,509,314,586,31,77
knife_536_jpg.rf.54d26543bfcd21a3336a09e188b27d11.jpg,640,640,knife,83,54,437,341,354,287
knife_3_jpg.rf.54ef6a3f7bc3a6303e8471cfa7ba43e8.jpg,640,640,knife,63,142,482,368,419,226
knife_234_jpg.rf.54d3f2a878d9d0935691d1830dec49c7.jpg,640,640,knife,28,54,408,406,380,352
batch_432_jpg.rf.550704d5f19b2dfeddd54ecee2200d84.jpg,640,640,gun,178,119,190,145,12,26
batch_432_jpg.rf.550704d5f19b2dfeddd54ecee2200d84.jpg,640,640,gun,487,113,507,138,20,25
batch_432_jpg.rf.550704d5f19b2dfeddd54ecee2200d84.jpg,640,640,gun,164,425,182,447,18,22
batch_432_jpg.rf.550704d5f19b2dfeddd54ecee2200d84.jpg,640,640,gun,521,363,538,384,17,21
batch_138_jpg.rf.5423aad9ed5ac3556d1955a560125a01.jpg,640,640,gun,162,138,198,214,36,76
batch_138_jpg.rf.5423aad9ed5ac3556d1955a560125a01.jpg,640,640,gun,455,106,480,191,25,85
batch_138_jpg.rf.5423aad9ed5ac3556d1955a560125a01.jpg,640,640,gun,47,435,139,528,92,93
batch_138_jpg.rf.5423aad9ed5ac3556d1955a560125a01.jpg,640,640,gun,476,502,503,594,27,92
knife_1296_jpg.rf.54b3f53a7c1306726c34fd3fbb1bcced.jpg,640,640,knife,301,239,414,296,113,57
knife_454_jpg.rf.5453cb24929baf52d3ea3228227bd464.jpg,640,640,knife,80,260,397,542,317,282
155_jpg.rf.54d82c9b4048ec1a40fadcd7232facda.jpg,640,640,knife,329,331,366,428,37,97
RusoClases418_jpg.rf.551a0b9cf0c4fafd5f186242c033d288.jpg,640,640,knife,240,385,316,434,76,49
4713_jpg.rf.552c9ec39fb5176f3327a4ad51f326f8.jpg,640,640,knife,462,79,516,219,54,140
gun_3_3_1__0001460_jpg.rf.54fdc4c51e750c493c4f491b36d87dcd.jpg,640,640,gun,35,198,117,375,82,177
gun_2_1_1__0001200_jpg.rf.54f14d1f46f1a3eba67abf3294d290bb.jpg,640,640,gun,151,340,187,379,36,39
KravMagaKnifeDefenseTechniques703_jpg.rf.54f3069fbc0395df9efedd9c7cf725e1.jpg,640,640,knife,289,364,376,423,87,59
Devinsky_masaker_1_jpg.rf.551c82f4794347f7a32b9620a92da412.jpg,640,640,gun,28,299,448,622,420,323
online2_jpg.rf.55657a404761da99bafdbdddd8362137.jpg,640,640,knife,143,178,408,631,265,453
KnifeDefenseKrav030_jpg.rf.5508ed0bd361cb548ece7ea316bbb983.jpg,640,640,knife,280,23,354,94,74,71
batch_354_jpg.rf.5595bd36420e50efddb655f682066977.jpg,640,640,knife,185,126,239,313,54,187
batch_354_jpg.rf.5595bd36420e50efddb655f682066977.jpg,640,640,knife,498,176,575,266,77,90
batch_354_jpg.rf.5595bd36420e50efddb655f682066977.jpg,640,640,knife,134,494,240,579,106,85
batch_354_jpg.rf.5595bd36420e50efddb655f682066977.jpg,640,640,knife,486,588,500,625,14,37
Mauser_K98_Sniper_jpg.rf.5552b67fed56eff9fe11d577045ca502.jpg,640,640,gun,4,26,633,571,629,545
knife_1348_jpg.rf.5524c0224eda34d9cdadfa908c0f3abb.jpg,640,640,knife,232,354,285,497,53,143
11_12_2393_jpg.rf.55b943eb80fdbd50c45393ba4ca1266a.jpg,640,640,gun,0,0,623,613,623,613
knife_478_jpg.rf.55359f5f3c937b85ec8985153764568f.jpg,640,640,knife,51,64,312,308,261,244
1024184316_496_jpg.rf.55adf9ff031a79ae7355a9b5a529f34b.jpg,640,640,gun,95,55,540,588,445,533
KravMagaTraining20775_jpg.rf.55757365956727d0a4b0722c9f8e4a04.jpg,640,640,knife,134,451,237,515,103,64
1024172916_2724_jpg.rf.555b6d884e665798f204086ae7026cf4.jpg,640,640,gun,131,191,397,615,266,424
sharpenKnife227_jpg.rf.54d9a8bfae8a7ea2876322a3a060d6ef.jpg,640,640,knife,206,448,266,516,60,68
10251256_3336_jpg.rf.55e6060b196530772aebfc7ea2a48889.jpg,640,640,gun,351,234,527,640,176,406
batch_71_jpg.rf.5589de9db77d45518696fd63947f00c3.jpg,640,640,gun,133,145,162,227,29,82
batch_71_jpg.rf.5589de9db77d45518696fd63947f00c3.jpg,640,640,gun,452,145,472,242,20,97
batch_71_jpg.rf.5589de9db77d45518696fd63947f00c3.jpg,640,640,gun,129,464,155,575,26,111
batch_71_jpg.rf.5589de9db77d45518696fd63947f00c3.jpg,640,640,gun,436,483,468,600,32,117
BaytownOutlaws-doubleshotgun-01_jpg.rf.55501a22c6057ffc23e336651bed0656.jpg,640,640,gun,307,301,340,399,33,98
knife_513_jpg.rf.5533521bb8391e6cfac8304d65fe73ee.jpg,640,640,knife,19,50,401,484,382,434
2022-04-15_102_jpg.rf.55f70bdfcbc064039b03a7c80fb3f56c.jpg,640,640,knife,432,374,446,445,14,71
Avengers3_241_jpg.rf.55e82b8f025985d5449bf84f71a701d1.jpg,640,640,gun,196,199,284,560,88,361
11_12_174_jpg.rf.559c60b3405ed83f88f336e017237b5a.jpg,640,640,gun,8,32,624,592,616,560
knife_855_jpg.rf.55672b879031dce08b13df8806ac54cf.jpg,640,640,knife,69,458,129,640,60,182
KravMagaKnifeDefenseTechniques709_jpg.rf.55dd47194cf0362fd94d2e876b8ce235.jpg,640,640,knife,285,381,375,441,90,60
null_image.jpg,640,640,,,,,,0,0
05_14_0000832_jpg.rf.55e42ab5b7d9bdcb5022755815c4608b.jpg,640,640,gun,155,326,583,516,428,190
6_22_4_0001116_jpg.rf.561db614b762f64cdfaa6198556af433.jpg,640,640,gun,246,207,273,297,27,90
KravMagaTraining21316_jpg.rf.555dddf67f2dbe892e5ac40191d387f7.jpg,640,640,knife,74,441,243,617,169,176
DSC_00491_JPG_jpg.rf.555e0324213e40102f290c857403ed23.jpg,640,640,knife,176,377,251,408,75,31
Faster-RugerSRA-7_jpg.rf.55d56d361a145d4ae81826f0d3f68276.jpg,640,640,gun,335,9,513,586,178,577
gun_2_1_1__0008020_jpg.rf.5643292a9e70983729dad408b674b765.jpg,640,640,gun,149,314,192,354,43,40
1649338732-478854_jpg.rf.564401d46e0f3e5c29908fc268fde3f7.jpg,640,640,knife,306,138,369,640,63,502
batch_100_jpg.rf.566d8bee904b24c58d052dc839296812.jpg,640,640,gun,167,162,258,319,91,157
batch_100_jpg.rf.566d8bee904b24c58d052dc839296812.jpg,640,640,gun,504,121,515,196,11,75
batch_100_jpg.rf.566d8bee904b24c58d052dc839296812.jpg,640,640,gun,119,471,140,523,21,52
batch_100_jpg.rf.566d8bee904b24c58d052dc839296812.jpg,640,640,gun,466,436,489,478,23,42
knife_410_jpg.rf.5694b7e05de8b593145a6745d1f97df6.jpg,640,640,knife,18,304,314,621,296,317
DSDGB-Spencer1860-15_jpg.rf.5676ffdf46da7a4a36865347f7d28c37.jpg,640,640,gun,244,480,480,622,236,142
7_7_asd_00133736_jpg.rf.55ecc8fff1bee17e603ec97b6bfae5bb.jpg,640,640,gun,425,307,481,377,56,70
gun_2_1_1__0005810_jpg.rf.563457a4f8aff74b88aace9f6be67c5a.jpg,640,640,gun,238,333,273,372,35,39
6_22_1_0003936_jpg.rf.56bbdaef5bf871ee3ba82c2b6c391442.jpg,640,640,gun,0,63,97,341,97,278
knife_840_jpg.rf.55db7365ab4ba8aca28dd015bf7ae1d6.jpg,640,640,knife,58,494,132,639,74,145
knife_585_jpg.rf.56c961dd04b18ce593a710b16279483d.jpg,640,640,knife,329,291,568,389,239,98
batch_359_jpg.rf.56c89ab8f36372e0c3db8e1bf8600fb2.jpg,640,640,knife,80,87,148,310,68,223
batch_359_jpg.rf.56c89ab8f36372e0c3db8e1bf8600fb2.jpg,640,640,knife,478,103,551,187,73,84
batch_359_jpg.rf.56c89ab8f36372e0c3db8e1bf8600fb2.jpg,640,640,knife,152,402,195,559,43,157
batch_359_jpg.rf.56c89ab8f36372e0c3db8e1bf8600fb2.jpg,640,640,knife,347,567,385,639,38,72
6_22_3_0003068_jpg.rf.565052f067989f9c9129d32bcc333396.jpg,640,640,gun,217,68,248,213,31,145
HotPursuit-08_jpg.rf.569990f56803c47c33a23d0bc3a4c0f0.jpg,640,640,gun,348,213,390,471,42,258
H-KP200SK_Right_jpg.rf.566f31abd9cabff72dabbe9db165be36.jpg,640,640,gun,0,0,635,639,635,639
22_jpg.rf.56bffee8665eefeb1d6923ba0cf4b217.jpg,640,640,knife,291,462,303,508,12,46
gun_4m_static_0001048_jpg.rf.56a7b0f7371e6d54a1821ddf18345f50.jpg,640,640,gun,279,320,350,446,71,126
KravMagaTraining750_jpg.rf.569cc7b05ff0fe818c3bf9615b5da0f7.jpg,640,640,knife,453,181,521,315,68,134
6_jpg.rf.56afa8414390cb7fc8648638eafe2348.jpg,640,640,knife,251,454,280,520,29,66
PicassoTrigger-UZI-15_jpg.rf.56ea7b2b9a9ae9c3eb40ea7b9c53d3e6.jpg,640,640,gun,106,215,267,544,161,329
6_22_4_0007952_jpg.rf.56ac3b9982c02cc6e212782a41b45da7.jpg,640,640,gun,1,180,42,235,41,55
null_image.jpg,640,640,,,,,,0,0
86_jpg.rf.57025bf24121878268139b126055d148.jpg,640,640,knife,240,196,392,607,152,411
sharpenKnife200_jpg.rf.57177286ddc65f0b41c3273972c114ca.jpg,640,640,knife,292,377,360,443,68,66
gun_2_1_1__0009090_jpg.rf.56ca9d0fe297e0d026c8c193a53e2790.jpg,640,640,gun,419,340,479,419,60,79
Torn_curtain_cz_27_2_jpg.rf.56e2f334250830bbcb2d1bc6b6167742.jpg,640,640,gun,82,89,437,494,355,405
batch_141_jpg.rf.57368db026c447ab7921e1b40d25aa0b.jpg,640,640,gun,85,73,108,111,23,38
batch_141_jpg.rf.57368db026c447ab7921e1b40d25aa0b.jpg,640,640,gun,432,74,454,112,22,38
batch_141_jpg.rf.57368db026c447ab7921e1b40d25aa0b.jpg,640,640,gun,135,399,158,437,23,38
batch_141_jpg.rf.57368db026c447ab7921e1b40d25aa0b.jpg,640,640,gun,471,402,494,440,23,38
gun_2_1_1__0011100_jpg.rf.55fde0597bcd8bd8dee46802c424af50.jpg,640,640,gun,353,280,383,345,30,65
Miles_of_Fire-Mosin-1_jpg.rf.56010748cc763c5e0d8227f68e936323.jpg,640,640,gun,498,80,570,547,72,467
Icar-Makarov-1_jpg.rf.57054db833d022c69e0ecfd07727600d.jpg,640,640,gun,184,66,510,523,326,457
null_image.jpg,640,640,,,,,,0,0
103_jpg.rf.576858de048ada3d408b0fd103f4b351.jpg,640,640,knife,208,372,262,425,54,53
batch_244_jpg.rf.56a154b0c7127ee8f4cb44dd73a055a4.jpg,640,640,gun,57,83,205,231,148,148
batch_244_jpg.rf.56a154b0c7127ee8f4cb44dd73a055a4.jpg,640,640,gun,456,177,595,277,139,100
batch_244_jpg.rf.56a154b0c7127ee8f4cb44dd73a055a4.jpg,640,640,gun,125,496,309,613,184,117
batch_244_jpg.rf.56a154b0c7127ee8f4cb44dd73a055a4.jpg,640,640,gun,396,495,561,618,165,123
KravMagaTraining21321_jpg.rf.572dc1bda5e7b92cc8535e7f903e378b.jpg,640,640,knife,143,454,315,621,172,167
knife_493_jpg.rf.5776e438cc2bb6eb6e7f0d4096f2d9e2.jpg,640,640,knife,43,216,465,399,422,183
11_12_2215_jpg.rf.57431102a171263c49ecd79587851cf2.jpg,640,640,gun,8,5,624,619,616,614
DSC_0016_JPG_jpg.rf.575ea04ca2aaef4fee2134a9d049c3ce.jpg,640,640,knife,278,322,354,371,76,49
Gun_959_jpg.rf.572eca7f7214180324eec31020d86143.jpg,640,640,gun,256,333,585,525,329,192
6_22_4_0008728_jpg.rf.575fd7c8f081985f643cd18abd6e5009.jpg,640,640,gun,301,244,349,328,48,84
knife_371_jpg.rf.5754acb7e6676ab2c321165a19102567.jpg,640,640,knife,16,319,332,609,316,290
batch_333_jpg.rf.578d5c9294cb8b7b02ab509fd525e718.jpg,640,640,knife,155,283,185,319,30,36
batch_333_jpg.rf.578d5c9294cb8b7b02ab509fd525e718.jpg,640,640,knife,339,125,635,236,296,111
batch_333_jpg.rf.578d5c9294cb8b7b02ab509fd525e718.jpg,640,640,knife,0,324,301,639,301,315
batch_333_jpg.rf.578d5c9294cb8b7b02ab509fd525e718.jpg,640,640,knife,367,359,578,620,211,261
Poliziotto_senza_paura-Pistol-3_jpg.rf.57d4c6616dd41f1dbaa408e686f6f820.jpg,640,640,gun,109,313,206,485,97,172
knife_400_jpg.rf.57f0050e7e5615e6ddea90a913315032.jpg,640,640,knife,137,222,466,639,329,417
knife_246_jpg.rf.5776d0846ef68077278077908596c219.jpg,640,640,knife,49,79,449,463,400,384
35_jpg.rf.58340c97678e10c0e0a5fd14f695b97c.jpg,640,640,knife,283,512,299,543,16,31
328_jpg.rf.5847c7e61df4e016b6207776c53f196e.jpg,640,640,knife,292,128,546,346,254,218
102110211_4140_jpg.rf.572f196bc9c08008eeb9935c7902fb10.jpg,640,640,gun,23,181,160,344,137,163
null_image.jpg,640,640,,,,,,0,0
batch_129_jpg.rf.577c50f27a58e1df5f160cc0d8a1bf00.jpg,640,640,gun,99,259,166,305,67,46
batch_129_jpg.rf.577c50f27a58e1df5f160cc0d8a1bf00.jpg,640,640,gun,380,10,638,317,258,307
batch_129_jpg.rf.577c50f27a58e1df5f160cc0d8a1bf00.jpg,640,640,gun,3,320,319,515,316,195
batch_129_jpg.rf.577c50f27a58e1df5f160cc0d8a1bf00.jpg,640,640,gun,327,327,633,633,306,306
05_14_0000275_jpg.rf.582445f40327e0a4fbfc22bfd14b6258.jpg,640,640,gun,281,233,514,430,233,197
knife_353_jpg.rf.57787fb137127ee8d83df9e448a72f9e.jpg,640,640,knife,5,8,234,260,229,252
knifeDefenseTechnique073_jpg.rf.57c445db660e78c1cbd3f99e50bf6207.jpg,640,640,knife,249,214,344,446,95,232
Gun_413_jpg.rf.5857f4b1b16095f7b3827f7f3b2817f9.jpg,640,640,gun,228,153,320,281,92,128
gun_2_1_1__0010970_jpg.rf.57e5f1b7bed4e758042f07747dc20d76.jpg,640,640,gun,214,283,240,327,26,44
gun1_6m_static_0001680_jpg.rf.5815a0f59bdcf904af9dea5e8e2b0745.jpg,640,640,gun,354,251,399,356,45,105
image105_jpg.rf.577ee20e35d025912c1142a0c8b42f3c.jpg,640,640,gun,68,278,532,565,464,287
Mauser1895_jpg.rf.58e2ec9ec7d670659600b60b1f6926b1.jpg,640,640,gun,2,18,636,623,634,605
knife_958_jpg.rf.588b418003fac87c1bc3d72dded647c1.jpg,640,640,knife,77,323,152,523,75,200
Gun_109_jpg.rf.587e633b787c587c1096d599de885b41.jpg,640,640,gun,40,200,306,407,266,207
knife_1180_jpg.rf.594519cb37edcbd57fba26e642f50d59.jpg,640,640,knife,299,291,364,381,65,90
MaskM1911A1-1_jpg.rf.58ef96f4efa460628f286e39a53f148a.jpg,640,640,gun,471,52,626,358,155,306
6_22_4_0004916_jpg.rf.587bd2cdcd091cc5c215dff37c82d414.jpg,640,640,gun,371,101,420,221,49,120
11_12_748_jpg.rf.58f5cede846c1551204b300f55149bb2.jpg,640,640,gun,21,41,627,608,606,567
batch_152_jpg.rf.594fc2a21dcaf9930f546667c75b064b.jpg,640,640,knife,166,140,191,218,25,78
batch_152_jpg.rf.594fc2a21dcaf9930f546667c75b064b.jpg,640,640,knife,354,252,385,319,31,67
batch_152_jpg.rf.594fc2a21dcaf9930f546667c75b064b.jpg,640,640,knife,64,421,88,505,24,84
batch_152_jpg.rf.594fc2a21dcaf9930f546667c75b064b.jpg,640,640,knife,434,501,589,607,155,106
null_image.jpg,640,640,,,,,,0,0
batch_416_jpg.rf.58bea8422e40cd4a7f7076360f87e85e.jpg,640,640,gun,74,59,129,145,55,86
batch_416_jpg.rf.58bea8422e40cd4a7f7076360f87e85e.jpg,640,640,gun,421,78,529,319,108,241
batch_416_jpg.rf.58bea8422e40cd4a7f7076360f87e85e.jpg,640,640,gun,175,335,216,481,41,146
batch_416_jpg.rf.58bea8422e40cd4a7f7076360f87e85e.jpg,640,640,gun,381,371,469,491,88,120
batch_163_jpg.rf.58f03c4fb2a39b42129097ff6c1d7197.jpg,640,640,knife,101,255,112,297,11,42
batch_163_jpg.rf.58f03c4fb2a39b42129097ff6c1d7197.jpg,640,640,knife,490,167,516,186,26,19
batch_163_jpg.rf.58f03c4fb2a39b42129097ff6c1d7197.jpg,640,640,knife,157,398,172,435,15,37
batch_163_jpg.rf.58f03c4fb2a39b42129097ff6c1d7197.jpg,640,640,knife,463,449,500,487,37,38
4369_jpg.rf.5895ff7e21308435c0e59ea8a4c8776d.jpg,640,640,knife,423,106,468,297,45,191
gun1_6m_run_0001032_jpg.rf.591b835dd6166afb9ff7ea627bc6ec3a.jpg,640,640,gun,522,281,567,386,45,105
gun_4m_static_0001816_jpg.rf.58ee2078e40fce3f4fdbcff1686442ad.jpg,640,640,gun,572,232,640,366,68,134
knife_211_jpg.rf.58a933f8bf2bd43e311c0bc85f944bae.jpg,640,640,knife,57,119,386,406,329,287
gun_7m_static_0001408_jpg.rf.587060ae141aaa62a407b3a627bc30fd.jpg,640,640,gun,334,137,369,239,35,102
00000388_jpg.rf.59220218acc4de38fe37adfb7573a7b1.jpg,640,640,gun,40,204,611,456,571,252
knife_747_jpg.rf.590b8994002c1a83b5e971d440e19927.jpg,640,640,knife,313,161,399,457,86,296
169_jpg.rf.59b96ef9f58d83cfe5eee4e36f1366e4.jpg,640,640,knife,359,238,508,417,149,179
Henri_Attal-M1911pistol_jpg.rf.595fa59d879f2ad251bac353f0bbbcd0.jpg,640,640,gun,326,366,442,482,116,116
Paragraf_shotgun_2_2_jpg.rf.58f02ec6ddcf33e3b11d2d0dd626c1fa.jpg,640,640,gun,197,240,289,446,92,206
6_22_1_0000996_jpg.rf.59f4949e4adc03f1220ee4ebe7c4b426.jpg,640,640,gun,399,128,524,398,125,270
Fanat_2-Revolver-3_jpg.rf.5994909fde90a15348da7e543e368b6b.jpg,640,640,gun,289,419,379,494,90,75
knife_1141_jpg.rf.595bb0fd8495dc57612345827c5c41d4.jpg,640,640,knife,102,72,263,406,161,334
6_22_4_0011456_jpg.rf.5a49f3919d8585a6715af0d3fd0dedaf.jpg,640,640,gun,413,139,455,275,42,136
knife_438_jpg.rf.5a25c6d410a95d3969aa2279942dd654.jpg,640,640,knife,222,281,424,606,202,325
Mule_14_jpg.rf.5a44853676a314a8d89ee24d42a5f822.jpg,640,640,gun,169,275,289,579,120,304
275_jpg.rf.59735664307a45711756bc7760bccc4c.jpg,640,640,knife,248,111,460,291,212,180
knife_1193_jpg.rf.592e8b2dd2c34506a4d5215c33e288e4.jpg,640,640,knife,142,322,274,433,132,111
11_12_2777_jpg.rf.5a08f37438f7b98935596223f35d458b.jpg,640,640,gun,45,117,183,304,138,187
knife_273_jpg.rf.5a1d2e7d88e7fa9c66f8d4815d8098a8.jpg,640,640,knife,333,223,616,482,283,259
BS1911-TaurusPT92-2_jpg.rf.5a4db49945c69adf86b47f7ffaa03e19.jpg,640,640,gun,415,69,509,282,94,213
BS1911-TaurusPT92-2_jpg.rf.5a4db49945c69adf86b47f7ffaa03e19.jpg,640,640,gun,86,5,195,263,109,258
6_22_2_0001088_jpg.rf.59e670d1c73d693911b3cc20d35fb6ba.jpg,640,640,gun,231,415,272,512,41,97
knife_1179_jpg.rf.59e0651b2f25634bbd415ece4f454c61.jpg,640,640,knife,128,205,222,382,94,177
gun_2_1_1__0004880_jpg.rf.5a115e9b8a485ebead961fe319938122.jpg,640,640,gun,428,308,470,371,42,63
gun_3_3_1__0000372_jpg.rf.5a06c0bfe61c91b1f05b9477a03a8f21.jpg,640,640,gun,265,320,305,500,40,180
gun_2_1_1__0009550_jpg.rf.5a254d3b194720c9bf7353615d4c6f3d.jpg,640,640,gun,216,292,244,351,28,59
KravMagaKnifeDefenseTechniques051_jpg.rf.5a45823a3b3ab7df8e2bb2cb8eba4603.jpg,640,640,knife,292,320,365,397,73,77
knife_575_jpg.rf.5a347f8a9118cf2b727ca9598da85950.jpg,640,640,knife,222,252,542,531,320,279
batch_177_jpg.rf.5a530d6cebee4eb1221626d9661fcc8b.jpg,640,640,gun,126,61,156,125,30,64
batch_177_jpg.rf.5a530d6cebee4eb1221626d9661fcc8b.jpg,640,640,gun,363,82,394,129,31,47
batch_177_jpg.rf.5a530d6cebee4eb1221626d9661fcc8b.jpg,640,640,gun,72,442,104,487,32,45
batch_177_jpg.rf.5a530d6cebee4eb1221626d9661fcc8b.jpg,640,640,gun,390,418,423,465,33,47
6_22_3_0001360_jpg.rf.5a70a95a2f8ec068b68492bf0e8cbcff.jpg,640,640,gun,208,141,252,259,44,118
39Steps2008_B1903_02_jpg.rf.5a50fc77670199ce0e116780c5c2468b.jpg,640,640,gun,399,290,498,450,99,160
101515408_1539_jpg.rf.5a7eb6c6cfd7b73b469fabde39e3eb97.jpg,640,640,gun,185,40,503,639,318,599
Gun_2549_jpg.rf.5a42464f2e6c631aacbe36b0a801aeb9.jpg,640,640,gun,4,0,616,608,612,608
129_jpg.rf.5a51205385a40954326921714c14850f.jpg,640,640,knife,331,539,366,602,35,63
gun_3_1_1__0003560_jpg.rf.59feb3c8e8cce2d6f93654d29f863c43.jpg,640,640,gun,253,369,309,611,56,242
YugoM57_jpg.rf.5a62273b9e9b745df61d7232064fd57b.jpg,640,640,gun,3,31,632,625,629,594
batch_9_jpg.rf.5a800d16537d473f4e803a2289c315ff.jpg,640,640,gun,37,174,92,279,55,105
batch_9_jpg.rf.5a800d16537d473f4e803a2289c315ff.jpg,640,640,gun,319,241,379,319,60,78
batch_9_jpg.rf.5a800d16537d473f4e803a2289c315ff.jpg,640,640,gun,49,555,109,639,60,84
batch_9_jpg.rf.5a800d16537d473f4e803a2289c315ff.jpg,640,640,gun,440,448,467,493,27,45
36_jpg.rf.5a8261c259221e1717f9c2889d3ec143.jpg,640,640,knife,331,526,355,542,24,16
Smith_Wesson_Shield_jpg.rf.5ac0a7cc7fa65224ee835bdb88eecf15.jpg,640,640,gun,18,16,631,630,613,614
11_jpg.rf.5acfa1dc65cdd8404bfe128a8d230f9f.jpg,640,640,knife,292,537,325,595,33,58
2022-04-21_495_jpg.rf.5a8d0efb2fd7d9c680d33bab3f9a33f3.jpg,640,640,knife,283,508,300,575,17,67
2022-04-15_115_jpg.rf.5adfa61d09d5920e243d5acdb7a16ff5.jpg,640,640,knife,520,506,563,619,43,113
KravMagaKnifeDefenseTechniques091_jpg.rf.5b075a8700f090ec4a51ca764fa7a0e9.jpg,640,640,knife,266,406,344,465,78,59
238_jpg.rf.5a9d0a4a7ec3fe5fd2fcd14395dbfb48.jpg,640,640,knife,309,71,454,352,145,281
Lagression-08_jpg.rf.5ac592cdb610793f702537bb93bd7780.jpg,640,640,gun,282,59,620,554,338,495
75_jpg.rf.5a8358f43d69986286b5978205a964f2.jpg,640,640,knife,262,214,285,283,23,69
Edcoy-cop2_jpg.rf.5ad6bd06fd573027d4bc21d423d3ba93.jpg,640,640,gun,249,466,324,639,75,173
knife_518_jpg.rf.5ac8de686d129c81798081bda867e27a.jpg,640,640,knife,181,24,349,558,168,534
knife_333_jpg.rf.5ae59d79a59f554ecfba1046020b208e.jpg,640,640,knife,2,276,304,626,302,350
sharpenKnife101_jpg.rf.5aae004acc8fb76c106e09bcbe70489a.jpg,640,640,knife,74,91,182,346,108,255
sharpenKnife101_jpg.rf.5aae004acc8fb76c106e09bcbe70489a.jpg,640,640,knife,244,111,433,335,189,224
knife_413_jpg.rf.5b27777309037246fa6da2949e6d15f4.jpg,640,640,knife,83,237,354,571,271,334
133_jpg.rf.5ac8e85462618f07b3c04702e0dd8e1d.jpg,640,640,knife,394,50,525,436,131,386
KravMagaKnifeDefenseTechniques261_jpg.rf.5b10531b96eb186b2b2954050f173877.jpg,640,640,knife,351,123,446,199,95,76
gun_2_1_1__0010740_jpg.rf.5b12d0d819d2a527e4924033c3cd761d.jpg,640,640,gun,184,281,209,340,25,59
2022-04-15_3_jpg.rf.5b056c6ae63aa13fd829631df2b9adb5.jpg,640,640,knife,351,476,363,536,12,60
batch_421_jpg.rf.5ab4d5cdcbeba1c4f650c1c8d8f91dd6.jpg,640,640,gun,121,65,138,112,17,47
batch_421_jpg.rf.5ab4d5cdcbeba1c4f650c1c8d8f91dd6.jpg,640,640,gun,465,65,483,112,18,47
batch_421_jpg.rf.5ab4d5cdcbeba1c4f650c1c8d8f91dd6.jpg,640,640,gun,210,384,224,433,14,49
batch_421_jpg.rf.5ab4d5cdcbeba1c4f650c1c8d8f91dd6.jpg,640,640,gun,489,465,515,502,26,37
DSC_00571_JPG_jpg.rf.5b096fb1f5aac434cc9224636421f216.jpg,640,640,knife,212,334,240,445,28,111
KravMagaKnifeDefenseTechniques239_jpg.rf.5aea84fafa7f079268ebed16b290aa58.jpg,640,640,knife,198,299,286,398,88,99
MaskJericho941-3_jpg.rf.5b4ea95ff2733a7249d00a1dfb72e706.jpg,640,640,gun,34,17,152,454,118,437
80_jpg.rf.5b3fca1e5400d98e138eb8ea02f3cd82.jpg,640,640,knife,320,434,369,480,49,46
gun_3_3_1__0002808_jpg.rf.5b267635a4a7fd488a288473444b0f85.jpg,640,640,gun,311,361,397,580,86,219
Kotovsky-Pistol1-2_jpg.rf.5b3a3550a66527089d8d3515168e9e7a.jpg,640,640,gun,300,180,410,365,110,185
DefenseKnifeAttack0344_jpg.rf.5aed593af64c0bdf55657bfd26124838.jpg,640,640,knife,196,491,273,529,77,38
24_jpg.rf.5b2c15e8e79903fb849de09c24a79257.jpg,640,640,knife,295,34,420,612,125,578
699_jpg.rf.5b17fccaf603b582f614aafed7b05d1f.jpg,640,640,knife,179,259,242,639,63,380
6_22_1_0004892_jpg.rf.5b3a11f8f358d04e65ee8a7336561f3c.jpg,640,640,gun,106,158,246,360,140,202
172_jpg.rf.5b69355093b69acb07eea91fad3cbbef.jpg,640,640,knife,309,489,340,605,31,116
Boalg-rev-5_jpg.rf.5adb539f05172beec5b5bd44681f1d68.jpg,640,640,gun,344,331,386,455,42,124
knife_155_jpg.rf.5b70d43040cb60d187045293b6e6a848.jpg,640,640,knife,94,111,605,489,511,378
DSC_00581_JPG_jpg.rf.5bbea1c42ac9083da17178f293a724ce.jpg,640,640,knife,217,396,251,516,34,120
gun_2_1_1__0007955_jpg.rf.5bd66cd68be5e5086cb93b0aba266ad1.jpg,640,640,gun,205,319,242,360,37,41
batch_93_jpg.rf.5be7c24fe6ee69980c2ecd59504c70ac.jpg,640,640,gun,147,49,186,158,39,109
batch_93_jpg.rf.5be7c24fe6ee69980c2ecd59504c70ac.jpg,640,640,gun,580,8,601,106,21,98
batch_93_jpg.rf.5be7c24fe6ee69980c2ecd59504c70ac.jpg,640,640,gun,169,389,189,472,20,83
batch_93_jpg.rf.5be7c24fe6ee69980c2ecd59504c70ac.jpg,640,640,gun,430,520,460,577,30,57
10177534_2250_jpg.rf.5bd6da203f5675304023ed44c72676ed.jpg,640,640,gun,7,288,371,591,364,303
knife_617_jpg.rf.5bf0f4b6ad09e87d4fa7ecf0c7d43633.jpg,640,640,knife,323,174,395,511,72,337
null_image.jpg,640,640,,,,,,0,0
1365913_05__01957_jpg.rf.5b850da338678e213452702490c0dc40.jpg,640,640,gun,301,246,353,351,52,105
HitmanMicroUzi-3special_jpg.rf.5be84fea38296c8d935eda7fecb5bd51.jpg,640,640,gun,166,196,228,296,62,100
gun_3_1_1__0000152_jpg.rf.5be4ed79dce25ad84b4ee002684cd5b6.jpg,640,640,gun,222,192,267,434,45,242
batch_132_jpg.rf.5bdd2fcded537eb203cf7311954fb46c.jpg,640,640,gun,68,53,252,271,184,218
batch_132_jpg.rf.5bdd2fcded537eb203cf7311954fb46c.jpg,640,640,gun,336,59,614,263,278,204
batch_132_jpg.rf.5bdd2fcded537eb203cf7311954fb46c.jpg,640,640,gun,177,393,186,424,9,31
batch_132_jpg.rf.5bdd2fcded537eb203cf7311954fb46c.jpg,640,640,gun,492,411,501,455,9,44
6_22_4_0011340_jpg.rf.5bc8a15d7877420a9808ee856102aaeb.jpg,640,640,gun,365,257,400,426,35,169
batch_114_jpg.rf.5c139e3f05cd015d129e1c7d573ee378.jpg,640,640,knife,137,56,319,307,182,251
batch_114_jpg.rf.5c139e3f05cd015d129e1c7d573ee378.jpg,640,640,knife,475,111,551,179,76,68
batch_114_jpg.rf.5c139e3f05cd015d129e1c7d573ee378.jpg,640,640,knife,34,386,58,497,24,111
batch_114_jpg.rf.5c139e3f05cd015d129e1c7d573ee378.jpg,640,640,knife,392,368,425,562,33,194
gun_2_1_1__0002485_jpg.rf.5bf64476ca33d8ba715c6ddf98de176c.jpg,640,640,gun,211,443,261,491,50,48
11_12_2821_jpg.rf.5c18b4ba2a5ca58017a405c6f496317a.jpg,640,640,gun,16,12,615,615,599,603
Fatal-glock_17_in_holster_jpg.rf.5c1ff500174e1f6a1ac611ecd3bd00f3.jpg,640,640,gun,1,83,100,375,99,292
1014142810_2868_jpg.rf.5c04a507b57934066444f80d652a95ad.jpg,640,640,gun,128,495,168,535,40,40
1014142810_2868_jpg.rf.5c04a507b57934066444f80d652a95ad.jpg,640,640,gun,240,197,271,256,31,59
Rider_Named_Death-Nagant-1_jpg.rf.5bfce26d1b1baff07e3027f9fb2ec9b4.jpg,640,640,gun,254,187,362,415,108,228
knife_322_jpg.rf.5b6e3fbca4b01dfa4b7f7953f923ba47.jpg,640,640,knife,8,29,289,282,281,253
batch_268_jpg.rf.5bf8ee3461f013846ab1a2f432f70432.jpg,640,640,knife,50,187,272,283,222,96
batch_268_jpg.rf.5bf8ee3461f013846ab1a2f432f70432.jpg,640,640,knife,419,85,479,125,60,40
batch_268_jpg.rf.5bf8ee3461f013846ab1a2f432f70432.jpg,640,640,knife,163,474,215,518,52,44
batch_268_jpg.rf.5bf8ee3461f013846ab1a2f432f70432.jpg,640,640,knife,547,407,570,479,23,72
13_jpg.rf.5c454383296c7b9a251de84173ac9472.jpg,640,640,knife,272,24,416,640,144,616
6_22_4_0001084_jpg.rf.5c561bd9038664a510617c9d4179c686.jpg,640,640,gun,314,236,340,323,26,87
batch_172_jpg.rf.5c55d4abee39093cc4d05844811290d1.jpg,640,640,knife,126,104,190,192,64,88
batch_172_jpg.rf.5c55d4abee39093cc4d05844811290d1.jpg,640,640,knife,450,16,521,298,71,282
batch_172_jpg.rf.5c55d4abee39093cc4d05844811290d1.jpg,640,640,knife,125,412,192,506,67,94
batch_172_jpg.rf.5c55d4abee39093cc4d05844811290d1.jpg,640,640,knife,548,445,569,548,21,103
4422_jpg.rf.5c14e6bd45ee54ad8217bc36325f38fe.jpg,640,640,knife,469,54,514,208,45,154
Lesecret-002_jpg.rf.5c3c3f1b95b66758040dd5c0de8c99b7.jpg,640,640,gun,312,152,572,475,260,323
DefenseKnifeAttack0219_jpg.rf.5c42d008ac850c29d0e7db6e1fb41126.jpg,640,640,knife,126,383,206,490,80,107
knife_259_jpg.rf.5c3d0451cbfaefb776163d06a1725f5f.jpg,640,640,knife,11,96,331,585,320,489
KUWTJ_220_jpg.rf.5c75935978c6ee61fbdaf540fd3e5de2.jpg,640,640,gun,332,324,551,639,219,315
KravMagaKnifeDefenseTechniques115_jpg.rf.5c98670af21964317fdea966f74a3fe2.jpg,640,640,knife,175,173,243,259,68,86
HardW_03_jpg.rf.5c4c22be2cc683773426a6ecd9489c70.jpg,640,640,gun,54,377,160,588,106,211
DSC_00061_JPG_jpg.rf.5c50662ed477feaeec680feb7ca7174b.jpg,640,640,knife,333,293,381,323,48,30
Ng_pistol_DE_PN_jpg.rf.5cc22a5648946e5f5c32b0b2ddc3233c.jpg,640,640,gun,11,17,618,629,607,612
River_of_Death-P08-4_jpg.rf.5cc7b3804bef1ca409ffc1d9727a1042.jpg,640,640,gun,159,298,441,522,282,224
6_22_3_0002748_jpg.rf.5c42a76e7c1f2c01cb503fd603ec462a.jpg,640,640,gun,275,140,342,200,67,60
Newsmakers-92FS-1_jpg.rf.5c92af3f3b4b5ee662edfb2ab81f818f.jpg,640,640,gun,2,4,626,620,624,616
7_7_asd_00098428_jpg.rf.5c6eb90045681fd22a4eda9fd7aadf92.jpg,640,640,gun,298,397,323,447,25,50
batch_386_jpg.rf.5c3f974311d0745653a88f1ddddc7418.jpg,640,640,gun,6,7,315,317,309,310
batch_386_jpg.rf.5c3f974311d0745653a88f1ddddc7418.jpg,640,640,gun,522,232,572,298,50,66
batch_386_jpg.rf.5c3f974311d0745653a88f1ddddc7418.jpg,640,640,gun,64,319,96,565,32,246
batch_386_jpg.rf.5c3f974311d0745653a88f1ddddc7418.jpg,640,640,gun,435,502,477,597,42,95
2022-04-15_13_jpg.rf.5ce0f5b1f95bdfdf01bcc92558fe0981.jpg,640,640,knife,205,474,245,511,40,37
Gun_679_jpg.rf.5cf356630b82979941d45f7b442bddb9.jpg,640,640,gun,223,98,288,461,65,363
PinkC_026_jpg.rf.5c7270f3fe232499ab3361052740060a.jpg,640,640,gun,29,234,243,442,214,208
batch_418_jpg.rf.5c9024991a911592cf8dfb900595956d.jpg,640,640,gun,166,73,186,106,20,33
batch_418_jpg.rf.5c9024991a911592cf8dfb900595956d.jpg,640,640,gun,487,89,507,120,20,31
batch_418_jpg.rf.5c9024991a911592cf8dfb900595956d.jpg,640,640,gun,153,479,171,513,18,34
batch_418_jpg.rf.5c9024991a911592cf8dfb900595956d.jpg,640,640,gun,411,514,587,582,176,68
11_12_894_jpg.rf.5ccb348c045bd90d9ee61ee79660a8a5.jpg,640,640,gun,181,274,372,454,191,180
7_7_asd_00115272_jpg.rf.5ce55115166c1401711ae4edf5ab98df.jpg,640,640,gun,242,293,271,343,29,50
Armaguedon1977-Beretta70-4_jpg.rf.5cae189c81ae052fcf489c898b94e017.jpg,640,640,gun,162,174,414,322,252,148
11_12_2656_jpg.rf.5c970d455f224e567adb14bce9a95dfd.jpg,640,640,gun,96,139,570,537,474,398
knife_1330_jpg.rf.5d238ff854c92788bee6397862174483.jpg,640,640,knife,207,305,291,387,84,82
gun_2_1_1__0011705_jpg.rf.5d23ccfa3554fb881512ccb269b5086b.jpg,640,640,gun,136,305,175,347,39,42
LAC-Jones-rev_jpg.rf.5d467ae2a0b7ad4d470a6331886d7c8e.jpg,640,640,gun,240,133,454,507,214,374
knife_384_jpg.rf.5c8d2febb37d4e3f7f020de3c9f66782.jpg,640,640,knife,71,270,300,636,229,366
425_jpg.rf.5d27f4866b2626caa72c6e4ce89e4079.jpg,640,640,knife,93,280,282,443,189,163
92_jpg.rf.5d5027f18bde27f3aba4e756d6f5203c.jpg,640,640,knife,189,79,582,462,393,383
knife_1232_jpg.rf.5d46adb004fdd8ffb6dfc1ceb7c0edb7.jpg,640,640,knife,228,380,289,482,61,102
4411_jpg.rf.5ca2e767be1d539d4d0d582a7cc2ddee.jpg,640,640,knife,531,162,563,259,32,97
218_jpg.rf.5ceddde8eb137760c07eccfba86be694.jpg,640,640,knife,326,363,359,637,33,274
batch_324_jpg.rf.5d621929121ca0b553f10ab3b0645bc8.jpg,640,640,knife,165,256,189,280,24,24
batch_324_jpg.rf.5d621929121ca0b553f10ab3b0645bc8.jpg,640,640,knife,470,59,489,135,19,76
batch_324_jpg.rf.5d621929121ca0b553f10ab3b0645bc8.jpg,640,640,knife,502,115,517,191,15,76
batch_324_jpg.rf.5d621929121ca0b553f10ab3b0645bc8.jpg,640,640,knife,76,520,106,583,30,63
batch_324_jpg.rf.5d621929121ca0b553f10ab3b0645bc8.jpg,640,640,knife,378,514,404,592,26,78
5_jpg.rf.5d1c9d37b03cf8657c62aa8576a10153.jpg,640,640,knife,236,443,265,506,29,63
knife_823_jpg.rf.5d305046cfbd77cefdf455c643ef7392.jpg,640,640,knife,58,489,134,640,76,151
39Steps2008_WM6_04_jpg.rf.5d5bff16108305427af29f954520fe08.jpg,640,640,gun,53,380,246,528,193,148
AK103_jpg.rf.5dc0d87dffbc621aabcb6ea87cb2f1ba.jpg,640,640,gun,0,3,637,627,637,624
knife_1159_jpg.rf.5da0bcff634fe93af9c0d5d16b50802b.jpg,640,640,knife,171,226,369,386,198,160
11_12_431_jpg.rf.5d36a2bd3c690e7fb3552c9065d7e063.jpg,640,640,gun,206,241,447,542,241,301
batch_339_jpg.rf.5d5e00fde97c58c77ade5d94aa4ea687.jpg,640,640,knife,0,119,230,236,230,117
batch_339_jpg.rf.5d5e00fde97c58c77ade5d94aa4ea687.jpg,640,640,knife,396,8,562,165,166,157
batch_339_jpg.rf.5d5e00fde97c58c77ade5d94aa4ea687.jpg,640,640,knife,21,477,239,631,218,154
batch_339_jpg.rf.5d5e00fde97c58c77ade5d94aa4ea687.jpg,640,640,knife,323,421,492,638,169,217
11_12_1214_jpg.rf.5d48bbbb554e6fb016fca37dc27cb354.jpg,640,640,gun,0,2,478,444,478,442
18_jpg.rf.5d44bb8760b873252c090b2769cc9496.jpg,640,640,knife,298,40,414,623,116,583
KravMagaKnifeDefenseTechniques181_jpg.rf.5d75c6b30021465493319090e06a37cd.jpg,640,640,knife,187,135,251,235,64,100
6_22_2_0001652_jpg.rf.5d1519e0589c62a886b8c66d3a3123ae.jpg,640,640,gun,257,258,281,321,24,63
knife_391_jpg.rf.5df048406479beec024c367a6655459d.jpg,640,640,knife,320,230,629,359,309,129
999_pistol_2_jpg.rf.5e24e5f68652555dc02b4bbf6de3923e.jpg,640,640,gun,86,22,462,540,376,518
11_12_1178_jpg.rf.5da867a8d35f8d4c3e409f8d036942de.jpg,640,640,gun,129,175,234,330,105,155
4363_jpg.rf.5e357814b3566596b0220744b930239b.jpg,640,640,knife,385,162,443,311,58,149
1024182915_6808_jpg.rf.5d81bb02f097b413cf23a0899b536b63.jpg,640,640,gun,258,3,446,621,188,618
335_jpg.rf.5dc32f6ff33a6931c21e663f4dea104b.jpg,640,640,knife,395,34,500,486,105,452
KravMagaTraining055_jpg.rf.5e1d223e69c3dea9e1b52c397a1d3c0c.jpg,640,640,knife,330,110,382,259,52,149
Kandahar-Mauser-2_jpg.rf.5e43c1f5079e7cd602f482e34cc72535.jpg,640,640,gun,324,253,610,374,286,121
DSC_00271_JPG_jpg.rf.5e3823f39f767f3a7f53f15d9734b897.jpg,640,640,knife,289,301,363,347,74,46
11_12_248_jpg.rf.5d5650a344a3cb994b442f4672dc4eaa.jpg,640,640,gun,28,52,611,458,583,406
6_22_1_0000764_jpg.rf.5e5b31d5ecf962399bf2c2e320725b7c.jpg,640,640,gun,103,10,169,278,66,268
gun1_6m_static_0002232_jpg.rf.5e46dd84c654978f75738236f93bf186.jpg,640,640,gun,322,294,343,367,21,73
batch_294_jpg.rf.5dc4dce3830e010a498aa4b06f4fda38.jpg,640,640,gun,289,162,308,182,19,20
batch_294_jpg.rf.5dc4dce3830e010a498aa4b06f4fda38.jpg,640,640,gun,572,161,593,188,21,27
batch_294_jpg.rf.5dc4dce3830e010a498aa4b06f4fda38.jpg,640,640,gun,160,483,179,504,19,21
batch_294_jpg.rf.5dc4dce3830e010a498aa4b06f4fda38.jpg,640,640,gun,473,486,492,508,19,22
null_image.jpg,640,640,,,,,,0,0
KravMagaKnifeDefenseTechniques228_jpg.rf.5eace0477890deb4f67c9a96889df266.jpg,640,640,knife,254,235,344,336,90,101
knife_380_jpg.rf.5e9ff208798de99f8c19a9dc2846cd63.jpg,640,640,knife,8,262,379,502,371,240
gun_3_3_1__0003996_jpg.rf.5dfc647bda5d67496db5921c5b7fe107.jpg,640,640,gun,217,329,265,493,48,164
Gun_1736_jpg.rf.5e3453d45c8df228d20000c86eb549fd.jpg,640,640,gun,19,20,572,511,553,491
gun_3_2_1__0000920_jpg.rf.5e61e6384e120f71c321bc03460d3960.jpg,640,640,gun,184,79,277,387,93,308
S-W32p_jpg.rf.5e615c3a617edeaa3a03adb1a34a35a5.jpg,640,640,gun,16,19,622,612,606,593
gun_3_3_1__0000440_jpg.rf.5eb74bd9176954e2af444d064e366960.jpg,640,640,gun,250,318,291,467,41,149
11_12_129_jpg.rf.5e6f8b6327510e2adf955a515c4e6264.jpg,640,640,gun,390,116,559,508,169,392
knife_171_jpg.rf.5e9a0dc7973ce4f4133e034a09bb44c7.jpg,640,640,knife,228,298,543,394,315,96
43_jpg.rf.5e8dd18666581cfed32a6014a3257d8a.jpg,640,640,knife,180,414,415,618,235,204
knife_657_jpg.rf.5e9d18c379d91f1e97d5a986ea27c70e.jpg,640,640,knife,94,219,155,545,61,326
knife_657_jpg.rf.5e9d18c379d91f1e97d5a986ea27c70e.jpg,640,640,knife,166,68,308,639,142,571
knife_632_jpg.rf.5e96bd6a2260430eb09bf0b5913a60e6.jpg,640,640,knife,324,206,471,382,147,176
gun_2_1_1__0007285_jpg.rf.5eb3df775251ab02ad63039835d20857.jpg,640,640,gun,385,340,424,388,39,48
6_22_3_0003080_jpg.rf.5e90a2d4e865e7d59f456a40ab8d566b.jpg,640,640,gun,229,83,265,259,36,176
2022-04-15_87_jpg.rf.5ed579411d1b8441b24ced4ab462f888.jpg,640,640,knife,245,412,269,485,24,73
knife_703_jpg.rf.5edd71af96df2bdfd39a8f4087bc8d85.jpg,640,640,knife,304,232,470,324,166,92
knife_1318_jpg.rf.5f3cf158e0216cdf82dfdd9c35618327.jpg,640,640,knife,253,349,357,450,104,101
Jack_Ryan_Shadow_Recruit_trailer_039_jpg.rf.5f1e061197f0bf11865e5c976dbde82c.jpg,640,640,gun,312,81,419,564,107,483
6_22_2_0007308_jpg.rf.5ef8530d7bcedfef4276b44de2893817.jpg,640,640,gun,372,239,428,347,56,108
Tb-ppk6_jpg.rf.5f2fa5f353e8de4895c4977e3be5d0e2.jpg,640,640,gun,321,367,453,509,132,142
knife_842_jpg.rf.5f23ae576efa790a77f85d61e312f4b7.jpg,640,640,knife,128,205,199,426,71,221
Never_Say_Die-Vektor-14_jpg.rf.5f278b69dbe4c9cdb73794a95b964f8e.jpg,640,640,gun,159,389,440,632,281,243
KravMagaKnifeDefenseTechniques752_jpg.rf.5f35cbd22dd7ee02169d2bb977828413.jpg,640,640,knife,197,459,285,551,88,92
image129_jpg.rf.5e4d181d55fd21a2646d1f5a00bcce27.jpg,640,640,gun,81,234,634,620,553,386
image129_jpg.rf.5e4d181d55fd21a2646d1f5a00bcce27.jpg,640,640,gun,37,483,119,638,82,155
KravMagaTraining4442_jpg.rf.5ec24055511408ce044b343c9872a032.jpg,640,640,knife,492,559,586,604,94,45
knife_1110_jpg.rf.5f74ad89b78d5dbf03a86ba899622245.jpg,640,640,knife,167,301,305,566,138,265
null_image.jpg,640,640,,,,,,0,0
knife_275_jpg.rf.5f85c2a9898dc39bb392f2f63e43ed2c.jpg,640,640,knife,243,77,523,289,280,212
Horror_Express-Bulldog-5_jpg.rf.5ec81462fae9b4c2492352886a65d0ac.jpg,640,640,gun,419,369,533,485,114,116
gun_3_1_1__0001840_jpg.rf.5eb4806de13da7fe38dd442259c0c6a0.jpg,640,640,gun,237,182,307,425,70,243
102313222_7416_jpg.rf.5f554a9a209f9f2a78a6a5573b45f16f.jpg,640,640,gun,401,103,433,177,32,74
RealityKnifeAttacks0176_jpg.rf.5f87cd52252c09fd973ea351d203376b.jpg,640,640,knife,262,334,311,378,49,44
knife_722_jpg.rf.5f97b92a2c04a1750dbb92ab9e83d929.jpg,640,640,knife,299,215,451,369,152,154
The_snowtown_murders_-_revo_medallion_jpg.rf.5f8d785cd07085e2caa0dd792b653c9b.jpg,640,640,gun,14,127,459,626,445,499
KravMagaTraining21071_jpg.rf.5f8a87b83ef0d83624bb6ad9342c2eba.jpg,640,640,knife,222,405,322,487,100,82
knife_903_jpg.rf.5fdac1b2913a773668aac83b92b5e60b.jpg,640,640,knife,85,322,159,503,74,181
knife_556_jpg.rf.5fcb3a5d0d4fff28e93bdbdc51f7e1e5.jpg,640,640,knife,143,215,591,551,448,336
gun_5m_static_0001328_jpg.rf.5f71b2ca95115ae94d822c8f7ea81d0a.jpg,640,640,gun,246,197,295,323,49,126
gun_3_1_1__0003192_jpg.rf.5fa591c64513a0f092071c1882cd9002.jpg,640,640,gun,238,327,298,561,60,234
360_jpg.rf.5f42bd56a4de1071858079f3c2810fb8.jpg,640,640,knife,374,2,449,545,75,543
batch_319_jpg.rf.5f672df9ef5baf269def37dfa5bf34ff.jpg,640,640,gun,85,119,161,173,76,54
batch_319_jpg.rf.5f672df9ef5baf269def37dfa5bf34ff.jpg,640,640,gun,55,190,133,244,78,54
batch_319_jpg.rf.5f672df9ef5baf269def37dfa5bf34ff.jpg,640,640,gun,167,142,230,205,63,63
batch_319_jpg.rf.5f672df9ef5baf269def37dfa5bf34ff.jpg,640,640,gun,231,31,296,88,65,57
batch_319_jpg.rf.5f672df9ef5baf269def37dfa5bf34ff.jpg,640,640,gun,218,94,289,155,71,61
batch_319_jpg.rf.5f672df9ef5baf269def37dfa5bf34ff.jpg,640,640,gun,347,92,637,312,290,220
batch_319_jpg.rf.5f672df9ef5baf269def37dfa5bf34ff.jpg,640,640,gun,325,0,623,195,298,195
batch_319_jpg.rf.5f672df9ef5baf269def37dfa5bf34ff.jpg,640,640,gun,45,357,275,519,230,162
batch_319_jpg.rf.5f672df9ef5baf269def37dfa5bf34ff.jpg,640,640,gun,336,364,607,600,271,236
6_22_4_0009712_jpg.rf.5ffb918edea13588e22bd75c1c5fea56.jpg,640,640,gun,188,259,252,325,64,66
knife2_jpg.rf.5f7e7dc4e4d215c3de04dc55b296cd53.jpg,640,640,knife,28,96,419,639,391,543
1649338712-845392_jpg.rf.5f8f98b0e9e8035f3e0d2af989e094f0.jpg,640,640,knife,225,267,454,436,229,169
gun_3_3_1__0004808_jpg.rf.5f596b0b8078e7274e1250cf39af1681.jpg,640,640,gun,231,172,302,347,71,175
S-W_639_early_jpg.rf.5fec1d7d3a7c549cc046f754266cd780.jpg,640,640,gun,8,23,620,619,612,596
DefenseKnifeAttack0187_jpg.rf.5fa46e4230210cb1f87b7407c4a27fcd.jpg,640,640,knife,93,456,196,510,103,54
DH3-Beretta92FS_jpg.rf.5f9fd6cf8311061fef42b27e91e8ded2.jpg,640,640,gun,17,3,625,639,608,636
Chernite_angeli-Walther-6_jpg.rf.6005e14ec6c1ce820976f5591204a12a.jpg,640,640,gun,190,168,297,325,107,157
batch_362_jpg.rf.5fabc78ae9ca2c95e98f2af322611e59.jpg,640,640,gun,9,10,315,309,306,299
batch_362_jpg.rf.5fabc78ae9ca2c95e98f2af322611e59.jpg,640,640,gun,450,82,542,122,92,40
batch_362_jpg.rf.5fabc78ae9ca2c95e98f2af322611e59.jpg,640,640,gun,177,478,210,561,33,83
batch_362_jpg.rf.5fabc78ae9ca2c95e98f2af322611e59.jpg,640,640,gun,440,432,466,487,26,55
gun_3_2_1__0001596_jpg.rf.603e3522dd6ff22826b6c106e0a9bb95.jpg,640,640,gun,401,310,551,618,150,308
4715_jpg.rf.601324dbfc556059a11d01f106149e22.jpg,640,640,knife,468,102,535,206,67,104
Ashes_Beretta_1_jpg.rf.5f348c91f333b5ec7a16a3096c9f213b.jpg,640,640,gun,314,456,486,635,172,179
batch_108_jpg.rf.6003d0305083189928af88c561acceb9.jpg,640,640,knife,144,227,156,266,12,39
batch_108_jpg.rf.6003d0305083189928af88c561acceb9.jpg,640,640,knife,461,231,483,259,22,28
batch_108_jpg.rf.6003d0305083189928af88c561acceb9.jpg,640,640,knife,164,485,188,509,24,24
batch_108_jpg.rf.6003d0305083189928af88c561acceb9.jpg,640,640,knife,493,484,521,529,28,45
knife_1071_jpg.rf.5fec2697f0483f5b1f698139a31d0b14.jpg,640,640,knife,209,186,285,462,76,276
Bella_thorne_ygm_2_jpg.rf.603ea8f2ef068303c9f2f5c050657abc.jpg,640,640,gun,54,208,214,623,160,415
knife_837_jpg.rf.603cc249f2ef6dd6e966b74d8f654182.jpg,640,640,knife,56,498,127,640,71,142
knife_914_jpg.rf.600d6a2c890cb0ff83438150b5833b77.jpg,640,640,knife,71,396,142,556,71,160
ItLoD6FA_revolver_1_7_jpg.rf.605c6fcbf2a435978e8f73aae29c43b5.jpg,640,640,gun,284,444,418,554,134,110
batch_354_jpg.rf.6062c1b739d296bd2afa4a762d2f4520.jpg,640,640,gun,83,24,128,118,45,94
batch_354_jpg.rf.6062c1b739d296bd2afa4a762d2f4520.jpg,640,640,gun,530,124,546,146,16,22
batch_354_jpg.rf.6062c1b739d296bd2afa4a762d2f4520.jpg,640,640,gun,208,449,250,481,42,32
batch_354_jpg.rf.6062c1b739d296bd2afa4a762d2f4520.jpg,640,640,gun,182,587,244,603,62,16
batch_354_jpg.rf.6062c1b739d296bd2afa4a762d2f4520.jpg,640,640,gun,209,594,280,615,71,21
batch_354_jpg.rf.6062c1b739d296bd2afa4a762d2f4520.jpg,640,640,gun,238,603,310,624,72,21
batch_354_jpg.rf.6062c1b739d296bd2afa4a762d2f4520.jpg,640,640,gun,337,353,629,617,292,264
OMINC-DE-1_jpg.rf.60172988553ef7270fbfd1f2373ac00c.jpg,640,640,gun,223,304,307,413,84,109
OMINC-DE-1_jpg.rf.60172988553ef7270fbfd1f2373ac00c.jpg,640,640,gun,178,195,268,317,90,122
P00646_jpg.rf.60af7d6fe4ccf856ce680e22eacb7e84.jpg,640,640,gun,1,34,631,606,630,572
knife_53_jpg.rf.60042148b275d111f14ec985b9d23a75.jpg,640,640,knife,191,39,585,528,394,489
2022-04-15_21_jpg.rf.606a31dacb8b33b527ecfac280dc00b2.jpg,640,640,knife,319,448,343,497,24,49
null_image.jpg,640,640,,,,,,0,0
gun_3_3_1__0003696_jpg.rf.605f195800be50a99c43051cdac3cc7f.jpg,640,640,gun,294,400,379,524,85,124
batch_41_jpg.rf.605f80c66195c33d3d987ae3df749985.jpg,640,640,gun,39,42,150,284,111,242
batch_41_jpg.rf.605f80c66195c33d3d987ae3df749985.jpg,640,640,gun,329,17,633,305,304,288
batch_41_jpg.rf.605f80c66195c33d3d987ae3df749985.jpg,640,640,gun,68,460,85,478,17,18
batch_41_jpg.rf.605f80c66195c33d3d987ae3df749985.jpg,640,640,gun,364,470,384,489,20,19
batch_380_jpg.rf.604b30951b80e108e9fdc6ee1496aaac.jpg,640,640,knife,132,64,209,226,77,162
batch_380_jpg.rf.604b30951b80e108e9fdc6ee1496aaac.jpg,640,640,knife,453,84,536,237,83,153
batch_380_jpg.rf.604b30951b80e108e9fdc6ee1496aaac.jpg,640,640,knife,106,399,143,638,37,239
batch_380_jpg.rf.604b30951b80e108e9fdc6ee1496aaac.jpg,640,640,knife,485,353,558,462,73,109
3000grace_casinorifle-1_jpg.rf.604d1d408855bf7a4a3dc84800123b37.jpg,640,640,gun,103,101,253,307,150,206
null_image.jpg,640,640,,,,,,0,0
33_jpg.rf.606cf5ca7638d2f466c01eb9e51ed499.jpg,640,640,knife,254,447,283,516,29,69
knife_87_jpg.rf.6069a06cf8680c3456efaf4d163fdd1b.jpg,640,640,knife,66,140,303,525,237,385
Kill_Switch-Pistol-04_jpg.rf.60c16565194bd6987ceec84c4bda1bbc.jpg,640,640,gun,282,305,407,448,125,143
102312946_3804_jpg.rf.604172f270b099bd620376d2783d2e3d.jpg,640,640,gun,332,208,370,286,38,78
knife_1034_jpg.rf.60c075df62806ad9fd12ba7bba10e31c.jpg,640,640,knife,99,28,373,473,274,445
gun_3_3_1__0001888_jpg.rf.60a41ac96c234b1fd8af93ecfb9434a0.jpg,640,640,gun,58,201,102,415,44,214
gun_3_3_1__0001584_jpg.rf.60c068122b9cf3cba990a78d586fd2dc.jpg,640,640,gun,65,208,107,395,42,187
DefenseKnifeAttack0452_jpg.rf.6144ad922efe1b35e33b5be53234ab39.jpg,640,640,knife,123,490,189,623,66,133
gun_2_1_1__0011225_jpg.rf.61276785b62b0aa06ce01f03dfbdbbf1.jpg,640,640,gun,363,360,398,400,35,40
HN_11_jpg.rf.614135c0bfacb9ee62acc028a3e47f5e.jpg,640,640,gun,276,235,356,434,80,199
batch_74_jpg.rf.610de89f1c9ca9d57644d52f1525dbe1.jpg,640,640,knife,81,211,132,238,51,27
batch_74_jpg.rf.610de89f1c9ca9d57644d52f1525dbe1.jpg,640,640,knife,396,179,439,233,43,54
batch_74_jpg.rf.610de89f1c9ca9d57644d52f1525dbe1.jpg,640,640,knife,80,505,125,549,45,44
batch_74_jpg.rf.610de89f1c9ca9d57644d52f1525dbe1.jpg,640,640,knife,418,535,463,564,45,29
null_image.jpg,640,640,,,,,,0,0
knife_1288_jpg.rf.60eb9fb3fea380f7ba6e188591dd1add.jpg,640,640,knife,252,261,311,387,59,126
knife_1251_jpg.rf.615248c154c43522838c7dc581ca57c3.jpg,640,640,knife,152,212,225,346,73,134
gun_2_1_1__0003705_jpg.rf.612d9789abaac409b91f7c8d248357b1.jpg,640,640,gun,187,285,211,327,24,42
DefenseKnifeAttack1115_jpg.rf.61154b4b7410372ee53ccbe17bf4a7de.jpg,640,640,knife,262,353,302,430,40,77
73_jpg.rf.611af1d52c607ff1e34c2d2ca49b2162.jpg,640,640,knife,202,417,376,638,174,221
knife_775_jpg.rf.61496a104de452605c082b48e46b7f41.jpg,640,640,knife,369,110,455,419,86,309
101721192_1641_jpg.rf.6191fe616395246407d303738c11da4a.jpg,640,640,gun,112,205,214,344,102,139
DefenseKnifeAttack0500_jpg.rf.614b03f1eeb4e6d75261eec2c8d88a3b.jpg,640,640,knife,126,395,220,500,94,105
null_image.jpg,640,640,,,,,,0,0
knife_908_jpg.rf.61992d53490354060c09f22fc04a084f.jpg,640,640,knife,114,209,183,403,69,194
knife_333_jpg.rf.61935cec7254be3a19cf783bc40f9414.jpg,640,640,knife,2,277,305,628,303,351
DefenseKnifeAttack0320_jpg.rf.61271f5c1ebad01751672e644d9d7cef.jpg,640,640,knife,388,405,429,446,41,41
MatrixCZ99-1_jpg.rf.6153a49744d9ee143d5aa52ff33de5c2.jpg,640,640,gun,153,82,444,634,291,552
knife_621_jpg.rf.61b876cde530cc5ee9dce34b7c35e1d8.jpg,640,640,knife,91,232,155,556,64,324
knife_621_jpg.rf.61b876cde530cc5ee9dce34b7c35e1d8.jpg,640,640,knife,174,152,310,639,136,487
gun1_6m_static_0000632_jpg.rf.6130702b492eaff2b8e1dc95ef5d9a82.jpg,640,640,gun,243,255,296,351,53,96
knife47_jpg.rf.61439e412d58f6262268424a70287955.jpg,640,640,knife,240,7,637,456,397,449
Pbf-cns1_jpg.rf.61bcd3c1fd31593935765d1364596ee8.jpg,640,640,gun,243,478,371,639,128,161
Destination_Vegas-Beretta92-5_jpg.rf.61bbf9c98676173a8ecdda146940a7ce.jpg,640,640,gun,45,105,615,604,570,499
batch_164_jpg.rf.61959584a6a3b9cc851d3354e39beb39.jpg,640,640,knife,152,250,170,276,18,26
batch_164_jpg.rf.61959584a6a3b9cc851d3354e39beb39.jpg,640,640,knife,462,252,469,293,7,41
batch_164_jpg.rf.61959584a6a3b9cc851d3354e39beb39.jpg,640,640,knife,137,576,153,620,16,44
batch_164_jpg.rf.61959584a6a3b9cc851d3354e39beb39.jpg,640,640,knife,463,576,477,616,14,40
gun_3_2_1__0000120_jpg.rf.61de414603a9c7f67774a93840e7a530.jpg,640,640,gun,263,268,340,483,77,215
knife_908_jpg.rf.619bec8cfcdc0d82a59f136be5adc408.jpg,640,640,knife,114,209,183,403,69,194
KravMagaKnifeDefenseTechniques660_jpg.rf.61e0ad62b1d7b77d614229df7e5da606.jpg,640,640,knife,217,392,305,480,88,88
knife_1342_jpg.rf.621fc6904f45090965dc441a9fb20c4f.jpg,640,640,knife,302,120,340,271,38,151
knife_1342_jpg.rf.621fc6904f45090965dc441a9fb20c4f.jpg,640,640,knife,365,231,395,382,30,151
351_jpg.rf.61e2e2ca667e4afbad98925d464b5096.jpg,640,640,knife,20,279,214,476,194,197
Open_Fire-M11_9-01_jpg.rf.6209dbdf9f2d67787053de2c5a008fad.jpg,640,640,gun,215,239,513,629,298,390
HatT-Beretta92-3_jpg.rf.61edd4dfce3a23588ea35805b5d7c89f.jpg,640,640,gun,122,283,314,571,192,288
KravMagaTraining20827_jpg.rf.622fb0ae81fd4fa397f62f45b1dfa563.jpg,640,640,knife,189,437,265,514,76,77
knife_316_jpg.rf.6248f2473a8c7931eb486fadce630127.jpg,640,640,knife,0,100,638,591,638,491
KravMagaTraining641_jpg.rf.61e1efeadff260e85ce605a3f3b522b2.jpg,640,640,knife,498,283,571,319,73,36
knife_552_jpg.rf.61d546387527ef86eb0eb47ede27d125.jpg,640,640,knife,175,233,343,361,168,128
KravMagaKnifeDefenseTechniques114_jpg.rf.61d4eb3d38c5d3428d10f6de50de4b8b.jpg,640,640,knife,171,184,239,275,68,91
knife_1350_jpg.rf.62a96491bd6f2594191d9327fccf6224.jpg,640,640,knife,243,180,346,286,103,106
7_7_asd_00129208_jpg.rf.624465b3fac3ea88dddad85bbee28bf1.jpg,640,640,gun,378,446,460,562,82,116
Trans-M203-2_jpg.rf.6295e706e9b7a5ffd6ff9511e7f9acec.jpg,640,640,gun,269,254,431,528,162,274
10179432_636_jpg.rf.60b2062ea9bf567260fd94de71320803.jpg,640,640,gun,375,228,455,349,80,121
6_22_3_0004456_jpg.rf.62a7ba496c15641a692c84dd045842d2.jpg,640,640,gun,216,415,273,524,57,109
knife_138_jpg.rf.61f2a02fa82fb661054732b33e63e48b.jpg,640,640,knife,74,97,565,335,491,238
ColtTrooperMKIII_jpg.rf.6121fe5f8aa29a100c920b05fa4a47fe.jpg,640,640,gun,3,20,636,624,633,604
BaytownOutlaws-SIG226-04_jpg.rf.618334cb6febb886395009bb0e511c35.jpg,640,640,gun,16,193,99,327,83,134
6_22_4_0008144_jpg.rf.62abafb6a26ae6ddbdfeec22b68baab5.jpg,640,640,gun,319,314,375,395,56,81
null_image.jpg,640,640,,,,,,0,0
6_22_2_0007204_jpg.rf.6260711cbe49d569a1206c0cb8e82538.jpg,640,640,gun,290,235,331,340,41,105
batch_22_jpg.rf.62b3092a2048cdce9accdbc9c844a0fa.jpg,640,640,knife,137,16,174,52,37,36
batch_22_jpg.rf.62b3092a2048cdce9accdbc9c844a0fa.jpg,640,640,knife,481,165,542,226,61,61
batch_22_jpg.rf.62b3092a2048cdce9accdbc9c844a0fa.jpg,640,640,knife,184,508,207,599,23,91
batch_22_jpg.rf.62b3092a2048cdce9accdbc9c844a0fa.jpg,640,640,knife,500,401,535,462,35,61
2022-04-15_24_jpg.rf.628dff95218ffbede885f47a4f78fde9.jpg,640,640,knife,260,485,280,539,20,54
knife_614_jpg.rf.625920251073ed6f8a4322137cde6ecb.jpg,640,640,knife,318,231,471,355,153,124
KravMagaTraining21302_jpg.rf.629d5b0a7a1a899f3c5b11119c53ee8b.jpg,640,640,knife,242,498,315,587,73,89
gun_3_3_1__0003152_jpg.rf.6299064608cdacada8082366e46d1cc2.jpg,640,640,gun,233,357,290,606,57,249
Gun_1356_jpg.rf.62dc0fc968680604cd900b1314d2e156.jpg,640,640,gun,2,0,636,637,634,637
DSC_0034_JPG_jpg.rf.62b16c51383f08ed92c77687a0b79392.jpg,640,640,knife,181,447,252,475,71,28
knife_107_jpg.rf.62e32bac70e65062e9688efbe0b47362.jpg,640,640,knife,85,118,412,523,327,405
11_12_1532_jpg.rf.62ce68b625730d2db6f956b4f84be1cc.jpg,640,640,gun,241,446,393,599,152,153
Total_Western-Pistol-10_jpg.rf.6269611282e0469ff4661bfc5a46321a.jpg,640,640,gun,389,115,454,285,65,170
102312751_3675_jpg.rf.62c2c0fbaf1ebed9803dc52c1cf33175.jpg,640,640,gun,366,161,404,209,38,48
batch_236_jpg.rf.62fb4058991e46b31a79ddacdb2180f4.jpg,640,640,gun,43,37,298,275,255,238
batch_236_jpg.rf.62fb4058991e46b31a79ddacdb2180f4.jpg,640,640,gun,345,3,606,308,261,305
batch_236_jpg.rf.62fb4058991e46b31a79ddacdb2180f4.jpg,640,640,gun,3,321,315,617,312,296
batch_236_jpg.rf.62fb4058991e46b31a79ddacdb2180f4.jpg,640,640,gun,374,497,493,598,119,101
114_jpg.rf.62fb6e5bb06b3604b059cf457fe27bc8.jpg,640,640,knife,36,29,425,449,389,420
batch_257_jpg.rf.62e43210f90936f8a830bd875acff10b.jpg,640,640,gun,13,280,96,318,83,38
batch_257_jpg.rf.62e43210f90936f8a830bd875acff10b.jpg,640,640,gun,75,125,291,319,216,194
batch_257_jpg.rf.62e43210f90936f8a830bd875acff10b.jpg,640,640,gun,420,141,467,253,47,112
batch_257_jpg.rf.62e43210f90936f8a830bd875acff10b.jpg,640,640,gun,195,472,230,568,35,96
batch_257_jpg.rf.62e43210f90936f8a830bd875acff10b.jpg,640,640,gun,322,321,635,631,313,310
6_22_1_0004712_jpg.rf.62dcfcdd846233ca394963b8db6ca6f4.jpg,640,640,gun,231,114,332,406,101,292
48_jpg.rf.6315ff6c88996379b5d4dec97d03f134.jpg,640,640,knife,201,0,416,458,215,458
sharpenKnife057_jpg.rf.62fc7c141f44d2bc13193c19b92a93e3.jpg,640,640,knife,204,449,356,533,152,84
BuffaloSoldiers-CQ-2_jpg.rf.62bd1f3a5a0d6d724f34e60a0ffa9a40.jpg,640,640,gun,218,220,588,634,370,414
276_jpg.rf.62ec55473d5f461b0e740f55a7473255.jpg,640,640,knife,154,285,369,448,215,163
2022-04-15_71_jpg.rf.630b0a4d3343a686af0e27852d6ad191.jpg,640,640,knife,308,483,346,519,38,36
gun_3_1_1__0001448_jpg.rf.6321ffc4b3692ce79e09f57b8a583f00.jpg,640,640,gun,282,190,317,412,35,222
DefenseKnifeAttack0426_jpg.rf.6304526f86973dfeab64e7991744253a.jpg,640,640,knife,179,540,273,622,94,82
KravMagaTraining21322_jpg.rf.633ad7b51f8c09441461f6d1b756d494.jpg,640,640,knife,174,476,341,616,167,140
60_jpg.rf.634b722894f16b1c7935bcd09f998716.jpg,640,640,knife,291,6,395,571,104,565
Rs_SP2022_4_jpg.rf.635b6019c3e9ec0a5ae68093c60cd45e.jpg,640,640,gun,181,432,252,557,71,125
Rs_SP2022_4_jpg.rf.635b6019c3e9ec0a5ae68093c60cd45e.jpg,640,640,gun,284,422,335,533,51,111
Ishchi_vetra-Mosin-3_jpg.rf.633d4f90731204d775b5d53fdb5adde3.jpg,640,640,gun,5,410,432,524,427,114
knife_932_jpg.rf.6315c09fedb88216a5949b9f082227dd.jpg,640,640,knife,105,254,171,458,66,204
knife45_jpg.rf.633616f46b5df8935558974f6139c598.jpg,640,640,knife,11,35,606,523,595,488
DSC_0006_JPG_jpg.rf.63c84903ff5fc8ff9b4bd22ab23f74b7.jpg,640,640,knife,301,143,336,274,35,131
290_jpg.rf.6350a52b9afe5c93caecd71236b9498f.jpg,640,640,knife,315,95,543,234,228,139
null_image.jpg,640,640,,,,,,0,0
batch_162_jpg.rf.6367afc38a44fc5db7c495dbb2eac7ca.jpg,640,640,gun,4,5,313,314,309,309
batch_162_jpg.rf.6367afc38a44fc5db7c495dbb2eac7ca.jpg,640,640,gun,328,18,591,182,263,164
batch_162_jpg.rf.6367afc38a44fc5db7c495dbb2eac7ca.jpg,640,640,gun,371,141,622,307,251,166
batch_162_jpg.rf.6367afc38a44fc5db7c495dbb2eac7ca.jpg,640,640,gun,145,443,232,516,87,73
batch_162_jpg.rf.6367afc38a44fc5db7c495dbb2eac7ca.jpg,640,640,gun,507,444,604,566,97,122
batch_162_jpg.rf.6367afc38a44fc5db7c495dbb2eac7ca.jpg,640,640,gun,420,405,438,469,18,64
gun_4m_static_0003168_jpg.rf.63bfaa32b76aa2cd88734fc153248e48.jpg,640,640,gun,368,222,396,398,28,176
null_image.jpg,640,640,,,,,,0,0
knife_650_jpg.rf.638dba40128bf2987832ab420b55da9b.jpg,640,640,knife,349,146,414,506,65,360
BaytownOutlaws-Saiga12K-02_jpg.rf.63bee05e1291ed8b4aa1c6395b613b13.jpg,640,640,gun,190,244,296,480,106,236
Nashville_Revolver_jpg.rf.636d91e238e81cff57c5b464e38249d9.jpg,640,640,gun,249,123,316,360,67,237
knife_1266_jpg.rf.634ac3f00b6d779183cceb0f3405b85f.jpg,640,640,knife,183,411,287,506,104,95
batch_56_jpg.rf.6377409d207cbcab883e96d6526353f6.jpg,640,640,knife,58,30,281,181,223,151
batch_56_jpg.rf.6377409d207cbcab883e96d6526353f6.jpg,640,640,knife,396,236,534,310,138,74
batch_56_jpg.rf.6377409d207cbcab883e96d6526353f6.jpg,640,640,knife,59,347,190,534,131,187
batch_56_jpg.rf.6377409d207cbcab883e96d6526353f6.jpg,640,640,knife,326,412,341,516,15,104
batch_56_jpg.rf.6377409d207cbcab883e96d6526353f6.jpg,640,640,knife,619,375,639,484,20,109
10251512_442_jpg.rf.6348bef5066b18dbc4e75c93e7f2b860.jpg,640,640,gun,242,420,345,561,103,141
KravMagaKnifeDefenseTechniques212_jpg.rf.637ef19f3104b4943d5c418d98dc29f6.jpg,640,640,knife,259,248,348,342,89,94
batch_313_jpg.rf.63fae263d009c0851c993ca0b80d906f.jpg,640,640,gun,118,125,149,214,31,89
batch_313_jpg.rf.63fae263d009c0851c993ca0b80d906f.jpg,640,640,gun,408,67,457,144,49,77
batch_313_jpg.rf.63fae263d009c0851c993ca0b80d906f.jpg,640,640,gun,174,428,259,529,85,101
batch_313_jpg.rf.63fae263d009c0851c993ca0b80d906f.jpg,640,640,gun,319,532,386,590,67,58
DSC_0012_JPG_jpg.rf.63fa4db47a555b117e4d2db6a5176c82.jpg,640,640,knife,288,256,391,294,103,38
11_12_1405_jpg.rf.63c41d47db282e07e20cb265aa757fdf.jpg,640,640,gun,282,171,320,206,38,35
1011133951_48_jpg.rf.632b58189fb2b998b01af8d112f6e671.jpg,640,640,gun,303,400,429,632,126,232
KravMagaKnifeDefenseTechniques234_jpg.rf.63ebd7082dfad222e361ffb396474831.jpg,640,640,knife,216,235,307,340,91,105
batch_345_jpg.rf.63e19e52f5a19952f19d68623772bd53.jpg,640,640,knife,122,10,181,319,59,309
batch_345_jpg.rf.63e19e52f5a19952f19d68623772bd53.jpg,640,640,knife,472,292,502,313,30,21
batch_345_jpg.rf.63e19e52f5a19952f19d68623772bd53.jpg,640,640,knife,92,528,142,557,50,29
batch_345_jpg.rf.63e19e52f5a19952f19d68623772bd53.jpg,640,640,knife,416,523,465,552,49,29
6_22_1_0003960_jpg.rf.6408158ea4d5a83f929a1a62ca9816ef.jpg,640,640,gun,29,90,104,393,75,303
batch_56_jpg.rf.6445d4ddbb15e94fe67624fbaeef851e.jpg,640,640,gun,151,122,214,235,63,113
batch_56_jpg.rf.6445d4ddbb15e94fe67624fbaeef851e.jpg,640,640,gun,449,110,501,270,52,160
batch_56_jpg.rf.6445d4ddbb15e94fe67624fbaeef851e.jpg,640,640,gun,144,407,197,558,53,151
batch_56_jpg.rf.6445d4ddbb15e94fe67624fbaeef851e.jpg,640,640,gun,384,442,417,536,33,94
knife_1056_jpg.rf.63cecf4bbd98cd3453534de34e2b3504.jpg,640,640,knife,297,370,339,481,42,111
22_Bullets-Pistol-31_jpg.rf.6421364e812dc203c90196318b976758.jpg,640,640,gun,371,481,433,626,62,145
11_12_982_jpg.rf.641dd82641a8f14cf71c33cefdbfd1dd.jpg,640,640,gun,190,239,248,359,58,120
Samurai_Commando_submachinegun_1_jpg.rf.63fac709080980e01272b5ceb6126c11.jpg,640,640,gun,240,158,405,552,165,394
Robocop3DesEagle2_jpg.rf.641f7a3257af49adde349c2b521bff64.jpg,640,640,gun,225,280,355,489,130,209
288_jpg.rf.64365f81be889a0ae7bc001ff2347777.jpg,640,640,knife,332,130,531,219,199,89
64_jpg.rf.6409ada386cd09d6cdb0747fab9bbcbb.jpg,640,640,knife,143,459,169,525,26,66
knife_603_jpg.rf.643e526a58ee82d568411d3e50e4195b.jpg,640,640,knife,188,51,438,439,250,388
102313839_7848_jpg.rf.00398606b4fb3b539a5064842e34f97f.jpg,640,640,gun,330,238,352,268,22,30
knife_466_jpg.rf.00395bdd5c52f427aece86087334749e.jpg,640,640,knife,40,58,603,573,563,515
batch_183_jpg.rf.00185f53047af6cab406fa86c02ce247.jpg,640,640,knife,110,8,231,313,121,305
batch_183_jpg.rf.00185f53047af6cab406fa86c02ce247.jpg,640,640,knife,469,141,492,186,23,45
batch_183_jpg.rf.00185f53047af6cab406fa86c02ce247.jpg,640,640,knife,465,478,507,500,42,22
batch_183_jpg.rf.00185f53047af6cab406fa86c02ce247.jpg,640,640,knife,151,550,185,588,34,38
112_jpg.rf.0060b51c744059c9fd08c5d597a8e44e.jpg,640,640,knife,305,375,332,474,27,99
Arminius_HW10_jpg.rf.0052060e3140c57eb61f0dad71b2c6d5.jpg,640,640,gun,14,9,627,615,613,606
1364934_02__01256_jpg.rf.004c9250fe74ca3ef9d3e7b61e48ef7d.jpg,640,640,gun,400,315,454,461,54,146
RMDSW_jpg.rf.00546bafeb99bcb386114c223110ccb5.jpg,640,640,gun,52,429,232,637,180,208
knife_57_jpg.rf.0030b02b93215ed95bea4263da1afe5b.jpg,640,640,knife,232,66,606,357,374,291
DefenseKnifeAttack0393_jpg.rf.003e807c0c64f519ca54945c05d341ee.jpg,640,640,knife,179,491,285,559,106,68
knife_906_jpg.rf.00abdb6b7a4af7b925d3bded477b84df.jpg,640,640,knife,74,348,152,517,78,169
11_12_2806_jpg.rf.00941874e52b484bec062493c22e3e2f.jpg,640,640,gun,4,0,624,597,620,597
batch_286_jpg.rf.008b58f99f7b09e35a52170c4c1fb6d1.jpg,640,640,knife,27,245,66,319,39,74
batch_286_jpg.rf.008b58f99f7b09e35a52170c4c1fb6d1.jpg,640,640,knife,353,54,533,201,180,147
batch_286_jpg.rf.008b58f99f7b09e35a52170c4c1fb6d1.jpg,640,640,knife,65,462,105,559,40,97
batch_286_jpg.rf.008b58f99f7b09e35a52170c4c1fb6d1.jpg,640,640,knife,367,489,402,586,35,97
Ulzana-Reichsrevolver-4_jpg.rf.008a9cd16e0bf8a04d29c7af07d55ce2.jpg,640,640,gun,142,406,240,623,98,217
Hell_Below_Zero-ColtNS-B_jpg.rf.00928d9b0db345c48deb6041c456164f.jpg,640,640,gun,338,515,476,633,138,118
knife_486_jpg.rf.0056f33cee792ecca9755f1e63e1f343.jpg,640,640,knife,236,297,605,628,369,331
MissouriB_03_jpg.rf.0069e06978c9449aa017fa7648aac0d2.jpg,640,640,gun,141,556,197,639,56,83
102312122_3228_jpg.rf.003701dda8a47e57005bbb244823900b.jpg,640,640,gun,321,291,360,384,39,93
null_image.jpg,640,640,,,,,,0,0
knife15_jpg.rf.00d22641b0e3b5a3a4fae44f21afdc5f.jpg,640,640,knife,0,0,438,520,438,520
knife_167_jpg.rf.00c013027700db79ea820a55f2b2907d.jpg,640,640,knife,6,11,484,629,478,618
knife_432_jpg.rf.0032c59342e001142fd2a30833bb7772.jpg,640,640,knife,158,515,334,630,176,115
knife_432_jpg.rf.0032c59342e001142fd2a30833bb7772.jpg,640,640,knife,84,351,299,522,215,171
knife_432_jpg.rf.0032c59342e001142fd2a30833bb7772.jpg,640,640,knife,10,191,278,410,268,219
33_jpg.rf.00d7ea6713126623fb585b7a0d23116c.jpg,640,640,knife,288,533,323,619,35,86
291_jpg.rf.00df8636d1782b02775de12b0df23a1d.jpg,640,640,knife,325,131,529,255,204,124
KravMagaKnifeDefenseTechniques134_jpg.rf.00dbbce0ff2639aa7d062d8cd7276742.jpg,640,640,knife,236,342,310,399,74,57
Kyra_Sedgwick-W-PPK_jpg.rf.01065252f97087d3ec77925626f5acc2.jpg,640,640,gun,183,489,259,575,76,86
Kyra_Sedgwick-W-PPK_jpg.rf.01065252f97087d3ec77925626f5acc2.jpg,640,640,gun,88,407,198,540,110,133
102312249_4791_jpg.rf.00e875c4a2ca100f2afb71a4cde9cedf.jpg,640,640,gun,290,219,321,270,31,51
NACougarRaid_jpg.rf.00ad3ea9deef92486026a1270db11cc5.jpg,640,640,gun,209,301,263,428,54,127
D2-WaltherPPK_jpg.rf.011c76c4a241da60fc55fbaebad30097.jpg,640,640,gun,335,257,399,429,64,172
295_jpg.rf.0106732d8131e0055419227e9643eba8.jpg,640,640,knife,354,25,503,434,149,409
Ipcress_File_Walther-PPK2_jpg.rf.00ebbc5f2fb4b135a87a115455416bb2.jpg,640,640,gun,298,313,401,559,103,246
RusoClases307_jpg.rf.015505aa4fe7c135c07f3501243e88f8.jpg,640,640,knife,268,286,292,432,24,146
6_22_3_0005796_jpg.rf.00e94859a10aa7e085b0c7d92132cff5.jpg,640,640,gun,302,290,339,448,37,158
knife30_jpg.rf.00956a21f6b77a604f62b7a5c44c0793.jpg,640,640,knife,0,323,343,602,343,279
gun_3_3_1__0001880_jpg.rf.01614ad38c465791a59547ae81d70d1e.jpg,640,640,gun,63,190,119,400,56,210
6_22_4_0007048_jpg.rf.016940cbd15005d23da2270ec2b9ef44.jpg,640,640,gun,358,226,432,303,74,77
DSDGB-WebleyMkVI-3_jpg.rf.012f30e8bc06e4777fd9946e634eebb5.jpg,640,640,gun,9,141,110,391,101,250
254_jpg.rf.0105b1a48788f7dacd85630df552348b.jpg,640,640,knife,283,451,325,554,42,103
gun1_5m_static_0001840_jpg.rf.0163cf0ef857a01484df8278cc675d62.jpg,640,640,gun,346,311,411,401,65,90
KravMagaKnifeDefenseTechniques674_jpg.rf.0139aee5cb838cd84e80b40b83523e69.jpg,640,640,knife,253,349,333,425,80,76
batch_281_jpg.rf.011fa07692da8f6ac00e038530ece355.jpg,640,640,gun,48,179,92,224,44,45
batch_281_jpg.rf.011fa07692da8f6ac00e038530ece355.jpg,640,640,gun,457,78,546,271,89,193
batch_281_jpg.rf.011fa07692da8f6ac00e038530ece355.jpg,640,640,gun,151,402,251,581,100,179
batch_281_jpg.rf.011fa07692da8f6ac00e038530ece355.jpg,640,640,gun,321,323,637,627,316,304
KravMagaKnifeDefenseTechniques731_jpg.rf.0126be1f7976781416fb16fc35b93e3c.jpg,640,640,knife,273,410,359,479,86,69
knife_1321_jpg.rf.014b61cd500c2a51af8f98d557650c28.jpg,640,640,knife,305,113,345,255,40,142
knife_1321_jpg.rf.014b61cd500c2a51af8f98d557650c28.jpg,640,640,knife,345,76,367,274,22,198
KravMagaTraining20835_jpg.rf.0173554b83e8ff27e63eaf2cc6b0ab4a.jpg,640,640,knife,251,450,329,500,78,50
DSC_0020_JPG_jpg.rf.013806b0aa2bf31f87789ce3c6158f85.jpg,640,640,knife,373,385,419,420,46,35
KravMagaKnifeDefenseTechniques121_jpg.rf.01276c4c6fcf0c143367d14bb9bef206.jpg,640,640,knife,176,162,253,242,77,80
31_jpg.rf.00fc6d3b6fcb95174ac4817414f98e12.jpg,640,640,knife,318,431,351,546,33,115
1015143549_3249_jpg.rf.0126c834e6a61421ba0f1cd6a5463f98.jpg,640,640,gun,65,368,180,491,115,123
Abduction_36_jpg.rf.0187ad670c0d34f6625146e69575a9ed.jpg,640,640,gun,211,193,296,583,85,390
39_jpg.rf.01853cfe1ea598f9f4a872af806b65ef.jpg,640,640,knife,305,537,332,623,27,86
sharpenKnife091_jpg.rf.0191b988b24900ac714e712024cb1d5a.jpg,640,640,knife,340,409,468,494,128,85
knife_285_jpg.rf.018b8c965cf76ab2ae1adb8235d0df08.jpg,640,640,knife,28,69,320,362,292,293
BOFAKshort_jpg.rf.01581efcddb53160eb7e0e5abc2034f4.jpg,640,640,gun,232,301,508,625,276,324
KravMagaKnifeDefenseTechniques442_jpg.rf.01b09a3585b78ef16c6c2be480c45d72.jpg,640,640,knife,297,303,372,477,75,174
batch_32_jpg.rf.01a15ca5d6578292048e1bd87f053da1.jpg,640,640,gun,35,131,164,314,129,183
batch_32_jpg.rf.01a15ca5d6578292048e1bd87f053da1.jpg,640,640,gun,472,8,583,209,111,201
batch_32_jpg.rf.01a15ca5d6578292048e1bd87f053da1.jpg,640,640,gun,101,466,134,617,33,151
batch_32_jpg.rf.01a15ca5d6578292048e1bd87f053da1.jpg,640,640,gun,452,368,559,622,107,254
RusoClases309_jpg.rf.019af27acfd09bbda26df05ad63ce453.jpg,640,640,knife,290,285,313,428,23,143
45_jpg.rf.0203a1b0849e78d45ce98c4fe365a8f8.jpg,640,640,knife,219,48,450,525,231,477
knife_200_jpg.rf.01d8c9254eaeafc1a4a4ac044fb260a4.jpg,640,640,knife,148,179,622,436,474,257
gun_3_1_1__0001708_jpg.rf.01b34a70ad99e2ff21afc51ad89bdbe5.jpg,640,640,gun,272,193,337,419,65,226
gun_4m_static_0002000_jpg.rf.01ab53ff0b1c750659a9fc93b695793b.jpg,640,640,gun,571,183,627,323,56,140
6_22_4_0004796_jpg.rf.02071a525f9952c9b4d9f358e84345e1.jpg,640,640,gun,451,361,481,477,30,116
knife_722_jpg.rf.02092b10e9afe8cc2e910b6efc35316f.jpg,640,640,knife,300,216,452,370,152,154
knife_40_jpg.rf.021326d8833c45c0465fac1af1228a55.jpg,640,640,knife,108,51,622,528,514,477
37_jpg.rf.01b85a868863112602c5005d74c91238.jpg,640,640,knife,337,540,409,586,72,46
batch_78_jpg.rf.0219b1fe9f649eeebabf07f3abdcb5f7.jpg,640,640,gun,89,130,151,243,62,113
batch_78_jpg.rf.0219b1fe9f649eeebabf07f3abdcb5f7.jpg,640,640,gun,492,61,621,180,129,119
batch_78_jpg.rf.0219b1fe9f649eeebabf07f3abdcb5f7.jpg,640,640,gun,64,401,196,548,132,147
batch_78_jpg.rf.0219b1fe9f649eeebabf07f3abdcb5f7.jpg,640,640,gun,380,462,451,587,71,125
3407_jpg.rf.01ce48277076f79ac19c38745d7c1972.jpg,640,640,knife,355,76,420,399,65,323
105_jpg.rf.0210a30c3977c773fe248ea9f11bbcc7.jpg,640,640,knife,198,357,280,437,82,80
Armstrong_Sig226_Nickel_4_jpg.rf.01ea721b0dec90737c6b1ab5168d59f1.jpg,640,640,gun,356,233,468,390,112,157
7_7_asd_00131282_jpg.rf.0254c749da33f85ccd397eca0b3afbac.jpg,640,640,gun,149,123,180,237,31,114
7_7_asd_00131282_jpg.rf.0254c749da33f85ccd397eca0b3afbac.jpg,640,640,gun,383,403,419,488,36,85
sharpenKnife006_jpg.rf.022ebe085e37334729fed89f623a94a7.jpg,640,640,knife,348,502,525,599,177,97
knife_732_jpg.rf.020a3d1e977f8cc827d5d5e04bac23a9.jpg,640,640,knife,305,163,386,439,81,276
Doch_yakudzy_AK_74_1_jpg.rf.026880247d0d3a3dea980dad918b724e.jpg,640,640,gun,173,240,302,581,129,341
batch_225_jpg.rf.0238cd8509d80af0dd425f9cb5838213.jpg,640,640,gun,163,173,208,280,45,107
batch_225_jpg.rf.0238cd8509d80af0dd425f9cb5838213.jpg,640,640,gun,432,176,509,273,77,97
batch_225_jpg.rf.0238cd8509d80af0dd425f9cb5838213.jpg,640,640,gun,88,322,237,526,149,204
batch_225_jpg.rf.0238cd8509d80af0dd425f9cb5838213.jpg,640,640,gun,484,397,572,556,88,159
batch_305_jpg.rf.0221281c40b07733d22398566d7949bf.jpg,640,640,knife,119,117,205,303,86,186
batch_305_jpg.rf.0221281c40b07733d22398566d7949bf.jpg,640,640,knife,490,95,538,159,48,64
batch_305_jpg.rf.0221281c40b07733d22398566d7949bf.jpg,640,640,knife,137,495,172,612,35,117
batch_305_jpg.rf.0221281c40b07733d22398566d7949bf.jpg,640,640,knife,470,400,512,537,42,137
batch_392_jpg.rf.0210db8d29850d6dc60d2abbd4ceb45f.jpg,640,640,gun,197,54,227,95,30,41
batch_392_jpg.rf.0210db8d29850d6dc60d2abbd4ceb45f.jpg,640,640,gun,514,120,574,251,60,131
batch_392_jpg.rf.0210db8d29850d6dc60d2abbd4ceb45f.jpg,640,640,gun,20,387,75,454,55,67
batch_392_jpg.rf.0210db8d29850d6dc60d2abbd4ceb45f.jpg,640,640,gun,61,429,282,568,221,139
batch_392_jpg.rf.0210db8d29850d6dc60d2abbd4ceb45f.jpg,640,640,gun,405,451,578,527,173,76
ONO_6_jpg.rf.0248dcd475dbad91b0e1c8bb2c911c1a.jpg,640,640,gun,5,179,467,513,462,334
11_12_2469_jpg.rf.025569cbb16e4232d4b1df2423fd15cc.jpg,640,640,gun,4,11,620,613,616,602
knifeDefenseTechnique111_jpg.rf.021d28eed9acfc1f6c9c7830527f16ec.jpg,640,640,knife,381,245,441,455,60,210
UWA_99_jpg.rf.029348d2918c69a237b1cb797c788ce7.jpg,640,640,gun,229,308,278,485,49,177
knife_556_jpg.rf.0244f118e8e93750f76216b421104fa4.jpg,640,640,knife,142,215,590,550,448,335
batch_101_jpg.rf.0278cce3348bf81e3c34fdbdf7764961.jpg,640,640,gun,82,20,243,188,161,168
batch_101_jpg.rf.0278cce3348bf81e3c34fdbdf7764961.jpg,640,640,gun,441,20,513,165,72,145
batch_101_jpg.rf.0278cce3348bf81e3c34fdbdf7764961.jpg,640,640,gun,22,346,159,631,137,285
batch_101_jpg.rf.0278cce3348bf81e3c34fdbdf7764961.jpg,640,640,gun,439,387,474,415,35,28
batch_101_jpg.rf.0278cce3348bf81e3c34fdbdf7764961.jpg,640,640,gun,484,388,533,418,49,30
101512531_2004_jpg.rf.0246c540750bd3cab5ec23bd1a81d0a0.jpg,640,640,gun,14,298,87,482,73,184
101512531_2004_jpg.rf.0246c540750bd3cab5ec23bd1a81d0a0.jpg,640,640,gun,543,424,633,613,90,189
212_jpg.rf.02892677311963292420250989926eb1.jpg,640,640,knife,285,579,303,639,18,60
Dustinhoffman1_jpg.rf.028685861c8a76ae2f7b28f6a179ca74.jpg,640,640,gun,245,227,339,430,94,203
38_jpg.rf.0235c7d17c0e417bc9def376902a65a1.jpg,640,640,knife,52,442,434,605,382,163
38_jpg.rf.0235c7d17c0e417bc9def376902a65a1.jpg,640,640,knife,179,43,386,111,207,68
38_jpg.rf.0235c7d17c0e417bc9def376902a65a1.jpg,640,640,knife,97,212,415,357,318,145
gun_1_568_jpg.rf.028b696ec3e9b9a3344c4796ac6bed78.jpg,640,640,gun,8,8,603,640,595,632
null_image.jpg,640,640,,,,,,0,0
6_22_1_0002204_jpg.rf.02eecce5ca9c67ee24f1846b18fc6a4b.jpg,640,640,gun,177,400,255,640,78,240
9_jpg.rf.03085a8f0495bbe5972b06e87f504942.jpg,640,640,knife,259,317,376,445,117,128
NTFD_Type54-2_jpg.rf.02a62e11d89285804ecfb71ecfe3f88c.jpg,640,640,gun,340,314,453,551,113,237
Krestyanskiy_syn-Nagant-8_jpg.rf.02827d2e4f3625045ee644bf43415327.jpg,640,640,gun,427,470,528,628,101,158
DSC_0033_JPG_jpg.rf.02e109c2e5487359394d49fa7354ceef.jpg,640,640,knife,171,366,243,414,72,48
Djinns-M1911Ser80-2_jpg.rf.032b2a56a7c2be5b7f91425ef8d5fa7d.jpg,640,640,gun,364,364,413,591,49,227
VacSAA5_jpg.rf.030d1fcde6a9cace42566e5311d6a575.jpg,640,640,gun,200,34,296,204,96,170
VacSAA5_jpg.rf.030d1fcde6a9cace42566e5311d6a575.jpg,640,640,gun,307,25,402,188,95,163
gun_2_1_1__0008875_jpg.rf.0340b42f35b3b4d8dbdb47636cbe8ff6.jpg,640,640,gun,363,304,406,376,43,72
2F2F-Beretta-1_jpg.rf.031dab08cd2b00dd25cc8682f382cfcf.jpg,640,640,gun,352,273,420,411,68,138
KravMagaTraining21110_jpg.rf.02bbaf35ee116244aeb2bfa10915f241.jpg,640,640,knife,270,406,374,463,104,57
knife_51_jpg.rf.038c349852c17213033ae877dec9bd18.jpg,640,640,knife,9,100,560,474,551,374
batch_13_jpg.rf.035e5d1b262ee8485dd5fffe19eb3912.jpg,640,640,knife,110,219,125,254,15,35
batch_13_jpg.rf.035e5d1b262ee8485dd5fffe19eb3912.jpg,640,640,knife,445,65,543,185,98,120
batch_13_jpg.rf.035e5d1b262ee8485dd5fffe19eb3912.jpg,640,640,knife,142,388,218,504,76,116
batch_13_jpg.rf.035e5d1b262ee8485dd5fffe19eb3912.jpg,640,640,knife,449,391,553,508,104,117
1649338739-1602151_jpg.rf.02d7783b7a89505761f4026c1585dad2.jpg,640,640,knife,224,4,309,640,85,636
Poliziotti_violenti-Revolver1-1_jpg.rf.032a2129b42277299fe643ed3b7cb70f.jpg,640,640,gun,218,400,348,562,130,162
knife_1190_jpg.rf.02f64a35f7158892d9474a22a3ca00f5.jpg,640,640,knife,125,251,216,382,91,131
knife_1085_jpg.rf.03264a3e48c417cb1dbf011885f32804.jpg,640,640,knife,163,295,600,548,437,253
BTILC-SDB-3_jpg.rf.035003163f5aa70c632327f4b51d2091.jpg,640,640,gun,171,163,309,630,138,467
BTILC-SDB-3_jpg.rf.035003163f5aa70c632327f4b51d2091.jpg,640,640,gun,450,199,519,387,69,188
BTILC-SDB-3_jpg.rf.035003163f5aa70c632327f4b51d2091.jpg,640,640,gun,552,227,576,295,24,68
499_jpg.rf.03341e66139bf21a87d15c523d7750e8.jpg,640,640,knife,256,174,625,368,369,194
batch_320_jpg.rf.02ce8cd9470d3256fb56f9229d3b8350.jpg,640,640,knife,171,265,192,289,21,24
batch_320_jpg.rf.02ce8cd9470d3256fb56f9229d3b8350.jpg,640,640,knife,488,270,512,288,24,18
batch_320_jpg.rf.02ce8cd9470d3256fb56f9229d3b8350.jpg,640,640,knife,116,564,152,586,36,22
batch_320_jpg.rf.02ce8cd9470d3256fb56f9229d3b8350.jpg,640,640,knife,425,545,458,577,33,32
null_image.jpg,640,640,,,,,,0,0
107_jpg.rf.03900475807484e59402d9aba9bff3a3.jpg,640,640,knife,290,526,313,620,23,94
The_Ultimate_Weapon-Glock-12_jpg.rf.037b86392f300324f1348f4c727819ee.jpg,640,640,gun,351,166,474,325,123,159
50_jpg.rf.039125ce84af482fd29a088e784e462f.jpg,640,640,knife,254,329,486,503,232,174
DH4S-W19-2_jpg.rf.029c3326ee6c8b9998f5da3c68224c97.jpg,640,640,gun,371,0,416,164,45,164
gun_2_1_1__0010120_jpg.rf.031596f813de163c36c92edb43fad734.jpg,640,640,gun,313,264,349,321,36,57
6_22_3_0002800_jpg.rf.02b1425c05299a95196741ad38ba7c47.jpg,640,640,gun,305,86,394,148,89,62
knife_984_jpg.rf.03ab282ac821634a5f465cd43601680c.jpg,640,640,knife,54,492,129,640,75,148
gun_3_3_1__0003920_jpg.rf.03b61194d306f2abc4192a3ffdac1c4c.jpg,640,640,gun,211,448,260,568,49,120
200_jpg.rf.039b1e43fbb756928fa4bd92ccf85a9d.jpg,640,640,knife,308,485,332,600,24,115
ChBK-Nagant_short-4_jpg.rf.03e1367ac8b75b098e016170599fbc07.jpg,640,640,gun,65,261,145,413,80,152
M2S-92F-7_jpg.rf.03b206a9bd9821a227428d4aa5d698de.jpg,640,640,gun,362,94,525,499,163,405
DefenseKnifeAttack0218_jpg.rf.03c4673ad7d651775f95662b85634b02.jpg,640,640,knife,128,391,208,490,80,99
gun_2_1_1__0001075_jpg.rf.03a2d101396fa45a0b3cc5c9441b79fa.jpg,640,640,gun,108,338,142,370,34,32
knife_1236_jpg.rf.03cdb0c3d55dce11e1d56a78e224473b.jpg,640,640,knife,190,189,284,489,94,300
knife_1236_jpg.rf.03cdb0c3d55dce11e1d56a78e224473b.jpg,640,640,knife,302,148,361,375,59,227
knife_1236_jpg.rf.03cdb0c3d55dce11e1d56a78e224473b.jpg,640,640,knife,371,192,417,380,46,188
null_image.jpg,640,640,,,,,,0,0
batch_122_jpg.rf.03ba064fbd59415882c05af3f256e923.jpg,640,640,knife,175,271,205,289,30,18
batch_122_jpg.rf.03ba064fbd59415882c05af3f256e923.jpg,640,640,knife,486,198,504,235,18,37
batch_122_jpg.rf.03ba064fbd59415882c05af3f256e923.jpg,640,640,knife,166,577,197,602,31,25
batch_122_jpg.rf.03ba064fbd59415882c05af3f256e923.jpg,640,640,knife,541,575,567,618,26,43
knife_613_jpg.rf.0435ba1450bf45f1df2985b651c86d47.jpg,640,640,knife,145,99,211,488,66,389
RusoClases643_jpg.rf.045c6c260adee62fa473fb784719d3c6.jpg,640,640,knife,328,431,443,509,115,78
One4Mon_15_jpg.rf.0424e89d8e575dd54c6c995f8cc65bd8.jpg,640,640,gun,488,340,536,530,48,190
batch_269_jpg.rf.04082b1ccba9a519873e10da790a4783.jpg,640,640,gun,119,142,150,233,31,91
batch_269_jpg.rf.04082b1ccba9a519873e10da790a4783.jpg,640,640,gun,418,122,487,217,69,95
batch_269_jpg.rf.04082b1ccba9a519873e10da790a4783.jpg,640,640,gun,80,319,180,450,100,131
batch_269_jpg.rf.04082b1ccba9a519873e10da790a4783.jpg,640,640,gun,330,335,629,624,299,289
148_jpg.rf.043a0298302ba4ed4d1c0141e4c68dff.jpg,640,640,knife,259,429,313,485,54,56
batch_211_jpg.rf.03f9706f7b7e536785808f40b1b4c988.jpg,640,640,gun,93,198,176,294,83,96
batch_211_jpg.rf.03f9706f7b7e536785808f40b1b4c988.jpg,640,640,gun,470,91,559,264,89,173
batch_211_jpg.rf.03f9706f7b7e536785808f40b1b4c988.jpg,640,640,gun,35,356,124,607,89,251
batch_211_jpg.rf.03f9706f7b7e536785808f40b1b4c988.jpg,640,640,gun,399,411,495,557,96,146
batch_192_jpg.rf.045ebda667069f3ccdbe1e9e3415a68c.jpg,640,640,gun,193,65,212,141,19,76
batch_192_jpg.rf.045ebda667069f3ccdbe1e9e3415a68c.jpg,640,640,gun,536,65,605,161,69,96
batch_192_jpg.rf.045ebda667069f3ccdbe1e9e3415a68c.jpg,640,640,gun,137,435,152,461,15,26
batch_192_jpg.rf.045ebda667069f3ccdbe1e9e3415a68c.jpg,640,640,gun,409,509,468,577,59,68
Untouch-sw10d_jpg.rf.044ff4fc8730a933d7a8d5993d75588d.jpg,640,640,gun,34,480,124,609,90,129
ND-sbs_jpg.rf.046f22ce9f0a4de6dd0b9c87086f91d0.jpg,640,640,gun,167,264,472,639,305,375
batch_30_jpg.rf.0494a4ba0f9d3df22f6bbf94447f5ca8.jpg,640,640,knife,187,84,223,104,36,20
batch_30_jpg.rf.0494a4ba0f9d3df22f6bbf94447f5ca8.jpg,640,640,knife,499,79,535,103,36,24
batch_30_jpg.rf.0494a4ba0f9d3df22f6bbf94447f5ca8.jpg,640,640,knife,179,399,215,423,36,24
batch_30_jpg.rf.0494a4ba0f9d3df22f6bbf94447f5ca8.jpg,640,640,knife,496,382,547,421,51,39
99_jpg.rf.04a45c4294859ec0b8d5e2b84009fb56.jpg,640,640,knife,294,551,343,603,49,52
gun_3_2_1__0002992_jpg.rf.04b1ee6044248342084ecd4ab7db7d60.jpg,640,640,gun,268,275,312,546,44,271
DSC_00621_JPG_jpg.rf.046a59472e787a07d5288edab1aa58d6.jpg,640,640,knife,272,425,325,448,53,23
377_jpg.rf.04b087bff55f77b994236624e4043a7a.jpg,640,640,knife,60,95,323,363,263,268
KDSh-PM-5_jpg.rf.049f98465b06158c3afede2ab3577522.jpg,640,640,gun,286,127,380,330,94,203
Capone-cop1_jpg.rf.042a56f6c1e350595f3743d74e4b35da.jpg,640,640,gun,65,129,143,260,78,131
Capone-cop1_jpg.rf.042a56f6c1e350595f3743d74e4b35da.jpg,640,640,gun,380,91,452,277,72,186
87_jpg.rf.04dc5ece789fe95ceb41b62a315c89b6.jpg,640,640,knife,258,13,377,639,119,626
gun1_7m_run_0000968_jpg.rf.04d76464f45174cc46a2fafd352cf111.jpg,640,640,gun,55,275,86,353,31,78
batch_146_jpg.rf.041d1d5d977b903d3017bd58ab964a9f.jpg,640,640,knife,1,3,116,129,115,126
batch_146_jpg.rf.041d1d5d977b903d3017bd58ab964a9f.jpg,640,640,knife,337,147,476,313,139,166
batch_146_jpg.rf.041d1d5d977b903d3017bd58ab964a9f.jpg,640,640,knife,18,467,156,633,138,166
batch_146_jpg.rf.041d1d5d977b903d3017bd58ab964a9f.jpg,640,640,knife,350,373,506,523,156,150
knife_10_jpg.rf.04a33e32e2f2ff741faef2f0244f80d6.jpg,640,640,knife,164,11,452,412,288,401
DefenseKnifeAttack0700_jpg.rf.04c811d4310adbfb3edca7c4804e489b.jpg,640,640,knife,286,425,331,463,45,38
MS-45-002_jpg.rf.04ebb22184f189c8638cc258ba46c8b2.jpg,640,640,gun,14,436,145,637,131,201
1649338718-4868333_jpg.rf.04f8e6b6c8ad3c631bb6a6d09fff58f6.jpg,640,640,knife,249,252,460,443,211,191
136_jpg.rf.05303e25612a74e7b46383305fdde0e7.jpg,640,640,knife,272,326,468,546,196,220
batch_54_jpg.rf.054c48f4840e9afc9d6a83a36d193f3f.jpg,640,640,gun,37,47,148,271,111,224
batch_54_jpg.rf.054c48f4840e9afc9d6a83a36d193f3f.jpg,640,640,gun,516,107,559,191,43,84
batch_54_jpg.rf.054c48f4840e9afc9d6a83a36d193f3f.jpg,640,640,gun,564,77,599,139,35,62
batch_54_jpg.rf.054c48f4840e9afc9d6a83a36d193f3f.jpg,640,640,gun,587,40,616,81,29,41
batch_54_jpg.rf.054c48f4840e9afc9d6a83a36d193f3f.jpg,640,640,gun,27,561,56,622,29,61
batch_54_jpg.rf.054c48f4840e9afc9d6a83a36d193f3f.jpg,640,640,gun,208,342,235,416,27,74
batch_54_jpg.rf.054c48f4840e9afc9d6a83a36d193f3f.jpg,640,640,gun,343,533,405,613,62,80
134_jpg.rf.04724e9c10dcdfd8101a65e8e3d2976e.jpg,640,640,knife,282,516,329,573,47,57
batch_232_jpg.rf.05560461ee60c56c43af64945359d807.jpg,640,640,gun,7,194,54,239,47,45
batch_232_jpg.rf.05560461ee60c56c43af64945359d807.jpg,640,640,gun,533,169,601,235,68,66
batch_232_jpg.rf.05560461ee60c56c43af64945359d807.jpg,640,640,gun,148,577,181,624,33,47
batch_232_jpg.rf.05560461ee60c56c43af64945359d807.jpg,640,640,gun,535,477,564,552,29,75
batch_232_jpg.rf.05560461ee60c56c43af64945359d807.jpg,640,640,gun,355,466,385,517,30,51
NC_DS_01_jpg.rf.0517ee1b341c6951f55759bb32278729.jpg,640,640,gun,194,487,305,616,111,129
gun_3_3_1__0002156_jpg.rf.04e7bb56837ca8a9d08fe812e7da2579.jpg,640,640,gun,59,292,122,439,63,147
Marauders_SIG3_jpg.rf.04d1f33bc28b2b5af6dffbde7156f318.jpg,640,640,gun,456,124,573,347,117,223
knife_499_jpg.rf.05770fd38b75af7959e78230d9fa67f3.jpg,640,640,knife,319,118,553,431,234,313
6_22_1_0005932_jpg.rf.055323172c38dd2d2beccbaf78f8f8c5.jpg,640,640,gun,362,293,511,457,149,164
batch_205_jpg.rf.05251347c529e91ee4cb10dcbf9c84ef.jpg,640,640,gun,4,1,315,312,311,311
batch_205_jpg.rf.05251347c529e91ee4cb10dcbf9c84ef.jpg,640,640,gun,531,217,636,284,105,67
batch_205_jpg.rf.05251347c529e91ee4cb10dcbf9c84ef.jpg,640,640,gun,119,580,174,639,55,59
batch_205_jpg.rf.05251347c529e91ee4cb10dcbf9c84ef.jpg,640,640,gun,425,348,452,424,27,76
47_jpg.rf.04fd75f1dd539c3961d1b332a3a6a759.jpg,640,640,knife,390,126,453,189,63,63
gun_2_1_1__0014340_jpg.rf.0564dec75371dbe8780655e76fb75497.jpg,640,640,gun,206,343,243,376,37,33
324_jpg.rf.0566c616ff973a38725c24a6713365cd.jpg,640,640,knife,337,5,428,537,91,532
knife_1211_jpg.rf.05782ea5be507ecdc5153cefa14ac640.jpg,640,640,knife,251,291,312,449,61,158
1023124341_6135_jpg.rf.052d5e25cfd770f8063fd6a9826d5b6b.jpg,640,640,gun,359,421,390,466,31,45
111315359_35_jpg.rf.04f6b5f47b0ae32ef4330a141f878078.jpg,640,640,gun,363,353,449,570,86,217
knife_460_jpg.rf.05b988703b1164b481fd58f42a8bb171.jpg,640,640,knife,44,243,364,611,320,368
KravMagaKnifeDefenseTechniques159_jpg.rf.04900fa43d6a3ff54d8d575b21719ffd.jpg,640,640,knife,211,157,288,257,77,100
Flatfoot_in_Egypt-P38-2_jpg.rf.05c3a7b424de1ad9a191cc5dfadfef4a.jpg,640,640,gun,232,333,321,500,89,167
6_22_3_0001800_jpg.rf.05c943a047462f342c336dc3cb7c5fbf.jpg,640,640,gun,169,111,244,226,75,115
batch_20_jpg.rf.05a91b409ac75e4c0f12dc9640f41b90.jpg,640,640,knife,111,170,245,277,134,107
batch_20_jpg.rf.05a91b409ac75e4c0f12dc9640f41b90.jpg,640,640,knife,427,153,556,272,129,119
batch_20_jpg.rf.05a91b409ac75e4c0f12dc9640f41b90.jpg,640,640,knife,91,393,185,602,94,209
batch_20_jpg.rf.05a91b409ac75e4c0f12dc9640f41b90.jpg,640,640,knife,452,412,550,452,98,40
Caboblanco-M1911-2_jpg.rf.057e007130ca05ac945ef29690289721.jpg,640,640,gun,293,309,381,464,88,155
knife_390_jpg.rf.05d549d2f1595b5ffcf82a57425ea5da.jpg,640,640,knife,98,45,414,388,316,343
6_22_4_0008808_jpg.rf.05bdbbd49e27c9df2208f2a89ce7d9d8.jpg,640,640,gun,385,487,427,626,42,139
10239925_465_jpg.rf.05a6463c0ff7a5fc88aadb02a130e385.jpg,640,640,gun,434,193,474,248,40,55
3405_jpg.rf.0575914541bc5b9f255ed1026e201255.jpg,640,640,knife,353,74,419,395,66,321
BB-ITHACA37-5_jpg.rf.057efd83a6dce95992620cda02cf6cf4.jpg,640,640,gun,348,180,630,639,282,459
39_jpg.rf.056a8d239688705ff0caab75a8fb009b.jpg,640,640,knife,288,409,337,531,49,122
101116913_339_jpg.rf.05cd4af307babcc9162b54cfe3e67f3a.jpg,640,640,gun,106,192,408,557,302,365
CTRes3_jpg.rf.05d3f2e8f15d957f5266382dddcf90c6.jpg,640,640,gun,248,317,461,513,213,196
knife_822_jpg.rf.05d41827ed36b8e6028e7b3f5d7102fc.jpg,640,640,knife,100,369,163,554,63,185
gun_2_1_1__0006650_jpg.rf.06387a065a5c17a28affffe8a7df3bf7.jpg,640,640,gun,293,321,335,359,42,38
KravMagaTraining119_jpg.rf.06111c4a407d8c70822703d156e3ac00.jpg,640,640,knife,169,57,229,225,60,168
knife_854_jpg.rf.05fb6610c8d11b37e08da0a201acd899.jpg,640,640,knife,82,366,149,502,67,136
20_jpg.rf.0620dcfdcb3ad114b02ad89348113136.jpg,640,640,knife,115,546,200,602,85,56
knife_420_jpg.rf.060d09b9569e6241bedf3ab3d475589c.jpg,640,640,knife,338,42,584,330,246,288
175_jpg.rf.05d820bd16c0c97d7c952f7c14ec7868.jpg,640,640,knife,305,48,417,559,112,511
knife46_jpg.rf.063cf3ed7804a2a286d7a4ebe516e9ca.jpg,640,640,knife,14,47,640,534,626,487
null_image.jpg,640,640,,,,,,0,0
11131589_335_jpg.rf.061d2bc1aa5b49a486461c14132877da.jpg,640,640,gun,273,11,364,201,91,190
batch_249_jpg.rf.06aaabfa3bbab02c3d6eeb2ec5d3aa78.jpg,640,640,gun,1,4,309,313,308,309
batch_249_jpg.rf.06aaabfa3bbab02c3d6eeb2ec5d3aa78.jpg,640,640,gun,329,9,629,308,300,299
batch_249_jpg.rf.06aaabfa3bbab02c3d6eeb2ec5d3aa78.jpg,640,640,gun,51,339,272,621,221,282
batch_249_jpg.rf.06aaabfa3bbab02c3d6eeb2ec5d3aa78.jpg,640,640,gun,396,439,601,592,205,153
60_jpg.rf.06b791ddfd05d6a659dbc08f71c564f5.jpg,640,640,knife,240,394,314,512,74,118
KravMagaTraining20406_jpg.rf.06c4129bf6eff0ed17792f2b1bab0cd1.jpg,640,640,knife,211,341,271,430,60,89
PANite-Hawg_jpg.rf.06d60bc92cc2247587a231a28b841030.jpg,640,640,gun,7,53,619,607,612,554
knife_881_jpg.rf.05fbc220070f09c2413ab3ca49bcd38c.jpg,640,640,knife,121,290,186,492,65,202
batch_6_jpg.rf.06529453fa4ad7979d8fcb1c2d0877a1.jpg,640,640,knife,131,202,142,245,11,43
batch_6_jpg.rf.06529453fa4ad7979d8fcb1c2d0877a1.jpg,640,640,knife,435,110,481,192,46,82
batch_6_jpg.rf.06529453fa4ad7979d8fcb1c2d0877a1.jpg,640,640,knife,123,542,140,582,17,40
batch_6_jpg.rf.06529453fa4ad7979d8fcb1c2d0877a1.jpg,640,640,knife,460,503,478,549,18,46
AMVY-013_jpg.rf.067335f4ea1630e95e8d18b977cef46f.jpg,640,640,gun,396,77,512,336,116,259
knife_592_jpg.rf.06eff3f1e865eb46e40314de8a42a2ac.jpg,640,640,knife,146,239,272,439,126,200
SouthAfricanG3_jpg.rf.067a86f32a75e1721e544f85fee4a6c2.jpg,640,640,gun,1,23,636,628,635,605
knife_1055_jpg.rf.0667879bed8fde0e8ae001bc2d2839e6.jpg,640,640,knife,97,94,338,512,241,418
LMS95-Beretta92-01_jpg.rf.06548c2f783c6446b2d49411b17800bf.jpg,640,640,gun,214,257,344,442,130,185
gun_3_1_1__0003552_jpg.rf.06d466f1c38a446b52594048c03c1f17.jpg,640,640,gun,256,373,319,608,63,235
6_22_4_0004884_jpg.rf.0710f1d464e6e1e638f3906ce89cf93d.jpg,640,640,gun,259,391,313,474,54,83
DefenseKnifeAttack0098_jpg.rf.074160a89f82eac8d7321e5fe22158fd.jpg,640,640,knife,286,415,338,445,52,30
1649338703-497448_jpg.rf.06eea197e3fc71e5b79f1964dc99fd2a.jpg,640,640,knife,275,189,411,534,136,345
KravMagaTraining263_jpg.rf.06fa3ed9665959bd02ff810ea57d1ebf.jpg,640,640,knife,203,80,277,198,74,118
2022-04-15_46_jpg.rf.06fed7a7d5de69f324469b43e4d19638.jpg,640,640,knife,368,243,400,320,32,77
179_jpg.rf.066cf00bf9453a7fa31a280050b8036d.jpg,640,640,knife,302,505,323,620,21,115
null_image.jpg,640,640,,,,,,0,0
136598_05__01898_jpg.rf.077efd33b23981ab47f7f2c12b2351c8.jpg,640,640,gun,240,290,286,354,46,64
11_12_2813_jpg.rf.07719481d41de430c5621fd27413c0d9.jpg,640,640,gun,16,37,594,564,578,527
null_image.jpg,640,640,,,,,,0,0
Kapitan_Piligrima-Winchester95-3_jpg.rf.075b717c65180d9825c64795ca2397fe.jpg,640,640,gun,380,366,634,530,254,164
knife_980_jpg.rf.07b405d2bf3b3d99680e84b7e01fe3dd.jpg,640,640,knife,134,199,194,408,60,209
knife_25_jpg.rf.07b53a0a6855bc9090e46959a8184c56.jpg,640,640,knife,16,26,410,411,394,385
knife_635_jpg.rf.0779dba1b49be1eca5566d1d7a1b1241.jpg,640,640,knife,114,229,177,502,63,273
DefenseKnifeAttack0886_jpg.rf.0722a941e3603ce9b682f2c7974876f5.jpg,640,640,knife,151,485,237,565,86,80
6_22_4_0002124_jpg.rf.07984054ccd80b3a0a9a86783262863c.jpg,640,640,gun,297,27,362,208,65,181
CPPc-TG_jpg.rf.07c75a4d5487a72d1e0f6f897d5d07a8.jpg,640,640,gun,360,90,445,359,85,269
Gun_2040_jpg.rf.077b1b1debe183e831b3e6a1f822e71a.jpg,640,640,gun,54,121,613,590,559,469
05_14_0000156_jpg.rf.07724ed96b99123beeeed98d5df54943.jpg,640,640,gun,80,68,567,636,487,568
Le_Doulos-1911-3_jpg.rf.077b1a5a5981f63251914b2f2c833c53.jpg,640,640,gun,347,427,452,605,105,178
OpenRangecoachgun-2_jpg.rf.073503c6ef6ae00054710d527e864137.jpg,640,640,gun,328,0,440,635,112,635
batch_97_jpg.rf.0801a05206b2fca96527ac160476f378.jpg,640,640,gun,179,124,253,300,74,176
batch_97_jpg.rf.0801a05206b2fca96527ac160476f378.jpg,640,640,gun,381,185,552,305,171,120
batch_97_jpg.rf.0801a05206b2fca96527ac160476f378.jpg,640,640,gun,92,411,142,519,50,108
batch_97_jpg.rf.0801a05206b2fca96527ac160476f378.jpg,640,640,gun,482,439,512,519,30,80
102313841_7851_jpg.rf.075954ff744c67a61274f7ef6d2778da.jpg,640,640,gun,327,234,356,273,29,39
batch_55_jpg.rf.07f103f7da9210db443a44623dd5ebd0.jpg,640,640,gun,163,0,268,259,105,259
batch_55_jpg.rf.07f103f7da9210db443a44623dd5ebd0.jpg,640,640,gun,424,260,456,319,32,59
batch_55_jpg.rf.07f103f7da9210db443a44623dd5ebd0.jpg,640,640,gun,196,423,258,605,62,182
batch_55_jpg.rf.07f103f7da9210db443a44623dd5ebd0.jpg,640,640,gun,378,396,477,530,99,134
Gun_229_jpg.rf.07a603a00547fd01802bd388cf5750d7.jpg,640,640,gun,4,0,620,608,616,608
batch_302_jpg.rf.07e8e7cd7d2cb0cf21db1463b16fad2a.jpg,640,640,gun,182,41,211,109,29,68
batch_302_jpg.rf.07e8e7cd7d2cb0cf21db1463b16fad2a.jpg,640,640,gun,439,120,474,163,35,43
batch_302_jpg.rf.07e8e7cd7d2cb0cf21db1463b16fad2a.jpg,640,640,gun,122,448,157,493,35,45
batch_302_jpg.rf.07e8e7cd7d2cb0cf21db1463b16fad2a.jpg,640,640,gun,462,423,476,465,14,42
IUSA-MAC-10_jpg.rf.07b81b6616cf470135694bf3080fc2da.jpg,640,640,gun,17,240,179,546,162,306
knife_1112_jpg.rf.0827ea2af8bca06b67a39e9a20f2ef85.jpg,640,640,knife,198,382,306,495,108,113
RusoClases262_jpg.rf.07972376223094de954b0fb7c2f89f1d.jpg,640,640,knife,225,372,271,497,46,125
Kalashnikov_LMG_1943_jpg.rf.084d24a68026e38d44f73b4d607e895a.jpg,640,640,gun,7,28,629,612,622,584
batch_314_jpg.rf.08064700c51beebc95828885a97de90f.jpg,640,640,gun,103,73,134,138,31,65
batch_314_jpg.rf.08064700c51beebc95828885a97de90f.jpg,640,640,gun,416,52,446,119,30,67
batch_314_jpg.rf.08064700c51beebc95828885a97de90f.jpg,640,640,gun,36,407,85,475,49,68
batch_314_jpg.rf.08064700c51beebc95828885a97de90f.jpg,640,640,gun,401,468,433,567,32,99
knife_990_jpg.rf.085172e4e5dbd4cb49af9b0313035514.jpg,640,640,knife,72,405,140,557,68,152
6_22_4_0002592_jpg.rf.07c848baeb12970c704d22a1b443800f.jpg,640,640,gun,92,231,182,336,90,105
gun1_5m_run_0000888_jpg.rf.07ec8f5607bff82e9b7bbf5c2667dc5c.jpg,640,640,gun,534,307,580,425,46,118
Recoil-Glock-1_jpg.rf.086f4af3a82c444034e02e464c68686d.jpg,640,640,gun,178,125,384,554,206,429
Carancho_F03_jpg.rf.087dcc755ca203f61b185c1c3fc03a8f.jpg,640,640,gun,334,166,392,330,58,164
knife_1228_jpg.rf.085e72a6b293e3e072f379433143e4cf.jpg,640,640,knife,251,451,349,515,98,64
knife_838_jpg.rf.086daa86ec997355e19b893dd945c7f0.jpg,640,640,knife,106,517,174,639,68,122
knife_175_jpg.rf.0883285b75ef7d58f289e5d1816a3d7e.jpg,640,640,knife,13,5,639,357,626,352
72_jpg.rf.0877fec97fa754f898488249bfafed6e.jpg,640,640,knife,162,182,473,382,311,200
gun_2_1_1__0006215_jpg.rf.088f38884acf87c9126eefa6cfb41030.jpg,640,640,gun,440,326,481,366,41,40
666S-WModel38_jpg.rf.088b0a2fbbe1afe4ed6111c2484d4b10.jpg,640,640,gun,485,403,566,578,81,175
knife_1314_jpg.rf.0893324f7927191e7b48be8c1e8f9e00.jpg,640,640,knife,311,183,372,328,61,145
knife_448_jpg.rf.0879554b52bcded92477e8518231551a.jpg,640,640,knife,20,272,331,614,311,342
KravMagaTraining749_jpg.rf.0892f444ade33e0cb7db7e814ddb266b.jpg,640,640,knife,441,153,512,269,71,116
3289_jpg.rf.08af97c1858af232fb8d2e64d1233ac7.jpg,640,640,knife,382,219,405,319,23,100
Gun_1444_jpg.rf.06812c72410edde709deee87fea9ac99.jpg,640,640,gun,304,109,569,639,265,530
CBTS_27_jpg.rf.0810ecc8121e89a9abbbdd4a1e2cb033.jpg,640,640,gun,280,246,385,351,105,105
batch_378_jpg.rf.08b20dc9c5fb81be60e89e739d0f8275.jpg,640,640,knife,115,145,231,190,116,45
batch_378_jpg.rf.08b20dc9c5fb81be60e89e739d0f8275.jpg,640,640,knife,386,239,425,259,39,20
batch_378_jpg.rf.08b20dc9c5fb81be60e89e739d0f8275.jpg,640,640,knife,164,467,184,529,20,62
batch_378_jpg.rf.08b20dc9c5fb81be60e89e739d0f8275.jpg,640,640,knife,471,483,489,542,18,59
knife_653_jpg.rf.ee4aa5f91145a21f3029a8a10d0d8d9a.jpg,640,640,knife,312,177,396,504,84,327
MASA_21_jpg.rf.ee4b8a8aa4439d2ea508622f1a0b4524.jpg,640,640,gun,344,19,446,632,102,613
TBONTB_revolver_02_jpg.rf.ee4d8a6c07af6559038c3768f32a96b7.jpg,640,640,gun,136,445,232,627,96,182
knife_905_jpg.rf.ee58e1147a298929e6cac8cc50c90193.jpg,640,640,knife,57,485,119,639,62,154
image60_jpg.rf.ee5ce00b9a2292e70dfc04fdb2500f1e.jpg,640,640,gun,94,12,499,557,405,545
gun_2_1_1__0008405_jpg.rf.ee6eadc593de259de8d84c5c13791343.jpg,640,640,gun,287,356,342,403,55,47
knife_1191_jpg.rf.ee6ed094fa8ab26897135181841c07ff.jpg,640,640,knife,215,477,329,591,114,114
null_image.jpg,640,640,,,,,,0,0
DefenseKnifeAttack0002_jpg.rf.ee762a4b2fe2f29b559a29bba61e828c.jpg,640,640,knife,343,227,368,317,25,90
KravMagaKnifeDefenseTechniques046_jpg.rf.ee7669a2da9201c3fc3399aceff66e25.jpg,640,640,knife,300,315,368,383,68,68
knife_154_jpg.rf.ee84ab3157751efada87f93c285cfc9b.jpg,640,640,knife,253,135,441,420,188,285
null_image.jpg,640,640,,,,,,0,0
knife_867_jpg.rf.ee8b875793709988fce5cc9ae83573ca.jpg,640,640,knife,100,359,160,539,60,180
batch_267_jpg.rf.ee975979638cf22b7e339bec1522375b.jpg,640,640,gun,127,101,197,229,70,128
batch_267_jpg.rf.ee975979638cf22b7e339bec1522375b.jpg,640,640,gun,470,137,515,224,45,87
batch_267_jpg.rf.ee975979638cf22b7e339bec1522375b.jpg,640,640,gun,11,359,297,595,286,236
batch_267_jpg.rf.ee975979638cf22b7e339bec1522375b.jpg,640,640,gun,503,419,523,456,20,37
Une_corde_un_Colt_SAA_2_jpg.rf.ee970f9fe95a84813b6431d67d467ac6.jpg,640,640,gun,246,103,566,554,320,451
136470_01__01121_jpg.rf.eefb568ae0f70240f985676a8e7351b5.jpg,640,640,gun,298,206,404,413,106,207
knife_314_jpg.rf.ee9e91e5a9e13c34c7cbcb24b89afaae.jpg,640,640,knife,293,274,639,638,346,364
277_jpg.rf.ee958696bf9d6dad038a99c1af652436.jpg,640,640,knife,239,140,446,349,207,209
JB5_107_jpg.rf.eec2f06ef3d89a19c1b9a1521fee10a6.jpg,640,640,gun,427,458,509,621,82,163
knife_89_jpg.rf.ef097289f7c05623cfb831969d6cb7d0.jpg,640,640,knife,65,33,420,427,355,394
Torrente-LlamaModel8-04_jpg.rf.eee5b0cfeacd125c790b2fade4525a69.jpg,640,640,gun,358,278,471,640,113,362
KravMagaKnifeDefenseTechniques240_jpg.rf.eee9d1148dd5651d1ad0aa3e6c379485.jpg,640,640,knife,246,354,345,432,99,78
HangoverPartIIIModel152_jpg.rf.eefaf3848e16a666eac8f1bc03aea99b.jpg,640,640,gun,56,15,619,622,563,607
KravMagaTraining20921_jpg.rf.ef087d5b226af5098be1e40bd09e9098.jpg,640,640,knife,377,422,471,498,94,76
KravMagaTraining4402_jpg.rf.ef0aa417e67046b43514d44b0d4080e4.jpg,640,640,knife,257,209,315,317,58,108
batch_191_jpg.rf.ef11f30e8d9f8ffea31a8ff9fc1a4e2b.jpg,640,640,knife,19,50,222,121,203,71
batch_191_jpg.rf.ef11f30e8d9f8ffea31a8ff9fc1a4e2b.jpg,640,640,knife,398,257,486,315,88,58
batch_191_jpg.rf.ef11f30e8d9f8ffea31a8ff9fc1a4e2b.jpg,640,640,knife,362,175,469,260,107,85
batch_191_jpg.rf.ef11f30e8d9f8ffea31a8ff9fc1a4e2b.jpg,640,640,knife,325,95,458,205,133,110
batch_191_jpg.rf.ef11f30e8d9f8ffea31a8ff9fc1a4e2b.jpg,640,640,knife,150,485,303,624,153,139
batch_191_jpg.rf.ef11f30e8d9f8ffea31a8ff9fc1a4e2b.jpg,640,640,knife,481,422,555,511,74,89
2022-04-15_31_jpg.rf.ef548bffa4fd6c228b3cd8db49ea3030.jpg,640,640,knife,282,481,323,534,41,53
11_12_498_jpg.rf.efae39681d4b2eb8ad8094f758504428.jpg,640,640,gun,12,2,638,636,626,634
knife_275_jpg.rf.ef35da585d4a2fd5605465fdecdd5dec.jpg,640,640,knife,243,76,522,288,279,212
102_jpg.rf.ef2c1068e10577cb3002bc4863e5e90a.jpg,640,640,knife,200,381,263,437,63,56
Jay_05_jpg.rf.ef5de8540d612bacd6844cf9c3dc9e57.jpg,640,640,gun,340,198,388,355,48,157
6_22_3_0003640_jpg.rf.efba2e201083a3fd82d380bfb1f74fa9.jpg,640,640,gun,153,182,229,254,76,72
Gun_1805_jpg.rf.ef648a3467ea8a4693ce3418ae36915d.jpg,640,640,gun,4,0,620,608,616,608
KravMagaTraining705_jpg.rf.ef2aa5560292e1398bf8acec006882f2.jpg,640,640,knife,205,356,245,465,40,109
knife_1228_jpg.rf.ef38194a4b04d7293367d372072fcdaa.jpg,640,640,knife,251,450,349,515,98,65
62_jpg.rf.efa05d7c577825a7a555f657a4314ad5.jpg,640,640,knife,237,16,423,565,186,549
DSC_00021_JPG_jpg.rf.ef733d2eeaea265f4842c1d2e4cd27c2.jpg,640,640,knife,288,360,346,412,58,52
CdmP_Python_01_jpg.rf.efd9cb87d0d4db11b50b1e39ed1cce73.jpg,640,640,gun,219,275,278,376,59,101
00000020_jpg.rf.ef7fd59dfc284fb1db01ddea68d813fe.jpg,640,640,gun,13,151,620,522,607,371
Midnight_Heat-Revolver-2_jpg.rf.ef36d4346c98eaf8d4ced22fd157f305.jpg,640,640,gun,0,137,150,347,150,210
141_jpg.rf.efc7c4fd119dd8b9a75b5a85b5458627.jpg,640,640,knife,282,357,468,521,186,164
54_jpg.rf.eff1d4e1aaab122761aa32fedb46bb16.jpg,640,640,knife,246,546,271,602,25,56
batch_98_jpg.rf.efe57007fee008446a9b2e0486e4d42e.jpg,640,640,knife,10,12,206,211,196,199
batch_98_jpg.rf.efe57007fee008446a9b2e0486e4d42e.jpg,640,640,knife,338,15,523,290,185,275
batch_98_jpg.rf.efe57007fee008446a9b2e0486e4d42e.jpg,640,640,knife,71,322,233,585,162,263
batch_98_jpg.rf.efe57007fee008446a9b2e0486e4d42e.jpg,640,640,knife,346,566,384,639,38,73
ALDDS_46_jpg.rf.f0330daa9ac047f60fbb4ce7c5ad403f.jpg,640,640,gun,401,223,574,499,173,276
CatRun-MP5A2-01_jpg.rf.f00d09fa7c85334fb89d8120bd9d6986.jpg,640,640,gun,141,259,254,637,113,378
60_jpg.rf.efe3cea31f21030af0645a8b53bf2185.jpg,640,640,knife,151,457,175,526,24,69
DefenseKnifeAttack0502_jpg.rf.f03924108acb85cc868f990b59aa2d5f.jpg,640,640,knife,117,386,211,502,94,116
KravMagaTraining20399_jpg.rf.f02d8f43eb316dc3a52b43a2e07044e1.jpg,640,640,knife,121,247,155,360,34,113
Gun_870_jpg.rf.f020164e5f0b015939d56d744fa3ffee.jpg,640,640,gun,217,66,424,378,207,312
102313448_7584_jpg.rf.f01ea88a1d886a402584cf9a2293ea31.jpg,640,640,gun,347,219,390,284,43,65
164_jpg.rf.f03eb345f014a626f60d6cb3be7514cf.jpg,640,640,knife,11,231,552,497,541,266
1364535_00__01947_jpg.rf.f0409bf4fce0a0ee3a85284b0d902848.jpg,640,640,gun,148,155,203,312,55,157
RusoClases312_jpg.rf.f01596c4065c4f2f39ea4fd637e3506f.jpg,640,640,knife,343,426,374,556,31,130
batch_239_jpg.rf.f051d35c34361b45712ed639dc4568ee.jpg,640,640,knife,139,219,215,267,76,48
batch_239_jpg.rf.f051d35c34361b45712ed639dc4568ee.jpg,640,640,knife,541,141,553,214,12,73
batch_239_jpg.rf.f051d35c34361b45712ed639dc4568ee.jpg,640,640,knife,213,474,225,546,12,72
batch_239_jpg.rf.f051d35c34361b45712ed639dc4568ee.jpg,640,640,knife,414,345,455,394,41,49
Trinity_Beretta92C_9and10_4_jpg.rf.f049d294f4da450efba5b83d4c04a2b8.jpg,640,640,gun,328,122,612,630,284,508
Trinity_Beretta92C_9and10_4_jpg.rf.f049d294f4da450efba5b83d4c04a2b8.jpg,640,640,gun,29,16,316,512,287,496
knife_1137_jpg.rf.f04e6c8c4f5d77481869745cfc49f7ab.jpg,640,640,knife,78,32,242,555,164,523
gun_3_2_1__0000284_jpg.rf.f05ba38a97ed6faa56806ad791765284.jpg,640,640,gun,282,267,347,607,65,340
9_jpg.rf.f099fb9c5bfc2d33b5bae893e2c16944.jpg,640,640,knife,231,520,362,640,131,120
KravMagaKnifeDefenseTechniques080_jpg.rf.f06858456250148bdd577870671a706a.jpg,640,640,knife,272,351,342,420,70,69
KravMagaKnifeDefenseTechniques181_jpg.rf.f06008749637be1815abd1af3d331719.jpg,640,640,knife,188,135,252,234,64,99
C-K-_dezerterzy-Steyr1912-4_jpg.rf.f089275ed5ace2faf2162b947b4c6a17.jpg,640,640,gun,167,34,440,343,273,309
knife_1113_jpg.rf.f0bd14fea9f3f63a99afe3090f0f1530.jpg,640,640,knife,278,233,330,331,52,98
knife_1025_jpg.rf.f0f40c65a6187438a6b9e6041ea9d220.jpg,640,640,knife,414,255,478,458,64,203
FNTT-SAA-Artillery-7_jpg.rf.f07f05a0598e78a34e9a373360dd85f4.jpg,640,640,gun,267,256,379,394,112,138
knife_388_jpg.rf.f0821e1e9b60950b77d3b596d4769de8.jpg,640,640,knife,66,283,313,627,247,344
6_22_2_0004612_jpg.rf.f02c97321dd59bdbf01f1799bd79ac74.jpg,640,640,gun,168,136,204,206,36,70
Der_Eisbar-Pistol-29_jpg.rf.f0e2641b6fc2c663edacebd0689ad2a9.jpg,640,640,gun,21,218,167,402,146,184
6_22_3_0005132_jpg.rf.f0ef1a9fa0ac15b0a0fc27a467847646.jpg,640,640,gun,182,243,261,351,79,108
batch_217_jpg.rf.f0f7477e06a28ef07ae79e4ec7405c86.jpg,640,640,gun,90,192,124,237,34,45
batch_217_jpg.rf.f0f7477e06a28ef07ae79e4ec7405c86.jpg,640,640,gun,372,158,424,206,52,48
batch_217_jpg.rf.f0f7477e06a28ef07ae79e4ec7405c86.jpg,640,640,gun,0,497,31,553,31,56
batch_217_jpg.rf.f0f7477e06a28ef07ae79e4ec7405c86.jpg,640,640,gun,554,473,580,512,26,39
125_jpg.rf.f0fe981013a102acb7cf9fec1773ee7b.jpg,640,640,knife,412,283,497,551,85,268
gun_3_1_1__0003212_jpg.rf.f12afc0d8f439dde1a6f58509230b662.jpg,640,640,gun,206,324,265,564,59,240
6_22_4_0005444_jpg.rf.f0b313f11fcf585595b527273d493e83.jpg,640,640,gun,144,215,183,296,39,81
RealityKnifeAttacks0182_jpg.rf.f0fd0a4c1665727732f6c91dddb405e1.jpg,640,640,knife,291,334,332,374,41,40
101793557_810_jpg.rf.f057d46e0ad9a4b56cc363cf29571f6e.jpg,640,640,gun,308,111,364,258,56,147
knife_68_jpg.rf.f124c286a3b34bb3a01a5368e77363a3.jpg,640,640,knife,239,66,639,519,400,453
gun_2_1_1__0014400_jpg.rf.f13594bdb56ad3b3fe3a631dfdc805b6.jpg,640,640,gun,210,356,251,391,41,35
knife_1326_jpg.rf.f14689217d48588f02df9e8f693a35dc.jpg,640,640,knife,388,293,423,442,35,149
Gun_1722_jpg.rf.f1310db13ecf6d3d2f507ec48a06cc2e.jpg,640,640,gun,223,60,597,419,374,359
sharpenKnife226_jpg.rf.f0ff64e25c4250b580bf736fedf95c33.jpg,640,640,knife,209,455,265,520,56,65
knife_31_jpg.rf.f106cdaaf12bd0b1c12132d2c029deee.jpg,640,640,knife,25,37,519,583,494,546
KravMagaTraining4618_jpg.rf.f152dd984252ffa65c254a82f226b9cc.jpg,640,640,knife,48,447,136,529,88,82
KravMagaTraining718_jpg.rf.f1522ca08854f1ca1a2643efbdd17456.jpg,640,640,knife,376,170,433,256,57,86
Le_rouge_est_mis-Revolver-8_jpg.rf.f15c712cf3040615646e001f146a45be.jpg,640,640,gun,216,439,318,515,102,76
11_12_676_jpg.rf.f0950d2bf9c0d194bf9809168a07ff78.jpg,640,640,gun,0,37,632,411,632,374
gun1_5m_static_0001200_jpg.rf.f1468ed72fca5716fcf7b719b9a64094.jpg,640,640,gun,296,342,322,423,26,81
6_22_4_0003804_jpg.rf.f15418ed013a9dfead638a4101b92d9b.jpg,640,640,gun,459,239,521,314,62,75
batch_350_jpg.rf.f15c8570d2508b95671b95907da189b0.jpg,640,640,knife,27,77,195,283,168,206
batch_350_jpg.rf.f15c8570d2508b95671b95907da189b0.jpg,640,640,knife,365,75,531,269,166,194
batch_350_jpg.rf.f15c8570d2508b95671b95907da189b0.jpg,640,640,knife,28,378,224,590,196,212
batch_350_jpg.rf.f15c8570d2508b95671b95907da189b0.jpg,640,640,knife,519,372,639,520,120,148
DefenseKnifeAttack0221_jpg.rf.f0c45769defa3776193ff2bc24cee4c1.jpg,640,640,knife,131,445,215,552,84,107
177_jpg.rf.f1858bc9bccd05838f3052c011cead2b.jpg,640,640,knife,297,505,328,622,31,117
knife_94_jpg.rf.f1a14548b16651942b5f234c8346641f.jpg,640,640,knife,140,51,440,638,300,587
batch_77_jpg.rf.f18c9453df48ccc1003018c080e033ce.jpg,640,640,gun,151,129,171,175,20,46
batch_77_jpg.rf.f18c9453df48ccc1003018c080e033ce.jpg,640,640,gun,506,195,554,259,48,64
batch_77_jpg.rf.f18c9453df48ccc1003018c080e033ce.jpg,640,640,gun,231,430,281,483,50,53
batch_77_jpg.rf.f18c9453df48ccc1003018c080e033ce.jpg,640,640,gun,455,384,539,574,84,190
KravMagaKnifeDefenseTechniques201_jpg.rf.f1d971d5f203f87de07cecd48f52f3c5.jpg,640,640,knife,252,253,342,343,90,90
knife_1192_jpg.rf.f1aab682563427b1cb563e26ea8d992a.jpg,640,640,knife,310,323,419,412,109,89
knife_539_jpg.rf.f1723ad91d9112d59aa149bac34abc0b.jpg,640,640,knife,24,120,129,274,105,154
null_image.jpg,640,640,,,,,,0,0
KravMagaTraining682_jpg.rf.f1eb833ffbbd54fb65ea3b34282e1074.jpg,640,640,knife,262,145,308,242,46,97
gun_3_1_1__0002880_jpg.rf.f1c344c1b91487f31232ca2ac57a3b7d.jpg,640,640,gun,244,311,305,542,61,231
gun_3_3_1__0000748_jpg.rf.f1d2f7dc682d63f2b18436abbaba84f2.jpg,640,640,gun,253,434,298,546,45,112
knife_1165_jpg.rf.f17880906b7f4d8d35d08abef9274911.jpg,640,640,knife,193,447,321,541,128,94
159_jpg.rf.f1dddabeb29e142e28b9c0a6d9111971.jpg,640,640,knife,174,72,317,503,143,431
FOE_15_jpg.rf.f1d077ac822f9786aa813766f0f97a78.jpg,640,640,gun,92,224,139,296,47,72
6_22_2_0001220_jpg.rf.f1972fdeb76fb19485ca97bb84e24421.jpg,640,640,gun,311,88,355,172,44,84
gun_2_1_1__0001560_jpg.rf.f1e2be9157b991c931fb47937cc04e88.jpg,640,640,gun,451,300,490,340,39,40
image57_jpg.rf.f1b43a20dbe67925bb983f78c8b72f59.jpg,640,640,gun,255,226,457,342,202,116
DSC_00171_JPG_jpg.rf.f214a3c35443b1dda9dd00c449119958.jpg,640,640,knife,291,257,309,355,18,98
knife_471_jpg.rf.f207f771ae1268ff9a73e84b02d7b6a1.jpg,640,640,knife,8,201,352,614,344,413
Carnosaur2-3_jpg.rf.f25f6892ff970193ed0ef0e51753ab15.jpg,640,640,gun,18,134,150,498,132,364
00000544_jpg.rf.f210cc2e87c4f1642a828f4f65c83665.jpg,640,640,gun,120,53,372,503,252,450
Lincoln_Vampire_17_jpg.rf.f27a12fec8d54044a3166bff04f9638d.jpg,640,640,gun,200,116,612,560,412,444
6_22_1_0004860_jpg.rf.f21ca6c42bd36372afce531180601a03.jpg,640,640,gun,180,116,305,401,125,285
68_jpg.rf.f2081086244eaf95bb5a2cf1ebd4c0b3.jpg,640,640,knife,150,454,173,525,23,71
11_12_2193_jpg.rf.f294c5a8f7900676270d3e7b73444f48.jpg,640,640,gun,89,270,218,334,129,64
knife_1231_jpg.rf.f264f27926f45f3b2f7c1d6a85cd27ba.jpg,640,640,knife,300,295,366,373,66,78
knife_17_jpg.rf.f21eaf85730a4c9653a71d8c9ca3340e.jpg,640,640,knife,273,43,388,638,115,595
KravMagaKnifeDefenseTechniques290_jpg.rf.f1f4384afc05f765e9d2fa8bccb3a688.jpg,640,640,knife,378,341,480,442,102,101
JustH_54_jpg.rf.f25f2920e4fbd4496508768a8ad0f97b.jpg,640,640,gun,98,33,321,291,223,258
11_12_1665_jpg.rf.f296edf5f048c1afea22bd5f386bc11c.jpg,640,640,gun,11,323,621,628,610,305
11_12_1665_jpg.rf.f296edf5f048c1afea22bd5f386bc11c.jpg,640,640,gun,135,81,495,212,360,131
DFItF_P225_02_jpg.rf.f2b1907ed113079e7e0aa3807952648d.jpg,640,640,gun,46,390,177,609,131,219
CYMA_CM032A_M14_SOCOM_jpg.rf.f2c48e315aecef473f2589dd786a4bbc.jpg,640,640,gun,17,71,631,617,614,546
6_22_4_0007916_jpg.rf.f2f6edd5764d4ab418de1562c242d8d7.jpg,640,640,gun,0,186,54,243,54,57
6_22_4_0002340_jpg.rf.f2d21c055a8ebf66324db3d731dee11c.jpg,640,640,gun,446,31,507,185,61,154
139_jpg.rf.f2a7c0520c9c01737f06300094e5b033.jpg,640,640,knife,343,103,492,440,149,337
00000361_jpg.rf.f3023b94c31ac289cff492c3c944a10d.jpg,640,640,gun,200,244,576,401,376,157
2022-04-21_440_jpg.rf.f2fe0d86df7ee03d0f0bac341c3aabef.jpg,640,640,knife,414,554,435,603,21,49
StarModel30P_jpg.rf.f2f5f73926a0256832330155ff8c2c11.jpg,640,640,gun,15,21,633,592,618,571
69_jpg.rf.f33f7e74fc7d0580accae9f5aace88b7.jpg,640,640,knife,25,191,516,526,491,335
6_22_2_0004940_jpg.rf.f32a405c22bcdb2cddbf4c10d877e5be.jpg,640,640,gun,259,102,295,203,36,101
Dilcap-cds3c_jpg.rf.f31d4a70c0d1f9004150219385e4dafd.jpg,640,640,gun,353,302,518,545,165,243
Gun_2354_jpg.rf.f3640340279207230c11caef226ef36b.jpg,640,640,gun,16,12,615,615,599,603
Gun_253_jpg.rf.f3a3deef33b279d3f7b284043fa784d2.jpg,640,640,gun,100,195,626,595,526,400
null_image.jpg,640,640,,,,,,0,0
knife_291_jpg.rf.f385a8e5731b1db1ac8c864b6ba71f4b.jpg,640,640,knife,43,409,397,617,354,208
knife_291_jpg.rf.f385a8e5731b1db1ac8c864b6ba71f4b.jpg,640,640,knife,3,266,383,480,380,214
knife_291_jpg.rf.f385a8e5731b1db1ac8c864b6ba71f4b.jpg,640,640,knife,52,98,363,331,311,233
42_jpg.rf.f32bf06ae082afac3a0515118339d1f8.jpg,640,640,knife,176,431,416,618,240,187
knife_1175_jpg.rf.f3b9c3f72af3f838fb4824e9cce9e09c.jpg,640,640,knife,286,285,334,397,48,112
DefenseKnifeAttack1213_jpg.rf.f339677cfb08e87dcebc62616a07f7cd.jpg,640,640,knife,450,392,538,447,88,55
122_jpg.rf.f336a00ad7f438b4fe58946f861fc7bd.jpg,640,640,knife,365,396,480,582,115,186
11_12_2942_jpg.rf.f35614c7dcd5444574ef5181cdf52c40.jpg,640,640,gun,8,0,620,613,612,613
Flash_Point_Donnie_AIAW_1_jpg.rf.f34af9302038feb7a10156dfaebd8b42.jpg,640,640,gun,189,158,415,358,226,200
6_22_3_0003856_jpg.rf.f335f358c6a75ac6b14a80c3472cbd8e.jpg,640,640,gun,295,164,398,245,103,81
6_22_4_0010608_jpg.rf.f364dfc6a7fd1924a9c081016e1bb75d.jpg,640,640,gun,234,283,258,395,24,112
1024213637_4792_jpg.rf.f3f0e7d11260d2c09a7ff47269ff46c3.jpg,640,640,gun,151,279,453,491,302,212
knife_533_jpg.rf.f3b50ac3a132bf1d7b941fd5f6b94a94.jpg,640,640,knife,294,357,520,615,226,258
114_jpg.rf.f3c154d95f7c3841037dc61c53d7d8dd.jpg,640,640,knife,382,379,513,593,131,214
batch_9_jpg.rf.f30b72074a633f4bf204c12f8e561d94.jpg,640,640,knife,74,242,117,281,43,39
batch_9_jpg.rf.f30b72074a633f4bf204c12f8e561d94.jpg,640,640,knife,459,227,492,294,33,67
batch_9_jpg.rf.f30b72074a633f4bf204c12f8e561d94.jpg,640,640,knife,197,489,227,540,30,51
batch_9_jpg.rf.f30b72074a633f4bf204c12f8e561d94.jpg,640,640,knife,324,330,516,543,192,213
DefenseKnifeAttack0030_jpg.rf.f32ca7afc7b8c346c08f2e0a254acced.jpg,640,640,knife,325,445,408,526,83,81
PA_26_jpg.rf.f369ff115606b34f4c2052cfc6fca590.jpg,640,640,gun,126,253,269,640,143,387
Hold-Up-Revolver2-2_jpg.rf.f3afb04f8bd42720af17462b2a62b932.jpg,640,640,gun,57,229,198,402,141,173
Hold-Up-Revolver2-2_jpg.rf.f3afb04f8bd42720af17462b2a62b932.jpg,640,640,gun,134,133,292,349,158,216
knife_684_jpg.rf.f3e133a89ee61014875278c069903d56.jpg,640,640,knife,374,146,435,406,61,260
KravMagaKnifeDefenseTechniques023_jpg.rf.f42465b3922752ec2871e8ff532e13b7.jpg,640,640,knife,215,517,294,601,79,84
knife_216_jpg.rf.f353d550d30deb06ed4628f317f008e0.jpg,640,640,knife,127,200,409,376,282,176
null_image.jpg,640,640,,,,,,0,0
DefenseKnifeAttack0567_jpg.rf.f4292e33158465bb230f7167db7e4342.jpg,640,640,knife,215,372,422,531,207,159
knife_430_jpg.rf.f3bfcecf25278a33414cb68c3667f60a.jpg,640,640,knife,16,26,444,199,428,173
sharpenKnife043_jpg.rf.f3d24ddcdd73462ff4e431dd723a7721.jpg,640,640,knife,232,466,383,552,151,86
53_jpg.rf.f38247333ef6ac94541306d6cb479c2e.jpg,640,640,knife,256,336,482,559,226,223
batch_375_jpg.rf.f419d3a7ae155ebe225a225a975d2507.jpg,640,640,knife,90,107,130,186,40,79
batch_375_jpg.rf.f419d3a7ae155ebe225a225a975d2507.jpg,640,640,knife,410,107,450,185,40,78
batch_375_jpg.rf.f419d3a7ae155ebe225a225a975d2507.jpg,640,640,knife,115,524,145,575,30,51
batch_375_jpg.rf.f419d3a7ae155ebe225a225a975d2507.jpg,640,640,knife,411,525,463,572,52,47
TRats_NVASoldier_AK47_jpg.rf.f41a7a8e4ec3b4d78c7dc0cab81535e6.jpg,640,640,gun,69,223,405,590,336,367
Browning-Hi-Power_jpg.rf.f44a1b2614d536163ad1b52e826f03cd.jpg,640,640,gun,5,14,629,606,624,592
BlackAndWhite-P226-5_jpg.rf.f410f6192f63cf5484eb0e3b2b552315.jpg,640,640,gun,146,0,282,373,136,373
null_image.jpg,640,640,,,,,,0,0
batch_256_jpg.rf.f42b00d4b874460b2fd2ed77b7aab0e1.jpg,640,640,gun,184,153,196,207,12,54
batch_256_jpg.rf.f42b00d4b874460b2fd2ed77b7aab0e1.jpg,640,640,gun,507,148,518,202,11,54
batch_256_jpg.rf.f42b00d4b874460b2fd2ed77b7aab0e1.jpg,640,640,gun,156,390,192,485,36,95
batch_256_jpg.rf.f42b00d4b874460b2fd2ed77b7aab0e1.jpg,640,640,gun,394,405,442,492,48,87
11_12_2460_jpg.rf.f470549d6e97b5c9982facfcd8da04ec.jpg,640,640,gun,146,198,248,293,102,95
11_12_2460_jpg.rf.f470549d6e97b5c9982facfcd8da04ec.jpg,640,640,gun,37,128,106,219,69,91
Cheapd-sw10b_jpg.rf.f48a49fc4c9fa599d95a8652a6ef72d6.jpg,640,640,gun,332,480,444,600,112,120
Destructors-Pistol1-2_jpg.rf.f47939a141827733fecfdb19894d4d13.jpg,640,640,gun,295,348,430,517,135,169
knife_391_jpg.rf.f486e04fec5f480412c423791ba93d77.jpg,640,640,knife,319,230,629,359,310,129
The_Skin_I_Live_In-Revolver-1_jpg.rf.f4639a520e835fda0c7d08737580ac7e.jpg,640,640,gun,216,122,302,380,86,258
DSC_00311_JPG_jpg.rf.f4d0d752f9a52f0b87821822df9a6598.jpg,640,640,knife,334,446,391,502,57,56
Sa80-l85a1_jpg.rf.f467ce87c497a3e933f1ea26c365a981.jpg,640,640,gun,7,8,630,620,623,612
KravMagaTraining20344_jpg.rf.f4b2c631f818777883fc2b696a445751.jpg,640,640,knife,396,371,477,449,81,78
batch_295_jpg.rf.f454127e1b030be41ffa175fe1d7de4e.jpg,640,640,knife,127,242,167,284,40,42
batch_295_jpg.rf.f454127e1b030be41ffa175fe1d7de4e.jpg,640,640,knife,447,242,487,285,40,43
batch_295_jpg.rf.f454127e1b030be41ffa175fe1d7de4e.jpg,640,640,knife,81,373,259,467,178,94
batch_295_jpg.rf.f454127e1b030be41ffa175fe1d7de4e.jpg,640,640,knife,407,394,593,483,186,89
Mossberg500WithGhostSight_jpg.rf.f4a434211b3be9eb06455ccc66763520.jpg,640,640,gun,5,15,636,628,631,613
batch_127_jpg.rf.f4dc523e282e7d14b64e5dca9ca813b3.jpg,640,640,gun,98,97,130,178,32,81
batch_127_jpg.rf.f4dc523e282e7d14b64e5dca9ca813b3.jpg,640,640,gun,433,90,460,167,27,77
batch_127_jpg.rf.f4dc523e282e7d14b64e5dca9ca813b3.jpg,640,640,gun,104,412,138,494,34,82
batch_127_jpg.rf.f4dc523e282e7d14b64e5dca9ca813b3.jpg,640,640,gun,319,322,610,639,291,317
batch_206_jpg.rf.f4a281af6970575146401fb20aa33cd7.jpg,640,640,gun,83,120,119,212,36,92
batch_206_jpg.rf.f4a281af6970575146401fb20aa33cd7.jpg,640,640,gun,339,16,419,143,80,127
batch_206_jpg.rf.f4a281af6970575146401fb20aa33cd7.jpg,640,640,gun,40,428,141,547,101,119
batch_206_jpg.rf.f4a281af6970575146401fb20aa33cd7.jpg,640,640,gun,140,325,252,564,112,239
batch_206_jpg.rf.f4a281af6970575146401fb20aa33cd7.jpg,640,640,gun,409,415,534,584,125,169
11_12_1501_jpg.rf.f509cc945650314bd36d0444541b11b9.jpg,640,640,gun,114,69,591,514,477,445
knife_917_jpg.rf.f4c4884689755bfe1974e8abd7e70cd0.jpg,640,640,knife,112,247,189,428,77,181
DefenseKnifeAttack0366_jpg.rf.f4fb673a49176407de3a330e22545621.jpg,640,640,knife,148,416,223,470,75,54
DefenseKnifeAttack0792_jpg.rf.f491980ad6db931d384d20cc95f901ce.jpg,640,640,knife,180,468,275,525,95,57
IDW_Uzi_01_jpg.rf.f4c9e201275d206b92e11cc5741bd40b.jpg,640,640,gun,255,425,429,638,174,213
KravMagaKnifeDefenseTechniques715_jpg.rf.f56f6cf0e4103eb7e34faaf51dfc7ffc.jpg,640,640,knife,289,399,374,450,85,51
KravMagaKnifeDefenseTechniques746_jpg.rf.f58f4d4349b0e031b33b8ba3d3169070.jpg,640,640,knife,172,459,263,542,91,83
Anschutz_Model_Match_54_jpg.rf.f53aff68e97a8e7173c7c439ad9cc45b.jpg,640,640,gun,11,15,618,612,607,597
1649338748-46885_jpg.rf.f539a93209fcb13332704ad45e78302f.jpg,640,640,knife,233,46,316,599,83,553
HooliganWars-Jericho941F-01_jpg.rf.f5150cba90128c8ff381208e5e5f7ed8.jpg,640,640,gun,266,321,330,500,64,179
MB_02_jpg.rf.f4e44b1282967c6bc379f71cc3e38f5e.jpg,640,640,gun,112,172,275,449,163,277
gun_6m_run_0000280_jpg.rf.f5b047db68a418792ffc80c5430417af.jpg,640,640,gun,44,148,100,222,56,74
05_14_0000641_jpg.rf.f58d1802dbe992235f392c2d93c5e5f4.jpg,640,640,gun,119,43,614,638,495,595
online4_jpg.rf.f57860bf29c3b6fb264db91cb3d16d37.jpg,640,640,knife,164,168,482,528,318,360
LAC_401_jpg.rf.f56fee05bb8bc3f485805fa1d0068a1d.jpg,640,640,gun,241,181,273,324,32,143
373_jpg.rf.f5b4cf48a9419c3463b81c4f40214a9b.jpg,640,640,knife,103,125,339,351,236,226
gun_3_1_1__0000244_jpg.rf.f4bbdb7bbc3637fe3b6a1ac35bbe234c.jpg,640,640,gun,315,229,372,432,57,203
knife_1331_jpg.rf.f5aebf0b9951347dcf56cae2f042f943.jpg,640,640,knife,349,126,388,299,39,173
2022-04-15_28_jpg.rf.f5dc4eabe4c937d5319e8c6a64bde40b.jpg,640,640,knife,249,482,286,531,37,49
knife_1027_jpg.rf.f5a15c48d369637b1e25381238ba28ae.jpg,640,640,knife,69,165,374,477,305,312
knife_534_jpg.rf.f4fa83b554418fdf2fd87d6766cbe08e.jpg,640,640,knife,345,39,476,388,131,349
knife_605_jpg.rf.f5c4f19586ef75a6bc7dc64c770f9e4f.jpg,640,640,knife,313,182,399,520,86,338
DSC_0044_JPG_jpg.rf.f5b2b5beaffe15be55139d0d6eb51149.jpg,640,640,knife,324,283,344,431,20,148
DSC_0044_JPG_jpg.rf.f5b2b5beaffe15be55139d0d6eb51149.jpg,640,640,knife,366,288,383,418,17,130
Pe2-bar1_jpg.rf.f5c1f3793f5eb9679f104d582b11c342.jpg,640,640,gun,302,238,555,467,253,229
KravMagaTraining20623_jpg.rf.f5dc6fe94280d1b767ab489921d42679.jpg,640,640,knife,292,372,363,437,71,65
FullC_54_jpg.rf.f5f75f72b945c6be7143569f836d2f92.jpg,640,640,gun,451,151,542,293,91,142
gun_2_1_1__0003120_jpg.rf.f5e6de8ccab89c304a2916be57d79384.jpg,640,640,gun,288,436,343,483,55,47
05_14_0000007_jpg.rf.f5dd39d3ca5f9873a0a8b15bffaeaeb5.jpg,640,640,gun,259,190,379,533,120,343
4397_jpg.rf.f5e7c8ee5528316cac597c6b9ac800ad.jpg,640,640,knife,542,205,582,306,40,101
The_Hound_of_London-SAA-4_jpg.rf.f6507514637fa99958c2234b5fcca9db.jpg,640,640,gun,153,90,633,479,480,389
305_jpg.rf.f5c676dba4bf39a6e4916ca58dec48ce.jpg,640,640,knife,200,239,445,402,245,163
knife_840_jpg.rf.f5ed49b68afbfab8fbf6ed19f51badb0.jpg,640,640,knife,59,495,133,640,74,145
184_jpg.rf.f667e722a0e297ba785c0db7019c0b68.jpg,640,640,knife,311,514,326,621,15,107
178_jpg.rf.f654db6e70833fb7fae228c6e2a601f3.jpg,640,640,knife,332,112,420,600,88,488
gun_3_1_1__0001236_jpg.rf.f5fa6c7e0873c2ef71b231716dd4c0f2.jpg,640,640,gun,265,252,309,493,44,241
In_Time_Glock_2_jpg.rf.f6521c4f313cf82b4a9abbe9fb64941f.jpg,640,640,gun,351,277,504,639,153,362
DH4ColtDS-1_jpg.rf.f67859cc8fd0d198fab64c18b787dcdc.jpg,640,640,gun,155,93,338,584,183,491
knife_845_jpg.rf.f63eb4da9b635433587f9403040125d8.jpg,640,640,knife,96,341,164,534,68,193
KravMagaTraining21309_jpg.rf.f6749f0689f46c0674070a843818288e.jpg,640,640,knife,294,477,412,538,118,61
185_jpg.rf.f6acefa10c10d1f1b049cbc37adc0b7b.jpg,640,640,knife,329,20,420,400,91,380
null_image.jpg,640,640,,,,,,0,0
46_jpg.rf.f6d8b2a9f5e195bb6624a2916b264b5a.jpg,640,640,knife,449,196,494,259,45,63
332_jpg.rf.f6c811625a87b2e420b92b4baeed0bc0.jpg,640,640,knife,325,123,540,372,215,249
knife_1058_jpg.rf.f6a8083ed9287ed228f557045bf5f2ac.jpg,640,640,knife,242,203,336,371,94,168
107033_00__03579_jpg.rf.f6a927de929fba23ff7ea352e4cfdb17.jpg,640,640,gun,282,374,394,638,112,264
UncommonV_143_jpg.rf.f6dc207f57cc2f9bc961d45023556ab7.jpg,640,640,gun,380,234,482,465,102,231
Malay_Regiment_IMFDB_Communist_lieutenant_tries_to_open_fire_his_Browning_before_gets_shots_jpg.rf.f706536b4464689ee5e3d5ba61158e7c.jpg,640,640,gun,344,102,523,396,179,294
KravMagaTraining20796_jpg.rf.f6bba6f2cafee1abfb0eedf471ca6c1e.jpg,640,640,knife,203,491,306,555,103,64
52_jpg.rf.f6cd759914cb65848da506b5eb4ff74b.jpg,640,640,knife,209,234,246,408,37,174
85_jpg.rf.f6427a29c2d795046efc94018e082e8c.jpg,640,640,knife,283,530,340,599,57,69
knife_665_jpg.rf.f6a6218aec0641c7f657479e499c6b6a.jpg,640,640,knife,306,168,392,506,86,338
102391028_534_jpg.rf.f67d77228952a14d783874d6677e124e.jpg,640,640,gun,449,226,477,270,28,44
RITB33_jpg.rf.f6ab8db10ee4712aed511c87a2f5e25c.jpg,640,640,gun,292,261,347,443,55,182
Condor-starb2_jpg.rf.f6f3d5afe0957e177970ee2d0b02c242.jpg,640,640,gun,317,242,539,498,222,256
null_image.jpg,640,640,,,,,,0,0
6_22_3_0005328_jpg.rf.f6fa5f49dd97fa0831764cd602ec74d6.jpg,640,640,gun,316,110,358,237,42,127
batch_44_jpg.rf.f760ba6591baf3b254b702738356331d.jpg,640,640,gun,7,7,313,297,306,290
batch_44_jpg.rf.f760ba6591baf3b254b702738356331d.jpg,640,640,gun,325,13,628,306,303,293
batch_44_jpg.rf.f760ba6591baf3b254b702738356331d.jpg,640,640,gun,78,443,205,521,127,78
batch_44_jpg.rf.f760ba6591baf3b254b702738356331d.jpg,640,640,gun,356,398,532,564,176,166
knife57_jpg.rf.f74beeeab8eaa04308225dbdde32a01f.jpg,640,640,knife,0,240,545,438,545,198
BZMG-Reichsrevolver-6_jpg.rf.f6feabc6862eb259a33aa1fc6aae6bd2.jpg,640,640,gun,375,139,468,407,93,268
KravMagaTraining561_jpg.rf.f6f0584ab9373f0e1754c78cb65038ff.jpg,640,640,knife,205,231,266,363,61,132
knife_519_jpg.rf.f75cf56e9ab829b6b0f0517373f59e0f.jpg,640,640,knife,104,32,580,456,476,424
11_12_1458_jpg.rf.f6eae673c4ccc1253faf2e95c0eec22c.jpg,640,640,gun,88,120,558,408,470,288
batch_43_jpg.rf.f6ed51234ce5ce77ba2660b506aa9966.jpg,640,640,knife,162,67,184,146,22,79
batch_43_jpg.rf.f6ed51234ce5ce77ba2660b506aa9966.jpg,640,640,knife,344,260,379,313,35,53
batch_43_jpg.rf.f6ed51234ce5ce77ba2660b506aa9966.jpg,640,640,knife,24,580,59,634,35,54
batch_43_jpg.rf.f6ed51234ce5ce77ba2660b506aa9966.jpg,640,640,knife,386,546,429,578,43,32
TaurusPT57S_jpg.rf.f72dfd2244daa77171992f1af2ead257.jpg,640,640,gun,5,0,608,619,603,619
DKR-G36C-7_jpg.rf.f57a1165924eb9f6ec0930ff05f03b8d.jpg,640,640,gun,200,150,436,343,236,193
Town-UMP-2_jpg.rf.f72daefc5da765b83ede45ea0cadca1e.jpg,640,640,gun,433,192,491,350,58,158
batch_75_jpg.rf.f77215d98276daac21a2ad8cf362a327.jpg,640,640,gun,200,57,284,315,84,258
batch_75_jpg.rf.f77215d98276daac21a2ad8cf362a327.jpg,640,640,gun,333,17,566,319,233,302
batch_75_jpg.rf.f77215d98276daac21a2ad8cf362a327.jpg,640,640,gun,204,378,287,599,83,221
batch_75_jpg.rf.f77215d98276daac21a2ad8cf362a327.jpg,640,640,gun,321,321,636,628,315,307
11_12_2335_jpg.rf.f77864116d706bfd2fd3b837d6e3c3bb.jpg,640,640,gun,88,99,533,602,445,503
00000656_jpg.rf.f779eed6ceb1d2d0856cc116b6f01528.jpg,640,640,gun,31,147,607,606,576,459
1649338704-1776676_jpg.rf.f783505d2cf4bc627e6c38e29b67c3ac.jpg,640,640,knife,291,234,457,551,166,317
144_jpg.rf.f78fe5b435150cd7244b20cfdcf7452f.jpg,640,640,knife,128,168,214,557,86,389
7_7_asd_00140874_jpg.rf.f77b4333324260edd83c7b00dde14c69.jpg,640,640,gun,185,275,517,425,332,150
26_jpg.rf.f7a57c49a279ec9e02bea99cd4df8b22.jpg,640,640,knife,215,277,391,546,176,269
knife_122_jpg.rf.f79c26c68db522ec65c1b05614330450.jpg,640,640,knife,9,54,485,569,476,515
315_jpg.rf.f7aefd2a499c5cf0836fb45e3d3ebe37.jpg,640,640,knife,357,194,506,254,149,60
Bravo_V-P9S-1_jpg.rf.f78051a853cd4ccd7e69506bc06dda55.jpg,640,640,gun,448,264,617,591,169,327
DefenseKnifeAttack0795_jpg.rf.f785129c5bccac6bbda1509ebef9cac1.jpg,640,640,knife,159,514,267,564,108,50
gun1_6m_run_0001112_jpg.rf.f7bad9175fe40d49fee3bd415fe92b6d.jpg,640,640,gun,508,364,562,443,54,79
knife_441_jpg.rf.f7fb8cd157a63bc3f694e96a8a226d9d.jpg,640,640,knife,28,159,184,348,156,189
knife_441_jpg.rf.f7fb8cd157a63bc3f694e96a8a226d9d.jpg,640,640,knife,96,217,314,457,218,240
knife_441_jpg.rf.f7fb8cd157a63bc3f694e96a8a226d9d.jpg,640,640,knife,206,289,460,574,254,285
Armstrong_Sig226_Nickel_1_jpg.rf.f7adf6f250dd9fd86ac39f7cff1a6ef1.jpg,640,640,gun,192,251,400,488,208,237
98_jpg.rf.f7fba7d8066b02abcbc30f93f1d08e3a.jpg,640,640,knife,331,528,374,611,43,83
knife_435_jpg.rf.f7ae92035bf6493963bf26656eb02314.jpg,640,640,knife,48,287,410,596,362,309
knife_382_jpg.rf.f7f81f49da114a48f371ea8b9f8b36ae.jpg,640,640,knife,16,294,277,416,261,122
6_22_2_0007248_jpg.rf.f79199d2c89649903cd621f7d111777c.jpg,640,640,gun,450,254,509,321,59,67
batch_198_jpg.rf.f7d199cd84082a578c9caf05966e44f2.jpg,640,640,knife,116,54,219,319,103,265
batch_198_jpg.rf.f7d199cd84082a578c9caf05966e44f2.jpg,640,640,knife,421,181,521,319,100,138
batch_198_jpg.rf.f7d199cd84082a578c9caf05966e44f2.jpg,640,640,knife,84,542,107,625,23,83
batch_198_jpg.rf.f7d199cd84082a578c9caf05966e44f2.jpg,640,640,knife,398,539,424,610,26,71
6_22_1_0000616_jpg.rf.f8034ce331bae2b43571617bc7a6b635.jpg,640,640,gun,262,33,319,292,57,259
Podranki_rifle_5_jpg.rf.f84230dd201386dfdf7f1feba2d1626e.jpg,640,640,gun,13,87,333,584,320,497
knife_214_jpg.rf.f7c09fca116426ffa1047142c39b5b33.jpg,640,640,knife,124,74,616,467,492,393
Ruger1022_jpg.rf.f83b0bea11b512fe320d9d0408f62f31.jpg,640,640,gun,5,26,631,618,626,592
batch_269_jpg.rf.f82e5401638946a22e0b00bc48c29392.jpg,640,640,knife,152,296,182,318,30,22
batch_269_jpg.rf.f82e5401638946a22e0b00bc48c29392.jpg,640,640,knife,420,73,491,270,71,197
batch_269_jpg.rf.f82e5401638946a22e0b00bc48c29392.jpg,640,640,knife,107,450,273,581,166,131
batch_269_jpg.rf.f82e5401638946a22e0b00bc48c29392.jpg,640,640,knife,412,399,489,601,77,202
KravMagaKnifeDefenseTechniques073_jpg.rf.f88363ab31808ae4408516fa366a7f6e.jpg,640,640,knife,272,367,350,429,78,62
batch_102_jpg.rf.f80b6f63adbf5d22635343d423486b18.jpg,640,640,gun,155,177,174,195,19,18
batch_102_jpg.rf.f80b6f63adbf5d22635343d423486b18.jpg,640,640,gun,527,197,544,213,17,16
batch_102_jpg.rf.f80b6f63adbf5d22635343d423486b18.jpg,640,640,gun,179,473,199,505,20,32
batch_102_jpg.rf.f80b6f63adbf5d22635343d423486b18.jpg,640,640,gun,422,490,442,508,20,18
Le_Marginal-MR73-1_jpg.rf.f80e60fa987cfb13ea32ae8cf00d79dc.jpg,640,640,gun,244,526,364,635,120,109
knife_560_jpg.rf.f890b758db24bad6b30da8220d613ae8.jpg,640,640,knife,143,102,460,546,317,444
1011161615_813_jpg.rf.f86075b7815d7ff7ddc946262843b1fd.jpg,640,640,gun,113,160,607,620,494,460
6_22_1_0003540_jpg.rf.f875d43c88804980fabbccb8c279ef47.jpg,640,640,gun,301,359,403,640,102,281
ItLoDIIIFotD_SMG_1_jpg.rf.f8902187d8aa48d8093d8179d90a7008.jpg,640,640,gun,206,123,335,629,129,506
KravMagaTraining20043_jpg.rf.f842f3f6064003beeafe101c390ca679.jpg,640,640,knife,55,519,131,622,76,103
KravMagaKnifeDefenseTechniques189_jpg.rf.f88d5d826f537b035a0e80539f18df57.jpg,640,640,knife,229,214,316,310,87,96
HitList_Entry_04_jpg.rf.f8343811dc514da3bb9aeff78910501f.jpg,640,640,gun,94,159,618,324,524,165
JW3_975_jpg.rf.f89b4fb874234553c4fd594a788b7c6d.jpg,640,640,gun,362,187,466,323,104,136
JW3_975_jpg.rf.f89b4fb874234553c4fd594a788b7c6d.jpg,640,640,gun,311,215,342,279,31,64
Jay_33_jpg.rf.f8bbcae45900a8779986376fac14c3a6.jpg,640,640,gun,82,357,426,633,344,276
Assault-G17-2_jpg.rf.f8c9318e4eb2a12cccd24538a065e828.jpg,640,640,gun,128,291,281,569,153,278
Assault-G17-2_jpg.rf.f8c9318e4eb2a12cccd24538a065e828.jpg,640,640,gun,391,402,471,549,80,147
knife_1044_jpg.rf.f8a68492c7143afe34e8c2fece7d01e0.jpg,640,640,knife,125,97,428,455,303,358
Paragraf_shotgun_1_1_jpg.rf.f8a91a1f434942eca3ea05f9d5b783c4.jpg,640,640,gun,204,106,292,448,88,342
batch_51_jpg.rf.f8a48a243d238bda41045755f15197f2.jpg,640,640,knife,12,151,169,287,157,136
batch_51_jpg.rf.f8a48a243d238bda41045755f15197f2.jpg,640,640,knife,160,36,271,127,111,91
batch_51_jpg.rf.f8a48a243d238bda41045755f15197f2.jpg,640,640,knife,321,102,539,311,218,209
batch_51_jpg.rf.f8a48a243d238bda41045755f15197f2.jpg,640,640,knife,116,356,301,608,185,252
batch_51_jpg.rf.f8a48a243d238bda41045755f15197f2.jpg,640,640,knife,370,573,406,639,36,66
null_image.jpg,640,640,,,,,,0,0
293_jpg.rf.f93073473c7f228f56d05ce02d7ef3f0.jpg,640,640,knife,331,88,515,306,184,218
RealityKnifeAttacks0176_jpg.rf.f924a29ccc6af8d0937bdcdf19e08d39.jpg,640,640,knife,262,334,311,378,49,44
batch_253_jpg.rf.f93160094b265425f02a7cb1bcf096df.jpg,640,640,gun,157,67,195,118,38,51
batch_253_jpg.rf.f93160094b265425f02a7cb1bcf096df.jpg,640,640,gun,525,66,580,213,55,147
batch_253_jpg.rf.f93160094b265425f02a7cb1bcf096df.jpg,640,640,gun,59,369,249,639,190,270
batch_253_jpg.rf.f93160094b265425f02a7cb1bcf096df.jpg,640,640,gun,321,323,636,622,315,299
Para_P14_Limited_jpg.rf.f919d73e4cd3486d47db8420e8b02408.jpg,640,640,gun,3,2,636,638,633,636
Pe-ct-bar2_jpg.rf.f94a48f955b7358e0be9ac8dcff11713.jpg,640,640,gun,262,414,640,595,378,181
96_jpg.rf.f94758ab0ad509f6a496d0ccdfa079f3.jpg,640,640,knife,257,388,292,429,35,41
797_jpg.rf.f8d2cdd904a1abaef28c3b8ac07312ce.jpg,640,640,knife,165,446,212,606,47,160
Der_Schatz_der_Azteken-SAA-1_jpg.rf.f9139382536490f1b42e4d4be6af80a1.jpg,640,640,gun,222,326,270,583,48,257
KravMagaKnifeDefenseTechniques190_jpg.rf.f911c4c380f58700d9339f96812f14f6.jpg,640,640,knife,232,217,323,312,91,95
KravMagaKnifeDefenseTechniques223_jpg.rf.f9174e99b96a5d4106c2773fed329a28.jpg,640,640,knife,254,245,343,342,89,97
Gun_7_jpg.rf.f901dfc89904605c47100693ef8170b9.jpg,640,640,gun,31,34,604,556,573,522
knife_558_jpg.rf.f955b658173306affb9b89c2ac3f4810.jpg,640,640,knife,328,174,526,632,198,458
gun_2_1_1__0000975_jpg.rf.f94e497041953053b214ea43514e543e.jpg,640,640,gun,228,345,263,375,35,30
knife_1333_jpg.rf.f919be94b766f088aef7c6479f0b780c.jpg,640,640,knife,348,173,382,339,34,166
knife1_jpg.rf.f955205631a1e47db349c4cac92ddc5a.jpg,640,640,knife,22,195,393,554,371,359
BRHP1_jpg.rf.f94527b3bdec94cb0c625c219004e320.jpg,640,640,gun,255,172,333,326,78,154
111323812_338_jpg.rf.f95130fa348bb7c37963612adc06f7b1.jpg,640,640,gun,259,353,427,615,168,262
knife_1216_jpg.rf.f9642a02c3b6a56aeecd2f854f027988.jpg,640,640,knife,438,116,546,486,108,370
knife_1216_jpg.rf.f9642a02c3b6a56aeecd2f854f027988.jpg,640,640,knife,360,193,405,360,45,167
knife_1216_jpg.rf.f9642a02c3b6a56aeecd2f854f027988.jpg,640,640,knife,296,147,350,360,54,213
10251301_2652_jpg.rf.f90f4f318d1bbdef6c2fdd42da31c15d.jpg,640,640,gun,0,39,639,599,639,560
batch_5_jpg.rf.f91c1314f6d74af435c2dc2ebb02af71.jpg,640,640,knife,10,129,308,264,298,135
batch_5_jpg.rf.f91c1314f6d74af435c2dc2ebb02af71.jpg,640,640,knife,428,119,542,202,114,83
batch_5_jpg.rf.f91c1314f6d74af435c2dc2ebb02af71.jpg,640,640,knife,172,369,265,465,93,96
batch_5_jpg.rf.f91c1314f6d74af435c2dc2ebb02af71.jpg,640,640,knife,452,579,462,602,10,23
KravMagaTraining741_jpg.rf.f95b3dab833e3c643fc523f84a58c889.jpg,640,640,knife,400,158,465,234,65,76
null_image.jpg,640,640,,,,,,0,0
knife_1129_jpg.rf.f89f06ad33d3bbe87c73c67f5289aa24.jpg,640,640,knife,458,327,540,427,82,100
Underworld_Awakening_2_92fs_-1-_jpg.rf.f97c90e9d7917e28ce4c828001f39808.jpg,640,640,gun,275,227,365,535,90,308
6_22_1_0000184_jpg.rf.f97bc962a6a4619f74ae58f0bea1d661.jpg,640,640,gun,216,95,298,370,82,275
1649338725-4771643_jpg.rf.f96a15fb51a50eae69a207a15c74a399.jpg,640,640,knife,358,165,414,636,56,471
BevCopDW2_jpg.rf.f8a6e57e02a7b978e1902e05b83f116d.jpg,640,640,gun,178,478,279,617,101,139
batch_33_jpg.rf.f97537d36a64bb5005470d8c95f4341c.jpg,640,640,knife,111,160,134,212,23,52
batch_33_jpg.rf.f97537d36a64bb5005470d8c95f4341c.jpg,640,640,knife,469,11,502,45,33,34
batch_33_jpg.rf.f97537d36a64bb5005470d8c95f4341c.jpg,640,640,knife,149,330,182,365,33,35
batch_33_jpg.rf.f97537d36a64bb5005470d8c95f4341c.jpg,640,640,knife,416,352,434,415,18,63
2022-04-15_102_jpg.rf.f9580cb2c3e258f653a1494a5e0c549a.jpg,640,640,knife,300,494,320,585,20,91
knife_536_jpg.rf.f99ae038092cf719a5cdbdac748232c2.jpg,640,640,knife,84,53,437,340,353,287
258_jpg.rf.f9a67503fa553db4c93db24cb31f1217.jpg,640,640,knife,183,279,494,388,311,109
batch_292_jpg.rf.f9ba4b7a6f6c71a293eb7779cebc53f5.jpg,640,640,knife,149,235,171,292,22,57
batch_292_jpg.rf.f9ba4b7a6f6c71a293eb7779cebc53f5.jpg,640,640,knife,466,20,537,190,71,170
batch_292_jpg.rf.f9ba4b7a6f6c71a293eb7779cebc53f5.jpg,640,640,knife,142,559,158,620,16,61
batch_292_jpg.rf.f9ba4b7a6f6c71a293eb7779cebc53f5.jpg,640,640,knife,381,445,426,510,45,65
108_jpg.rf.f9bb5afd926f706e138f5b7fa79ae37d.jpg,640,640,knife,240,436,294,510,54,74
GRTaurus6_jpg.rf.f9ab5cee1cbbec542ee9826e17fa402e.jpg,640,640,gun,324,295,435,529,111,234
sharpenKnife035_jpg.rf.f99d59d932eb3c2cc21c2b8d9779f785.jpg,640,640,knife,322,412,466,480,144,68
knife_63_jpg.rf.f9cd1324f50fc83ab97badab00ed0088.jpg,640,640,knife,68,188,449,563,381,375
knife_1302_jpg.rf.f9cb3185b95ec4630a84043aca344717.jpg,640,640,knife,229,148,267,344,38,196
22_Bullets-Pistol-16_jpg.rf.f9ff40347b135e3ecc9910260e238387.jpg,640,640,gun,336,440,412,573,76,133
137_jpg.rf.f9be5f471e915234aaac1f90c4a68130.jpg,640,640,knife,351,111,500,422,149,311
RusoClases179_jpg.rf.f9ebc884c19a93a290411c344c5b67e7.jpg,640,640,knife,222,297,286,343,64,46
624snub_jpg.rf.fa0cf39c567cf3959859412512610c1e.jpg,640,640,gun,15,14,627,638,612,624
knife_686_jpg.rf.f9f2c918ab12ca571288afba9e7352f3.jpg,640,640,knife,96,248,156,540,60,292
knife_686_jpg.rf.f9f2c918ab12ca571288afba9e7352f3.jpg,640,640,knife,194,80,306,640,112,560
gun_2_1_1__0001085_jpg.rf.f9fd1b17f0827ac8dccee97b1ef293c9.jpg,640,640,gun,98,337,131,372,33,35
gun_2_1_1__0007485_jpg.rf.fa24d6503b9373356bfde2aeec9d0a9d.jpg,640,640,gun,540,323,579,356,39,33
batch_26_jpg.rf.fa0bf756fc7c06941abd941e9f9d5bb1.jpg,640,640,knife,132,27,204,319,72,292
batch_26_jpg.rf.fa0bf756fc7c06941abd941e9f9d5bb1.jpg,640,640,knife,425,41,614,253,189,212
batch_26_jpg.rf.fa0bf756fc7c06941abd941e9f9d5bb1.jpg,640,640,knife,105,347,220,639,115,292
batch_26_jpg.rf.fa0bf756fc7c06941abd941e9f9d5bb1.jpg,640,640,knife,432,348,542,639,110,291
1011153252_588_jpg.rf.fa66357907e03c15a77ed8db91c47bec.jpg,640,640,gun,103,239,404,548,301,309
1011153252_588_jpg.rf.fa66357907e03c15a77ed8db91c47bec.jpg,640,640,gun,416,223,564,486,148,263
gun_2_1_1__0005905_jpg.rf.f9d081274b9b2e7dbe2f145e676fdf23.jpg,640,640,gun,138,317,174,363,36,46
KravMagaTraining20863_jpg.rf.fa1a09129df305771416d29d8ac9e77a.jpg,640,640,knife,229,486,306,536,77,50
6_22_1_0001256_jpg.rf.fa36faebc53a569c1165c468a9fb0b87.jpg,640,640,gun,462,206,600,469,138,263
102413459_434_jpg.rf.fa7d79a6edf6faa0489da49d6897a06b.jpg,640,640,gun,248,255,315,488,67,233
6_jpg.rf.fa4e7f0c6796a34779a4960f6426b524.jpg,640,640,knife,279,165,390,528,111,363
gun1_5m_static_0001168_jpg.rf.fa9a78b75f02104f13ac8f9d9453b2a1.jpg,640,640,gun,297,335,322,420,25,85
TRK-USP-4_jpg.rf.fa117dcc89ad12f7e30629d690803514.jpg,640,640,gun,80,68,320,627,240,559
70_jpg.rf.fa5fb2b45897b5e9b7fbc43f69c7255d.jpg,640,640,knife,161,464,361,640,200,176
2022-04-15_20_jpg.rf.fa674b50fe04821220b0a787153b6930.jpg,640,640,knife,245,485,269,562,24,77
gun_2_1_1__0015495_jpg.rf.fa8bbb713eff48430cf03b7f184c5b2f.jpg,640,640,gun,118,338,150,370,32,32
DSC_0058_JPG_jpg.rf.f9d885228e3fe37906a68d2d0513dff5.jpg,640,640,knife,270,251,377,512,107,261
knife_78_jpg.rf.fa8537f1a1f38de95ae255a91d0fbb48.jpg,640,640,knife,259,217,445,638,186,421
batch_153_jpg.rf.fa276faca84b1c96c05bdb97dd03c615.jpg,640,640,knife,160,115,194,249,34,134
batch_153_jpg.rf.fa276faca84b1c96c05bdb97dd03c615.jpg,640,640,knife,480,115,514,248,34,133
batch_153_jpg.rf.fa276faca84b1c96c05bdb97dd03c615.jpg,640,640,knife,165,431,243,501,78,70
batch_153_jpg.rf.fa276faca84b1c96c05bdb97dd03c615.jpg,640,640,knife,485,432,563,502,78,70
1649338737-8373802_jpg.rf.faa72b5a314e4bb475d8b027e146fab1.jpg,640,640,knife,246,164,323,640,77,476
11_12_657_jpg.rf.fa4f04a467cb650a140f6d40be70b0db.jpg,640,640,gun,271,235,324,368,53,133
7_7_asd_00114914_jpg.rf.fab412f2a13378a25fef3bff44eb4dd4.jpg,640,640,gun,308,170,332,222,24,52
7_7_asd_00114914_jpg.rf.fab412f2a13378a25fef3bff44eb4dd4.jpg,640,640,gun,441,170,463,210,22,40
7_7_asd_00114914_jpg.rf.fab412f2a13378a25fef3bff44eb4dd4.jpg,640,640,gun,281,231,303,275,22,44
7_7_asd_00114914_jpg.rf.fab412f2a13378a25fef3bff44eb4dd4.jpg,640,640,gun,110,221,127,262,17,41
knife_310_jpg.rf.faba1e44b3d9c1deabe0988ad72a5a79.jpg,640,640,knife,57,339,362,581,305,242
knife_310_jpg.rf.faba1e44b3d9c1deabe0988ad72a5a79.jpg,640,640,knife,349,93,535,244,186,151
7_7_asd_00113390_jpg.rf.fad7ed317813fdbf837d38e19de4081d.jpg,640,640,gun,280,318,354,483,74,165
knife_998_jpg.rf.fa9baabba75340669e9969b4ad44ac02.jpg,640,640,knife,73,509,161,639,88,130
76_jpg.rf.fada00fc5dfdfdea6beb8e3b4c33c3bc.jpg,640,640,knife,282,388,308,455,26,67
knife_591_jpg.rf.fadd26f94392b65a4ae877e914f9acc2.jpg,640,640,knife,400,105,638,403,238,298
ia_100000004479_jpg.rf.fabc096d8d3a394952460582b67d653a.jpg,640,640,gun,90,87,494,531,404,444
batch_283_jpg.rf.fae6432a044d601198c9e6a995a579e8.jpg,640,640,knife,128,124,175,168,47,44
batch_283_jpg.rf.fae6432a044d601198c9e6a995a579e8.jpg,640,640,knife,506,84,543,104,37,20
batch_283_jpg.rf.fae6432a044d601198c9e6a995a579e8.jpg,640,640,knife,222,425,262,545,40,120
batch_283_jpg.rf.fae6432a044d601198c9e6a995a579e8.jpg,640,640,knife,445,494,489,534,44,40
sharpenKnife254_jpg.rf.fae163142450abf17a279be8dc1a72c3.jpg,640,640,knife,255,366,332,447,77,81
Gun_2142_jpg.rf.fb10b3ee08114bdfc10913de6e0b8a37.jpg,640,640,gun,0,11,628,608,628,597
DSC_0059_JPG_jpg.rf.fadbf892caa211f5f8f19bf9969062f0.jpg,640,640,knife,294,365,340,436,46,71
knife_974_jpg.rf.f9e2f5b860091c9a18fa3185e6ed50fc.jpg,640,640,knife,62,492,129,640,67,148
KnifeDefenseKrav022_jpg.rf.fb0b13c4ca5a0f424122245c8f7005f9.jpg,640,640,knife,283,28,352,81,69,53
1023115111_2529_jpg.rf.fb0b76b0288d9a779c813c9a7839b387.jpg,640,640,gun,320,287,360,397,40,110
batch_273_jpg.rf.fb1d586bca339ddb513a91066bd56b64.jpg,640,640,knife,148,176,199,218,51,42
batch_273_jpg.rf.fb1d586bca339ddb513a91066bd56b64.jpg,640,640,knife,449,15,507,57,58,42
batch_273_jpg.rf.fb1d586bca339ddb513a91066bd56b64.jpg,640,640,knife,177,477,219,512,42,35
batch_273_jpg.rf.fb1d586bca339ddb513a91066bd56b64.jpg,640,640,knife,453,413,469,474,16,61
knife_523_jpg.rf.fb0fe4a7c1e9af9e27a35903f473b268.jpg,640,640,knife,11,72,176,428,165,356
6_22_1_0000108_jpg.rf.fb2cba52d074c7993b0388e530471c1c.jpg,640,640,gun,196,111,285,364,89,253
DSC_0042_JPG_jpg.rf.fb6b8cac3d41abe7169983c0c4a5dae1.jpg,640,640,knife,337,379,352,483,15,104
Elah_05_jpg.rf.fb75cd34dfadcffad83f822996c2be03.jpg,640,640,gun,244,184,305,365,61,181
KravMagaKnifeDefenseTechniques064_jpg.rf.fb30b7c60a1d7f19d662bd782af736e9.jpg,640,640,knife,270,341,340,405,70,64
DefenseKnifeAttack0756_jpg.rf.fba4294e557ad42f0f8890028a4465db.jpg,640,640,knife,220,518,311,574,91,56
2022-04-15_122_jpg.rf.fb82f3a29424397227d109a61176d660.jpg,640,640,knife,331,580,385,615,54,35
knife_73_jpg.rf.fb8c4008b2432a367a08f18496243554.jpg,640,640,knife,0,125,489,501,489,376
gun_2_1_1__0004825_jpg.rf.fb1aace8a47b84bc287698ed7f0b6eea.jpg,640,640,gun,410,301,436,364,26,63
1011161725_891_jpg.rf.fb3ab04facde063b5a046c1ef82dc744.jpg,640,640,gun,29,66,631,586,602,520
102503756_160_jpg.rf.fbabd831d3c159c7c2bf30bbaa2d96db.jpg,640,640,gun,200,60,523,495,323,435
KravMagaTraining20811_jpg.rf.fb6fd1ae2356dac033870a6d0c58d8f9.jpg,640,640,knife,243,486,339,577,96,91
La_legion_saute_sur_Kolwezi-Berthier-1_jpg.rf.fb9feacbda73fed4ae3997db677d5cf9.jpg,640,640,gun,181,205,246,346,65,141
La_legion_saute_sur_Kolwezi-Berthier-1_jpg.rf.fb9feacbda73fed4ae3997db677d5cf9.jpg,640,640,gun,245,264,332,339,87,75
Blackbookgun_jpg.rf.fb4d8ff4b4a4e25e51aa308499f9dca6.jpg,640,640,gun,326,276,417,562,91,286
1015131943_3645_jpg.rf.fb6c9486358e060335143591a8799e91.jpg,640,640,gun,18,332,107,469,89,137
1015131943_3645_jpg.rf.fb6c9486358e060335143591a8799e91.jpg,640,640,gun,171,453,304,604,133,151
knife_519_jpg.rf.fb97b52d624c2ed069bc32594d2f640c.jpg,640,640,knife,103,32,580,457,477,425
KravMagaTraining4045_jpg.rf.fb6f9ab72eafb766ec101e66d7b12165.jpg,640,640,knife,247,393,296,473,49,80
11_12_1930_jpg.rf.fbc87bf0463ab525731ca80a7d24e383.jpg,640,640,gun,28,53,600,587,572,534
batch_174_jpg.rf.fbb1fe9a98b6d0a85a41fbb5763ab5bc.jpg,640,640,knife,57,55,181,257,124,202
batch_174_jpg.rf.fbb1fe9a98b6d0a85a41fbb5763ab5bc.jpg,640,640,knife,490,64,506,155,16,91
batch_174_jpg.rf.fbb1fe9a98b6d0a85a41fbb5763ab5bc.jpg,640,640,knife,119,382,146,485,27,103
batch_174_jpg.rf.fbb1fe9a98b6d0a85a41fbb5763ab5bc.jpg,640,640,knife,481,447,517,509,36,62
knife_263_jpg.rf.fbb4b19aa888dd5299d00c9665952d01.jpg,640,640,knife,76,169,225,509,149,340
knife_263_jpg.rf.fbb4b19aa888dd5299d00c9665952d01.jpg,640,640,knife,382,343,565,637,183,294
knife_1217_jpg.rf.fbd7c360d7f87d2ca155f15c5dc69a09.jpg,640,640,knife,304,242,350,399,46,157
knife_1217_jpg.rf.fbd7c360d7f87d2ca155f15c5dc69a09.jpg,640,640,knife,360,292,430,430,70,138
KnifeDefenseKrav048_jpg.rf.fbdd3b10af1bfd2c3ea18f51ccb64776.jpg,640,640,knife,271,35,342,103,71,68
GSSIGP228-3_jpg.rf.fbec53ca2944f7dda2bc0fcab62e5885.jpg,640,640,gun,207,455,367,639,160,184
DSC_00161_JPG_jpg.rf.fbde65222cb0efcf60510f98fa587a1d.jpg,640,640,knife,291,243,318,348,27,105
11_12_469_jpg.rf.fbdcb0fff33f67af0f5fac7f3eb05f19.jpg,640,640,gun,49,166,397,384,348,218
11_12_469_jpg.rf.fbdcb0fff33f67af0f5fac7f3eb05f19.jpg,640,640,gun,83,329,608,561,525,232
11_12_469_jpg.rf.fbdcb0fff33f67af0f5fac7f3eb05f19.jpg,640,640,gun,313,94,608,363,295,269
knife_1072_jpg.rf.fbf8a7e76adb66e33ccd6b7e331b0a0a.jpg,640,640,knife,142,0,348,595,206,595
batch_209_jpg.rf.fc24bdf29c2bf72c47acc6517d17412f.jpg,640,640,gun,1,17,315,296,314,279
batch_209_jpg.rf.fc24bdf29c2bf72c47acc6517d17412f.jpg,640,640,gun,323,2,637,313,314,311
batch_209_jpg.rf.fc24bdf29c2bf72c47acc6517d17412f.jpg,640,640,gun,4,325,315,631,311,306
batch_209_jpg.rf.fc24bdf29c2bf72c47acc6517d17412f.jpg,640,640,gun,387,451,461,569,74,118
1364447_00__01283_jpg.rf.fbf0ba563610798caa303f616d0c4436.jpg,640,640,gun,449,428,529,529,80,101
gun_2_1_1__0009315_jpg.rf.fc0b52ca9c3a63b1e4da7a702a1654b1.jpg,640,640,gun,196,303,233,364,37,61
6_22_3_0004260_jpg.rf.fc2a6c39085785f434883e87be885a7f.jpg,640,640,gun,250,155,303,311,53,156
gun_3_3_1__0002484_jpg.rf.fc2f55a04b7c55854c54a4156411ded6.jpg,640,640,gun,59,326,114,523,55,197
Hn-c08a_jpg.rf.fbe613b3090534a9695a8c21ddc8bc1f.jpg,640,640,gun,255,308,413,522,158,214
6_22_4_0005292_jpg.rf.fc3d15f32b8108eb7f3a8f231aa6aa2e.jpg,640,640,gun,475,220,541,300,66,80
DSC_0046_JPG_jpg.rf.fc3d5bea3384a4341c812026cc553fa1.jpg,640,640,knife,314,340,353,476,39,136
102313730_7770_jpg.rf.fc4a2f13512ea6b438ec0c9218858dae.jpg,640,640,gun,344,196,380,246,36,50
BCM_11-5_URG_jpg.rf.fc38354e9b6bee572307e22ec65ec51c.jpg,640,640,gun,2,12,637,632,635,620
knife_1142_jpg.rf.fc504a27d374ddf9e2fa00d76aeb78fd.jpg,640,640,knife,277,328,412,572,135,244
gun_3_2_1__0000548_jpg.rf.fc7610303165646a42518da6482f1c88.jpg,640,640,gun,248,125,294,414,46,289
54_jpg.rf.fc58bfbf58a7c547a14c393cf6a31f1d.jpg,640,640,knife,249,442,269,519,20,77
93_jpg.rf.fc8d5f81741a9eea967c7697ee6a6bc5.jpg,640,640,knife,274,268,478,419,204,151
7_7_asd_00095612_jpg.rf.fc522b020ff993c75d400e34a83618a5.jpg,640,640,gun,52,114,200,315,148,201
EverybDies-03_jpg.rf.fc66d0aa4df00587e7cd57f89e9d7dba.jpg,640,640,gun,26,71,568,608,542,537
gun_3_2_1__0001588_jpg.rf.fcbced797465930a55492f67ffa7bf74.jpg,640,640,gun,363,335,506,639,143,304
batch_7_jpg.rf.fcbbfaa238bc02c459fb8acb71f5ba6c.jpg,640,640,knife,184,174,200,217,16,43
batch_7_jpg.rf.fcbbfaa238bc02c459fb8acb71f5ba6c.jpg,640,640,knife,392,64,542,217,150,153
batch_7_jpg.rf.fcbbfaa238bc02c459fb8acb71f5ba6c.jpg,640,640,knife,70,378,222,543,152,165
batch_7_jpg.rf.fcbbfaa238bc02c459fb8acb71f5ba6c.jpg,640,640,knife,460,427,516,548,56,121
KravMagaTraining21067_jpg.rf.fca7ef0657856968b6fd0751342571c1.jpg,640,640,knife,177,375,277,460,100,85
Road36_jpg.rf.fc3a90c09090729894cc1ccaa1964762.jpg,640,640,gun,181,445,305,639,124,194
111_jpg.rf.fca2a283c1e7cac1de970fdcd07528c6.jpg,640,640,knife,233,402,276,443,43,41
DefenseKnifeAttack1115_jpg.rf.fc797861f0ce73671b6190313feecddd.jpg,640,640,knife,263,352,303,431,40,79
Gun_202_jpg.rf.fcf092fdce1663546c67e26a6f5cb195.jpg,640,640,gun,223,39,555,367,332,328
batch_398_jpg.rf.fccc65cf3112d5c3623998bb176d314d.jpg,640,640,gun,211,122,253,185,42,63
batch_398_jpg.rf.fccc65cf3112d5c3623998bb176d314d.jpg,640,640,gun,427,143,550,318,123,175
batch_398_jpg.rf.fccc65cf3112d5c3623998bb176d314d.jpg,640,640,gun,41,487,112,566,71,79
batch_398_jpg.rf.fccc65cf3112d5c3623998bb176d314d.jpg,640,640,gun,412,462,515,639,103,177
2022-04-15_105_jpg.rf.fd0539a9f5803efa55467b6e8ca5e453.jpg,640,640,knife,329,426,368,479,39,53
knife_1041_jpg.rf.fcf2c745af85deae73c5a313057215d3.jpg,640,640,knife,229,415,381,581,152,166
knife_1011_jpg.rf.fd3335ab795e27289ce651e1afbc19af.jpg,640,640,knife,150,289,216,454,66,165
null_image.jpg,640,640,,,,,,0,0
knife_592_jpg.rf.fd3a125e8e52c8c25866df0870e46c76.jpg,640,640,knife,146,237,271,438,125,201
knife_1082_jpg.rf.fd5305011083b24e69f584cabba7150a.jpg,640,640,knife,17,55,221,420,204,365
gun_3_2_1__0000628_jpg.rf.fd53c628423631851d9c98c1088e2a70.jpg,640,640,gun,198,88,298,397,100,309
gun_3_3_1__0003928_jpg.rf.fd09e63502912d020b39023556c7a3c5.jpg,640,640,gun,213,445,257,571,44,126
gun1_6m_static_0001360_jpg.rf.fd2b1ff8d37e7ff2eb32eb079b157443.jpg,640,640,gun,346,275,404,351,58,76
null_image.jpg,640,640,,,,,,0,0
34_jpg.rf.fcfa7342b5fe9ebf06b2d0b293c4443a.jpg,640,640,knife,171,491,212,518,41,27
Best_11_jpg.rf.fca9d9da81c46d0e3ee9238c3f52410e.jpg,640,640,gun,20,267,404,639,384,372
Abominable9_jpg.rf.fd6dd8dcf186812f4734e91be8835f50.jpg,640,640,gun,253,496,409,620,156,124
254_jpg.rf.fc3d4156bfb6809d7425ea333b907cda.jpg,640,640,knife,338,82,440,499,102,417
1365612_04__02979_jpg.rf.fd7caffbfcb61981d126e8e20ce0a180.jpg,640,640,gun,452,340,497,451,45,111
knife_668_jpg.rf.fd215163ccb66214de4b79ea5f4d865d.jpg,640,640,knife,88,86,212,519,124,433
knife_668_jpg.rf.fd215163ccb66214de4b79ea5f4d865d.jpg,640,640,knife,263,86,343,571,80,485
DSC_00511_JPG_jpg.rf.fd94952354037eccb94d2473f9a1ad64.jpg,640,640,knife,197,248,221,365,24,117
Gun_453_jpg.rf.fd6451637c465004e997e5f2fd209007.jpg,640,640,gun,72,86,516,562,444,476
11132257_670_jpg.rf.fcf14e6fa4e74e80ecc2e111f1a83c33.jpg,640,640,gun,301,55,407,235,106,180
knife_893_jpg.rf.fcf29edf050c3f448bd4b4f021342096.jpg,640,640,knife,106,321,179,517,73,196
knife_897_jpg.rf.fd791000bb008581318dc5d1b6e8a88e.jpg,640,640,knife,65,502,135,639,70,137
6_22_4_0010124_jpg.rf.fd25e50f93dacc418579247381c743c2.jpg,640,640,gun,353,122,377,257,24,135
knife_106_jpg.rf.fdb3f557d6fd8ffadf4ae7487fd96df8.jpg,640,640,knife,57,10,551,619,494,609
batch_264_jpg.rf.fd3bad84a4a5ae83c4061f3d3c35fb96.jpg,640,640,knife,109,88,155,136,46,48
batch_264_jpg.rf.fd3bad84a4a5ae83c4061f3d3c35fb96.jpg,640,640,knife,434,106,478,155,44,49
batch_264_jpg.rf.fd3bad84a4a5ae83c4061f3d3c35fb96.jpg,640,640,knife,115,428,161,475,46,47
batch_264_jpg.rf.fd3bad84a4a5ae83c4061f3d3c35fb96.jpg,640,640,knife,443,438,488,488,45,50
knife_505_jpg.rf.fdc79c5633ad59a9f5d4e483abd7f2d3.jpg,640,640,knife,49,234,202,466,153,232
JW3_G34_jpg.rf.fe041a583ff8b8a20c5b068e34eda8d9.jpg,640,640,gun,23,20,624,616,601,596
7_7_asd_00131430_jpg.rf.fd59e547aee63ae816278c14aed09a1f.jpg,640,640,gun,3,373,66,486,63,113
knife_1_jpg.rf.fdb777cc8228b041c9c27c2c266552be.jpg,640,640,knife,49,157,574,554,525,397
KravMagaTraining21079_jpg.rf.fe0ba8c6ed6b42b71dd190a5514359cb.jpg,640,640,knife,209,436,311,514,102,78
gun_3_1_1__0001924_jpg.rf.fe675d5d1b6b275bf7fe49369a85850b.jpg,640,640,gun,265,358,303,518,38,160
309_jpg.rf.fe84014ab7ce28cf6838ca16b710a31f.jpg,640,640,knife,291,17,523,125,232,108
10251325_1876_jpg.rf.fea2f61628f2ab38654b14067597250a.jpg,640,640,gun,341,160,622,633,281,473
null_image.jpg,640,640,,,,,,0,0
Paragraf_rifle_3_5_jpg.rf.feb4ae45e5508f1138bb7e3d2c6f99fc.jpg,640,640,gun,48,215,198,397,150,182
Podvig_razvedchika-Frommer-3_jpg.rf.fe5f7b98486d74bbf39e008572281a54.jpg,640,640,gun,70,28,407,414,337,386
K911-Guns-7_jpg.rf.fdbb46b808d3df24342babcceba6446e.jpg,640,640,gun,204,275,295,438,91,163
K911-Guns-7_jpg.rf.fdbb46b808d3df24342babcceba6446e.jpg,640,640,gun,223,432,289,608,66,176
K911-Guns-7_jpg.rf.fdbb46b808d3df24342babcceba6446e.jpg,640,640,gun,352,337,530,610,178,273
K911-Guns-7_jpg.rf.fdbb46b808d3df24342babcceba6446e.jpg,640,640,gun,335,3,576,272,241,269
knife_1309_jpg.rf.fe4794e4617e6b422fefd6491f948536.jpg,640,640,knife,256,175,299,351,43,176
Innerspace_beretta1_jpg.rf.fddc8a9ad013f5d9c933ef1b82522485.jpg,640,640,gun,318,447,374,533,56,86
98_jpg.rf.fec641261cd43981695d5480b5e4e31f.jpg,640,640,knife,234,143,363,505,129,362
gun_3_2_1__0000400_jpg.rf.fe5df7a96248d1a1f5ff737e99cc4ad7.jpg,640,640,gun,277,99,325,475,48,376
knife_1239_jpg.rf.fec06d70df6053df85b666cc2e7fb2f4.jpg,640,640,knife,360,163,431,288,71,125
null_image.jpg,640,640,,,,,,0,0
batch_150_jpg.rf.fe7410f1074a5c6ddd8eda9db066e830.jpg,640,640,gun,133,117,168,307,35,190
batch_150_jpg.rf.fe7410f1074a5c6ddd8eda9db066e830.jpg,640,640,gun,451,53,487,203,36,150
batch_150_jpg.rf.fe7410f1074a5c6ddd8eda9db066e830.jpg,640,640,gun,111,371,143,516,32,145
batch_150_jpg.rf.fe7410f1074a5c6ddd8eda9db066e830.jpg,640,640,gun,429,368,461,519,32,151
1011133951_220_jpg.rf.fe3d96e8791f94170d9715aa5b4ac186.jpg,640,640,gun,149,298,253,541,104,243
KravMagaTraining580_jpg.rf.fea547a22df3eb5b88c0b02e8ba240f2.jpg,640,640,knife,460,300,503,498,43,198
13_jpg.rf.fdea04e21d2d8e42a2201d48505e8fbc.jpg,640,640,knife,243,375,462,583,219,208
KravMagaTraining735_jpg.rf.fe1f5bc2726f6992c5c0baf6681afaa8.jpg,640,640,knife,399,149,468,221,69,72
47_jpg.rf.fed45a7c94e1280c7c3ae8a08b3f1a72.jpg,640,640,knife,223,428,254,511,31,83
350_jpg.rf.fea81394ad64b64e5d27e169bad02706.jpg,640,640,knife,63,277,242,523,179,246
302_jpg.rf.fed4be94450b5a7d324335073ecaffdd.jpg,640,640,knife,208,216,454,407,246,191
gun_2_1_1__0002205_jpg.rf.fef8120d42996e17a768ca808e9be94b.jpg,640,640,gun,129,368,166,400,37,32
Interventsiya-Nagant-6_jpg.rf.fed6dcf23634b1b99b20ce47b19f8fcf.jpg,640,640,gun,185,314,267,403,82,89
M16A1M203ScarfaceCombo_jpg.rf.fde0d15572d1837e6e206fb940b0877f.jpg,640,640,gun,6,15,632,618,626,603
05_14_0000592_jpg.rf.ff3881ef074cf34d71c163a3da00628a.jpg,640,640,gun,320,185,507,421,187,236
gun_2_1_1__0015060_jpg.rf.fdbee7d3893d5ac586dd1bff78844c3b.jpg,640,640,gun,205,379,264,440,59,61
knife_1139_jpg.rf.feed70181405893e569a98ff811232cc.jpg,640,640,knife,439,274,479,460,40,186
FA-SM-MAB-M-D_jpg.rf.fedea1b6e47f6623e0e92176693f6ab9.jpg,640,640,gun,307,432,397,527,90,95
KravMagaKnifeDefenseTechniques068_jpg.rf.fe3a2ad2e88d63ad4e3a52c82d7eb62b.jpg,640,640,knife,271,352,345,420,74,68
6_22_3_0000288_jpg.rf.fef1ce60c00f907c8fac4d975480b8f4.jpg,640,640,gun,112,45,210,117,98,72
knife_1124_jpg.rf.ff423322291019af9f658fe0c1f9b012.jpg,640,640,knife,277,151,318,246,41,95
TMF_7_jpg.rf.fecdeaabb02d2147d00ec7804e1aadea.jpg,640,640,gun,345,304,424,368,79,64
knife_291_jpg.rf.ff17f78419360cc42551c2adff9e03d0.jpg,640,640,knife,42,409,396,616,354,207
knife_291_jpg.rf.ff17f78419360cc42551c2adff9e03d0.jpg,640,640,knife,3,267,383,480,380,213
knife_291_jpg.rf.ff17f78419360cc42551c2adff9e03d0.jpg,640,640,knife,52,98,363,331,311,233
null_image.jpg,640,640,,,,,,0,0
102111312_8778_jpg.rf.ff69f9a294be64c8e0f00cee8cc8477f.jpg,640,640,gun,201,215,343,443,142,228
La_Crime-Revolver-1_jpg.rf.ff810fb34aba47090b530add000d0868.jpg,640,640,gun,112,36,286,412,174,376
Le_Battant-M1911-5_jpg.rf.ff4c0b8971471862d1a868d093b0e6f8.jpg,640,640,gun,157,67,280,456,123,389
knife_449_jpg.rf.ff8e9af7ae90d1fc38445e25e41987b2.jpg,640,640,knife,293,200,424,635,131,435
ChappieCustomVektor_jpg.rf.ff6cab6d63f06463210ab71804848893.jpg,640,640,gun,108,36,372,528,264,492
PitchSPASWAall2_jpg.rf.ffb81710ea60d11e77a7ab55a2d0b854.jpg,640,640,gun,22,119,398,476,376,357
NovemberM_103_jpg.rf.ff89611e0a17e57f9bb0857283cf63e3.jpg,640,640,gun,76,197,223,430,147,233
ColtNewService45LC_jpg.rf.ffc14529a6d1d5d17fb213409a7a3faf.jpg,640,640,gun,4,10,637,630,633,620
KravMagaKnifeDefenseTechniques063_jpg.rf.ffad4ff815e1159b00d782da39fd1eda.jpg,640,640,knife,268,334,344,410,76,76
knife_624_jpg.rf.ff7df313a69317b33c3e6471736d6889.jpg,640,640,knife,298,72,355,434,57,362
Mr-BrooksCZ75B-1_jpg.rf.ffc539c55ebbff4a678e8229895a0561.jpg,640,640,gun,248,397,353,504,105,107
Nikolai_Merzlikin-03_jpg.rf.ff8ddaa073cdaad4e2e5b122112c8f18.jpg,640,640,gun,285,254,441,359,156,105
KravMagaTraining709_jpg.rf.ffbdf7fbfef6457182412fed22f6cfff.jpg,640,640,knife,170,381,228,474,58,93
31_jpg.rf.ffb2a11eab65d250c87c0ea129d44210.jpg,640,640,knife,277,12,380,638,103,626
VChP-MauserC96-8_jpg.rf.ff673452904e2d31b8ecc94412dcc002.jpg,640,640,gun,234,234,536,588,302,354
knife_1257_jpg.rf.ffc2c6c93b9c3ff1ea8ae99863c62509.jpg,640,640,knife,326,276,399,415,73,139
knife_507_jpg.rf.ffc7a721246d7e9b2a9627c496b5d32f.jpg,640,640,knife,203,253,390,399,187,146
knife_344_jpg.rf.ffde71162f0f4a10b1ed46dae7781e95.jpg,640,640,knife,257,30,637,339,380,309
batch_122_jpg.rf.fffa03746a2ae9f4af2e009f727339c5.jpg,640,640,gun,5,6,315,292,310,286
batch_122_jpg.rf.fffa03746a2ae9f4af2e009f727339c5.jpg,640,640,gun,399,188,556,277,157,89
batch_122_jpg.rf.fffa03746a2ae9f4af2e009f727339c5.jpg,640,640,gun,119,497,155,549,36,52
batch_122_jpg.rf.fffa03746a2ae9f4af2e009f727339c5.jpg,640,640,gun,360,410,626,542,266,132
batch_24_jpg.rf.ffb8c4306c11a0c21088a5f821052eed.jpg,640,640,gun,197,115,226,168,29,53
batch_24_jpg.rf.ffb8c4306c11a0c21088a5f821052eed.jpg,640,640,gun,491,64,512,130,21,66
batch_24_jpg.rf.ffb8c4306c11a0c21088a5f821052eed.jpg,640,640,gun,191,415,224,454,33,39
batch_24_jpg.rf.ffb8c4306c11a0c21088a5f821052eed.jpg,640,640,gun,521,377,541,422,20,45
259_jpg.rf.ffcf10d0571302433cde024805e398cc.jpg,640,640,knife,340,57,400,337,60,280
RusoClases795_jpg.rf.fff0942d015322bed5a8d8fcda3bae53.jpg,640,640,knife,448,336,528,407,80,71
knife_915_jpg.rf.ffd3405c7611fea6f847129de0a7f942.jpg,640,640,knife,81,484,141,640,60,156
Gun_598_jpg.rf.ffed117568901cbb228ac360baca800f.jpg,640,640,gun,159,88,492,640,333,552
knife_111_jpg.rf.ffca5570efec241c9b29fcd9b510564b.jpg,640,640,knife,455,5,529,494,74,489
11_12_1545_jpg.rf.ffcc482b02ec814a2da05eee6fd15c50.jpg,640,640,gun,64,91,560,565,496,474
knife_298_jpg.rf.ffd88c0e7ee2924e566aae55313c07e5.jpg,640,640,knife,46,374,307,531,261,157
6_22_3_0001292_jpg.rf.ffecaf4039489b43033984d15f52370a.jpg,640,640,gun,178,129,227,253,49,124
MarlinModel336A_jpg.rf.9359f2b19f42c0d161e1f54950259bc2.jpg,640,640,gun,9,47,636,614,627,567
57_jpg.rf.9372ec8d389fc99a96c20bb2e9abe3a5.jpg,640,640,knife,280,13,437,590,157,577
53_jpg.rf.9377d9eda5e5f593cd773b2b9c4aaf32.jpg,640,640,knife,246,448,268,519,22,71
knife_745_jpg.rf.937d27e6a2cf84ac5d5d30f867cfbd5b.jpg,640,640,knife,80,83,135,314,55,231
knife_1122_jpg.rf.939154c470bdf959658bd3743bd8e495.jpg,640,640,knife,45,3,374,639,329,636
10176312_375_jpg.rf.9396f82cdfbff7836e9cf8b81baf8255.jpg,640,640,gun,261,128,336,296,75,168
27_jpg.rf.93a0409e3c76a9622a820b6131545469.jpg,640,640,knife,323,540,402,597,79,57
gun_3_3_1__0000936_jpg.rf.93a47af3b590ec582863ff5720efd866.jpg,640,640,gun,245,270,298,426,53,156
6_22_4_0007188_jpg.rf.93acebbf85aadc13e28e53d4583faa8d.jpg,640,640,gun,416,143,478,217,62,74
knife_906_jpg.rf.93bd33acac4ae8fc20d7f960b484a0eb.jpg,640,640,knife,74,348,152,517,78,169
KravMagaTraining324_jpg.rf.93c476cb6994c1068a48d9ecf21a1578.jpg,640,640,knife,178,393,240,505,62,112
6_22_4_0001596_jpg.rf.93c304c8ae3ac2190a3093783e7c2bfd.jpg,640,640,gun,235,208,280,305,45,97
gun_2_1_1__0012925_jpg.rf.93c6cf5b4735302930ac7e3410fc3fb7.jpg,640,640,gun,489,369,530,412,41,43
null_image.jpg,640,640,,,,,,0,0
DefenseKnifeAttack0501_jpg.rf.93bbcaa9967070c645902226c42f5046.jpg,640,640,knife,120,388,211,500,91,112
knife_28_jpg.rf.93da2b05e4ba585866fde12d3bba7765.jpg,640,640,knife,6,90,578,485,572,395
Gun_1940_jpg.rf.93d12c3e16168c3550cef57abb6d15c9.jpg,640,640,gun,11,25,617,611,606,586
null_image.jpg,640,640,,,,,,0,0
256_jpg.rf.93ce14a723f43a727189565c9a31589e.jpg,640,640,knife,322,82,419,485,97,403
Gun_881_jpg.rf.940896c3e97f39281f914af8bafaab18.jpg,640,640,gun,4,0,624,629,620,629
IJ4_Plastic_1911_2_jpg.rf.941309a4dca760f186a6fb35fcac2454.jpg,640,640,gun,110,113,521,523,411,410
25_jpg.rf.942d086bba459341c8ff7279979a0c21.jpg,640,640,knife,306,488,342,520,36,32
knife_886_jpg.rf.941ebd80a1d2d4e0d239015767bfbc8b.jpg,640,640,knife,64,391,138,565,74,174
knife_1206_jpg.rf.942c821f48c9519b40e05e836030d953.jpg,640,640,knife,276,125,347,300,71,175
6_22_2_0006172_jpg.rf.942b4e608c520647f4d85111308128bd.jpg,640,640,gun,281,149,320,246,39,97
Original_Gangstas-Revolver1-1_jpg.rf.9464e37f8974630ef890d8d1c2cc2ea0.jpg,640,640,gun,198,250,279,425,81,175
batch_312_jpg.rf.9436dc748cb6b455b667cacb74aa1286.jpg,640,640,gun,121,77,142,154,21,77
batch_312_jpg.rf.9436dc748cb6b455b667cacb74aa1286.jpg,640,640,gun,146,88,160,134,14,46
batch_312_jpg.rf.9436dc748cb6b455b667cacb74aa1286.jpg,640,640,gun,437,225,499,295,62,70
batch_312_jpg.rf.9436dc748cb6b455b667cacb74aa1286.jpg,640,640,gun,97,552,136,596,39,44
batch_312_jpg.rf.9436dc748cb6b455b667cacb74aa1286.jpg,640,640,gun,432,370,545,533,113,163
1649338738-1570597_jpg.rf.946c2d8f79c96a6ef1c1f06731446d2c.jpg,640,640,knife,252,104,324,640,72,536
1649338733-8368907_jpg.rf.947a182792fe268473dad10602ef7336.jpg,640,640,knife,311,143,397,640,86,497
11_12_2835_jpg.rf.948b819b36855ec382726e2a744ac3a6.jpg,640,640,gun,443,10,540,434,97,424
11_12_2835_jpg.rf.948b819b36855ec382726e2a744ac3a6.jpg,640,640,gun,333,24,454,365,121,341
HoaM-WebleyRICSecond-5_jpg.rf.943f39cfacff624bbddded10fa843f66.jpg,640,640,gun,227,301,455,639,228,338
Cheapd-c03b_jpg.rf.946aa94287395d757b6a4b80c00356b1.jpg,640,640,gun,318,345,385,432,67,87
LMS95-Glock-02_jpg.rf.947de02523e1a2869ca5c98ee979f284.jpg,640,640,gun,157,154,279,374,122,220
knife_272_jpg.rf.946f34952c248ad80200139db4a814d4.jpg,640,640,knife,21,155,496,604,475,449
knife_1038_jpg.rf.94b8d81a3c1be0ffb8bb0f10a6474e3b.jpg,640,640,knife,330,22,531,125,201,103
batch_109_jpg.rf.94a9598757fde204430df1b74905f673.jpg,640,640,gun,220,66,246,94,26,28
batch_109_jpg.rf.94a9598757fde204430df1b74905f673.jpg,640,640,gun,519,79,538,105,19,26
batch_109_jpg.rf.94a9598757fde204430df1b74905f673.jpg,640,640,gun,138,442,156,466,18,24
batch_109_jpg.rf.94a9598757fde204430df1b74905f673.jpg,640,640,gun,503,510,522,535,19,25
batch_201_jpg.rf.946160de8e94830642b133b8ec5f8a82.jpg,640,640,knife,27,78,238,278,211,200
batch_201_jpg.rf.946160de8e94830642b133b8ec5f8a82.jpg,640,640,knife,319,43,639,319,320,276
batch_201_jpg.rf.946160de8e94830642b133b8ec5f8a82.jpg,640,640,knife,60,367,106,619,46,252
batch_201_jpg.rf.946160de8e94830642b133b8ec5f8a82.jpg,640,640,knife,439,509,479,536,40,27
knife_1265_jpg.rf.94db16f22710f46da472c9c58bfe66d4.jpg,640,640,knife,350,249,416,403,66,154
null_image.jpg,640,640,,,,,,0,0
337_jpg.rf.94c8cd3670ec551d3483e03783e0d8a7.jpg,640,640,knife,400,14,489,494,89,480
Gun_2805_jpg.rf.94c6ff6aeb24d771eea287e586d033cb.jpg,640,640,gun,12,16,628,603,616,587
gun_2_1_1__0009795_jpg.rf.9506a465dd2905982cfe437d4cf8e300.jpg,640,640,gun,426,275,458,333,32,58
Gun_2177_jpg.rf.954f03bc9665303303f8c1f29b0c8309.jpg,640,640,gun,50,117,614,579,564,462
6_22_2_0001984_jpg.rf.957062d7df223c0db532f9078e962d10.jpg,640,640,gun,272,213,290,276,18,63
knife_1350_jpg.rf.94eca729b1d8a5eb5f7c43c3e4e07b67.jpg,640,640,knife,243,180,346,286,103,106
20million26_jpg.rf.94de710b9eddf928b9280781e4135303.jpg,640,640,gun,118,528,181,627,63,99
34_jpg.rf.9503f1e0da64c6a5a010691694f4ae70.jpg,640,640,knife,202,17,433,535,231,518
batch_304_jpg.rf.94f440fd052104718d480b8dfbab442b.jpg,640,640,knife,148,78,196,248,48,170
batch_304_jpg.rf.94f440fd052104718d480b8dfbab442b.jpg,640,640,knife,382,65,419,245,37,180
batch_304_jpg.rf.94f440fd052104718d480b8dfbab442b.jpg,640,640,knife,189,389,221,532,32,143
batch_304_jpg.rf.94f440fd052104718d480b8dfbab442b.jpg,640,640,knife,430,454,483,639,53,185
6_22_2_0000756_jpg.rf.951728be8f3afeb7313a91eb7987d4cc.jpg,640,640,gun,273,409,310,501,37,92
batch_154_jpg.rf.9581251e9cfae990d0e9d5deb540e415.jpg,640,640,knife,48,167,78,265,30,98
batch_154_jpg.rf.9581251e9cfae990d0e9d5deb540e415.jpg,640,640,knife,319,3,603,305,284,302
batch_154_jpg.rf.9581251e9cfae990d0e9d5deb540e415.jpg,640,640,knife,0,319,214,558,214,239
batch_154_jpg.rf.9581251e9cfae990d0e9d5deb540e415.jpg,640,640,knife,394,467,424,559,30,92
DefenseKnifeAttack0132_jpg.rf.9567d91b5b019f4feab6aa5858b58afb.jpg,640,640,knife,323,350,367,392,44,42
4389_jpg.rf.953aa4eb645a56aec0b6e7023353c49b.jpg,640,640,knife,443,183,485,295,42,112
knife_269_jpg.rf.95a98b21b87ebdb86fd6a5bd4d4e3a7c.jpg,640,640,knife,51,357,403,523,352,166
6_22_3_0005468_jpg.rf.95a92f4ff1ca0f067bc16fa2f17f5fb5.jpg,640,640,gun,285,134,391,261,106,127
knife_329_jpg.rf.9582282d8817ea273150d848a85ebc70.jpg,640,640,knife,23,203,285,471,262,268
knife_991_jpg.rf.958e18aa3f7646058f6ce9073b360c24.jpg,640,640,knife,157,360,217,517,60,157
Gun_658_jpg.rf.958dbcd9107efdad3df69eb1dfc28ea6.jpg,640,640,gun,392,295,560,476,168,181
Gun_658_jpg.rf.958dbcd9107efdad3df69eb1dfc28ea6.jpg,640,640,gun,297,293,402,476,105,183
6D_608_jpg.rf.959014c2e9f85aaadc3817545db1f80f.jpg,640,640,gun,421,235,488,364,67,129
gun_3_3_1__0002524_jpg.rf.958c25f8774c6ee509b879ff1150d795.jpg,640,640,gun,69,334,143,523,74,189
The_Hunt_For_Eagle_One_1911_-1-_jpg.rf.95a986587f3559e94d368b336e203bf7.jpg,640,640,gun,83,345,215,634,132,289
DefenseKnifeAttack0496_jpg.rf.95b6ff48105025781ee748caf07603c6.jpg,640,640,knife,109,461,215,539,106,78
knife_981_jpg.rf.95bda39caaa4b40e782c7eca965628f2.jpg,640,640,knife,101,507,173,639,72,132
102391038_546_jpg.rf.95d67917cda8cf8dfd319bab85363178.jpg,640,640,gun,442,210,471,243,29,33
Irishman_05_jpg.rf.95e9ecfe6df7df1ff4b5dfaa6dae32b2.jpg,640,640,gun,195,14,569,170,374,156
Irishman_05_jpg.rf.95e9ecfe6df7df1ff4b5dfaa6dae32b2.jpg,640,640,gun,264,109,470,226,206,117
Irishman_05_jpg.rf.95e9ecfe6df7df1ff4b5dfaa6dae32b2.jpg,640,640,gun,463,238,557,345,94,107
Irishman_05_jpg.rf.95e9ecfe6df7df1ff4b5dfaa6dae32b2.jpg,640,640,gun,461,330,529,418,68,88
Irishman_05_jpg.rf.95e9ecfe6df7df1ff4b5dfaa6dae32b2.jpg,640,640,gun,385,228,460,333,75,105
Irishman_05_jpg.rf.95e9ecfe6df7df1ff4b5dfaa6dae32b2.jpg,640,640,gun,379,306,452,410,73,104
Irishman_05_jpg.rf.95e9ecfe6df7df1ff4b5dfaa6dae32b2.jpg,640,640,gun,252,489,344,600,92,111
Irishman_05_jpg.rf.95e9ecfe6df7df1ff4b5dfaa6dae32b2.jpg,640,640,gun,66,61,167,189,101,128
Irishman_05_jpg.rf.95e9ecfe6df7df1ff4b5dfaa6dae32b2.jpg,640,640,gun,43,158,127,263,84,105
Tfatf-coltcom3_jpg.rf.95ed60e00adf487c0683d7a85e5e17ec.jpg,640,640,gun,402,312,507,578,105,266
45_jpg.rf.95ed631e84fd474733e1ffb272830689.jpg,640,640,knife,212,365,434,497,222,132
gun_2_1_1__0009845_jpg.rf.961cb0c54292daa4c00f22405d919bd7.jpg,640,640,gun,485,266,522,334,37,68
knife_103_jpg.rf.960316477079205c2911d6e014105850.jpg,640,640,knife,194,225,603,492,409,267
11_12_351_jpg.rf.95ef9d6729db53a53ebdb0a132ee0092.jpg,640,640,gun,185,172,577,521,392,349
1021114956_11448_jpg.rf.957c597f47d8be604456c59f0b21d168.jpg,640,640,gun,409,105,455,264,46,159
18-14_pistol_3_jpg.rf.95cb4f337c632d1419ffead8313cd643.jpg,640,640,gun,349,166,421,274,72,108
38_jpg.rf.9622a0e2e81d37d07a64983e30114ec0.jpg,640,640,knife,189,9,426,529,237,520
102535031_1442_jpg.rf.96246be50b065d19061af742035a6cd0.jpg,640,640,gun,258,153,390,639,132,486
110_jpg.rf.9611960ffb27cb33d809fa9c4840fc32.jpg,640,640,knife,283,332,320,454,37,122
KravMagaTraining21140_jpg.rf.96229bceb52f059e24700136a34dd7a1.jpg,640,640,knife,369,304,455,409,86,105
Gun_2546_jpg.rf.95fe4c3ead839e8ad4971403347b4f97.jpg,640,640,gun,84,100,241,253,157,153
gun_2_1_1__0007000_jpg.rf.96135a14b83c2b054d89b201b62bd88a.jpg,640,640,gun,59,339,99,377,40,38
batch_365_jpg.rf.9626e5a6c98f99db81ab283c2f78a55e.jpg,640,640,knife,134,67,225,184,91,117
batch_365_jpg.rf.9626e5a6c98f99db81ab283c2f78a55e.jpg,640,640,knife,432,213,447,257,15,44
batch_365_jpg.rf.9626e5a6c98f99db81ab283c2f78a55e.jpg,640,640,knife,82,428,319,510,237,82
batch_365_jpg.rf.9626e5a6c98f99db81ab283c2f78a55e.jpg,640,640,knife,440,425,632,510,192,85
gun_1_649_jpg.rf.96273de256325db1cc1cb4cfba4e029f.jpg,640,640,gun,132,192,311,506,179,314
158_jpg.rf.962ba33307fbdabbf8bdd6226abb9d72.jpg,640,640,knife,225,196,388,439,163,243
KravMagaTraining636_jpg.rf.966a8b59802689e2bb2d6377d0f0e1ec.jpg,640,640,knife,562,395,611,523,49,128
ThBer1_jpg.rf.966dbb4cf00f1f45950eb1270a4197cb.jpg,640,640,gun,20,26,109,180,89,154
knife_875_jpg.rf.963fc43e8cb03fe9966c946a7cc95810.jpg,640,640,knife,14,455,118,640,104,185
KravMagaKnifeDefenseTechniques700_jpg.rf.963ba05dca1425b03f166f178caa7e7e.jpg,640,640,knife,286,334,376,396,90,62
knife_260_jpg.rf.9680f54b579a22de770b8088c3f0e391.jpg,640,640,knife,271,6,371,566,100,560
gun_3_2_1__0002336_jpg.rf.96509a98176a4d47f317f46c082926a7.jpg,640,640,gun,50,281,180,592,130,311
gun_3_1_1__0001096_jpg.rf.9631c1eaafd6c1f4caa2cabcdc3671d6.jpg,640,640,gun,249,354,339,523,90,169
KravMagaKnifeDefenseTechniques176_jpg.rf.96abccb34dc669ba6ed13786f5e347b7.jpg,640,640,knife,208,163,290,271,82,108
Gun_1005_jpg.rf.968c0eaf2afbd4122531a3abd1d43d7b.jpg,640,640,gun,4,16,628,608,624,592
46_jpg.rf.9690ca70ab81fd5e3e56c056238be9e9.jpg,640,640,knife,211,535,238,611,27,76
KravMagaTraining20402_jpg.rf.96818909effb81a192986669280823cd.jpg,640,640,knife,119,242,159,342,40,100
11_12_949_jpg.rf.96798b4684416073b140df1609df9fd2.jpg,640,640,gun,205,132,335,305,130,173
113_jpg.rf.968510c1acbc78259f5917e3e38206b5.jpg,640,640,knife,208,23,469,537,261,514
knife_1222_jpg.rf.96c4c3c254fe9a22eb4403c046a86914.jpg,640,640,knife,316,272,414,414,98,142
knife3_jpg.rf.9673dbb79fcde3afcf343cacc445847e.jpg,640,640,knife,277,77,635,498,358,421
Les_comperes-Revolver-9_jpg.rf.967f16b6bdac6e4b9bb61115e927b9c3.jpg,640,640,gun,195,206,261,342,66,136
29_jpg.rf.96842a540ffdc244599cbb85ff01e29c.jpg,640,640,knife,285,14,396,631,111,617
6_22_1_0003864_jpg.rf.966bd589b537447cf178363d87da1aa1.jpg,640,640,gun,352,28,431,323,79,295
2022-04-15_34_jpg.rf.96932ebbc1820662dd29a1e02a313ee0.jpg,640,640,knife,331,552,362,617,31,65
KravMagaTraining20924_jpg.rf.96a1d25f09ec6ef47d2641164c84fa8a.jpg,640,640,knife,366,426,462,494,96,68
batch_223_jpg.rf.963746465e39ea0f91a62ceeaeee1c25.jpg,640,640,gun,23,50,319,317,296,267
batch_223_jpg.rf.963746465e39ea0f91a62ceeaeee1c25.jpg,640,640,gun,452,49,588,315,136,266
batch_223_jpg.rf.963746465e39ea0f91a62ceeaeee1c25.jpg,640,640,gun,50,470,176,625,126,155
batch_223_jpg.rf.963746465e39ea0f91a62ceeaeee1c25.jpg,640,640,gun,374,423,504,539,130,116
batch_128_jpg.rf.96cafb6da004771878f11d45576ed43a.jpg,640,640,gun,48,156,123,227,75,71
batch_128_jpg.rf.96cafb6da004771878f11d45576ed43a.jpg,640,640,gun,323,1,635,313,312,312
batch_128_jpg.rf.96cafb6da004771878f11d45576ed43a.jpg,640,640,gun,3,324,307,636,304,312
batch_128_jpg.rf.96cafb6da004771878f11d45576ed43a.jpg,640,640,gun,340,427,376,489,36,62
BerettaM92FS-DieHard2-4_jpg.rf.96a1483e1a2a9a1f2d180fb050108fdb.jpg,640,640,gun,7,9,627,631,620,622
gun_4m_static_0002760_jpg.rf.963ade0c1fe2b6c8c833986444b42e18.jpg,640,640,gun,369,264,392,378,23,114
11_12_2004_jpg.rf.9695cd2332c72cd48c55d35ffe38efbf.jpg,640,640,gun,36,59,588,581,552,522
KravMagaKnifeDefenseTechniques365_jpg.rf.96865596ce29beebfba3787c18b53513.jpg,640,640,knife,414,202,498,316,84,114
Le_soleil_des_voyous-MAB-1_jpg.rf.96e16d1f40bab8f6a04935c143520fec.jpg,640,640,gun,252,463,306,541,54,78
The_Bank_Job-Revolver2_jpg.rf.96e43934983abf97d9626d0a015c5b04.jpg,640,640,gun,0,48,425,458,425,410
KravMagaTraining20407_jpg.rf.96c64ee90ca07bffd5656ba95ea2d478.jpg,640,640,knife,309,386,389,451,80,65
batch_145_jpg.rf.96dbd29e4c86779fe97e808b267ccac3.jpg,640,640,knife,11,195,275,305,264,110
batch_145_jpg.rf.96dbd29e4c86779fe97e808b267ccac3.jpg,640,640,knife,404,157,522,313,118,156
batch_145_jpg.rf.96dbd29e4c86779fe97e808b267ccac3.jpg,640,640,knife,43,436,192,626,149,190
batch_145_jpg.rf.96dbd29e4c86779fe97e808b267ccac3.jpg,640,640,knife,501,339,632,463,131,124
RusoClases794_jpg.rf.96e85ca3bae4110137c8ea3eb1561c96.jpg,640,640,knife,465,328,557,402,92,74
knife_122_jpg.rf.96e6249c355e16123b398749ef375d8d.jpg,640,640,knife,9,53,485,568,476,515
KravMagaTraining263_jpg.rf.970cb58d74623d3ee6c6d85c493d12e3.jpg,640,640,knife,204,80,277,197,73,117
ManiacCop3Beretta92F3_jpg.rf.9725b446554dfba590d182abe51e8c08.jpg,640,640,gun,160,99,251,400,91,301
KravMagaTraining565_jpg.rf.970f6d48fc1cb514eb1e8beb06b0783c.jpg,640,640,knife,476,281,533,454,57,173
knife_1306_jpg.rf.9749eeb3d685e3fd3bd3f68666a5ecc7.jpg,640,640,knife,348,216,406,367,58,151
6_22_4_0001292_jpg.rf.9738a8d912313f356aa6df7deaa832fa.jpg,640,640,gun,227,157,280,258,53,101
IllegalTender-Unknown-1_jpg.rf.971a5b109df7905ac33354d66cef4add.jpg,640,640,gun,172,40,387,581,215,541
batch_285_jpg.rf.975e1d3b1a6ccbf757185e3056dd1ec8.jpg,640,640,knife,63,184,99,295,36,111
batch_285_jpg.rf.975e1d3b1a6ccbf757185e3056dd1ec8.jpg,640,640,knife,383,184,419,296,36,112
batch_285_jpg.rf.975e1d3b1a6ccbf757185e3056dd1ec8.jpg,640,640,knife,42,493,77,584,35,91
batch_285_jpg.rf.975e1d3b1a6ccbf757185e3056dd1ec8.jpg,640,640,knife,455,489,490,522,35,33
28WL_m21_jpg.rf.971136ea7b51c815f3c82bd97ca1c51b.jpg,640,640,gun,35,380,638,625,603,245
KravMagaTraining20098_jpg.rf.971e64778aa90c8036cadb025cd35854.jpg,640,640,knife,132,454,218,516,86,62
153_jpg.rf.972db6e2bb46e06cb2ffddfbc866c955.jpg,640,640,knife,231,338,483,574,252,236
DefenseKnifeAttack0500_jpg.rf.9752b94d9cefc826d2ffbab7df321cf7.jpg,640,640,knife,126,396,219,501,93,105
batch_228_jpg.rf.97ab0895c3df7935f07498503b0908e9.jpg,640,640,knife,151,245,179,261,28,16
batch_228_jpg.rf.97ab0895c3df7935f07498503b0908e9.jpg,640,640,knife,335,51,535,304,200,253
batch_228_jpg.rf.97ab0895c3df7935f07498503b0908e9.jpg,640,640,knife,47,475,276,611,229,136
batch_228_jpg.rf.97ab0895c3df7935f07498503b0908e9.jpg,640,640,knife,330,339,529,545,199,206
knife_86_jpg.rf.977b86884e6594a26900ee342e6f6a17.jpg,640,640,knife,208,6,619,639,411,633
knife_1122_jpg.rf.97945258c6ca2d40654145f0286745d1.jpg,640,640,knife,84,0,292,470,208,470
DefenseKnifeAttack0428_jpg.rf.97e2090000c20f7fd3133cb34495bce0.jpg,640,640,knife,177,531,271,615,94,84
gun_2_1_1__0002225_jpg.rf.976e6ada15e39d75dccd380657a00e95.jpg,640,640,gun,137,362,171,398,34,36
Kommissar_X-3-Revolver-9_jpg.rf.977d7f1d9b71f5d11adb0b9073c75756.jpg,640,640,gun,309,178,374,391,65,213
knife_874_jpg.rf.97ea36d43428ac2551a5d7e81f0855b2.jpg,640,640,knife,49,472,129,639,80,167
null_image.jpg,640,640,,,,,,0,0
6_22_4_0011596_jpg.rf.9780c7b3d4484bc97928f3ac259ed257.jpg,640,640,gun,184,118,217,178,33,60
DSC_00291_JPG_jpg.rf.97fdbc02fa90e078edc9d4f2adeaf48b.jpg,640,640,knife,289,297,363,341,74,44
51_jpg.rf.971569cfb33cd546aa73ff714223afb9.jpg,640,640,knife,203,0,417,474,214,474
gun_3_3_1__0001012_jpg.rf.97b33286b405e76a9704bc4794b5b352.jpg,640,640,gun,188,253,239,443,51,190
knife_828_jpg.rf.978c7d4446c85fa803feb06778d571e3.jpg,640,640,knife,112,455,290,574,178,119
Gun_182_jpg.rf.973c882c92601ba36e2a9b5f32a4afcf.jpg,640,640,gun,116,34,450,403,334,369
knife_1128_jpg.rf.980d306afe30ba1a69eccc3f5375c3cd.jpg,640,640,knife,293,377,397,485,104,108
DefenseKnifeAttack1224_jpg.rf.98456a52801c84c74a14c1b3ad4fc269.jpg,640,640,knife,303,367,399,447,96,80
6_22_3_0004812_jpg.rf.9826aacec1a335638e26284534bce5a1.jpg,640,640,gun,131,164,209,243,78,79
48_jpg.rf.98073b3277072ac36df3630416659290.jpg,640,640,knife,269,491,322,546,53,55
342_jpg.rf.97be6fd9a3114785bf86bcdecfc5603a.jpg,640,640,knife,402,5,483,523,81,518
KravMagaKnifeDefenseTechniques101_jpg.rf.981c70235c61bc92c7ec82b1821c88c8.jpg,640,640,knife,178,316,251,413,73,97
6_22_2_0002276_jpg.rf.9810681abd931ba4ad75fd7dd1745b9d.jpg,640,640,gun,212,406,251,488,39,82
batch_148_jpg.rf.9826fbc964b0f8ae8b57092a60d7c2ff.jpg,640,640,knife,92,16,139,50,47,34
batch_148_jpg.rf.9826fbc964b0f8ae8b57092a60d7c2ff.jpg,640,640,knife,417,12,464,49,47,37
batch_148_jpg.rf.9826fbc964b0f8ae8b57092a60d7c2ff.jpg,640,640,knife,117,374,157,414,40,40
batch_148_jpg.rf.9826fbc964b0f8ae8b57092a60d7c2ff.jpg,640,640,knife,338,444,502,633,164,189
knife_1212_jpg.rf.98561e85b0019016e9d52680baa9a75a.jpg,640,640,knife,281,397,356,471,75,74
Memories_of_Murder_revolver_1_6_jpg.rf.9866289a96a8416b635db9f731d2d02c.jpg,640,640,gun,200,0,470,639,270,639
334_jpg.rf.98274821c62eb600a723887ef335c385.jpg,640,640,knife,379,8,485,531,106,523
batch_361_jpg.rf.9868081ab13eec05547e3715e1c1c247.jpg,640,640,gun,129,156,200,243,71,87
batch_361_jpg.rf.9868081ab13eec05547e3715e1c1c247.jpg,640,640,gun,377,34,560,252,183,218
batch_361_jpg.rf.9868081ab13eec05547e3715e1c1c247.jpg,640,640,gun,38,403,113,517,75,114
batch_361_jpg.rf.9868081ab13eec05547e3715e1c1c247.jpg,640,640,gun,387,434,479,521,92,87
KravMagaTraining4628_jpg.rf.983cc73d9ead9030f6c73c88291bfd74.jpg,640,640,knife,109,111,185,265,76,154
gun_3_1_1__0001728_jpg.rf.9893626dce086c053edcdf6a2b808327.jpg,640,640,gun,262,191,349,416,87,225
knife_150_jpg.rf.98592ca21b7ec9ae78d74e9e8253ff63.jpg,640,640,knife,309,205,365,298,56,93
knife_150_jpg.rf.98592ca21b7ec9ae78d74e9e8253ff63.jpg,640,640,knife,168,274,237,319,69,45
7_7_asd_00144618_jpg.rf.987ba631ec37254d7742729147c8a5b4.jpg,640,640,gun,235,315,329,376,94,61
23_jpg.rf.98792c0548f2f49c1b93cfb59ff9a5d7.jpg,640,640,knife,308,481,335,517,27,36
1011133951_170_jpg.rf.9870d1104a8809095f0e05771ddfc293.jpg,640,640,gun,214,151,617,361,403,210
HebrewH_110_jpg.rf.98bcdacb4167f5d7e04c018c687baf1b.jpg,640,640,gun,217,160,361,423,144,263
HebrewH_110_jpg.rf.98bcdacb4167f5d7e04c018c687baf1b.jpg,640,640,gun,70,319,221,561,151,242
175_jpg.rf.98964204456381fa7ca5990c7405aef0.jpg,640,640,knife,242,197,471,240,229,43
knife_331_jpg.rf.98cd2a3db1d599cc05e952199650d997.jpg,640,640,knife,8,344,340,627,332,283
7_7_asd_00132090_jpg.rf.98f5c6fabd5b8feb9cb655e8f17b052f.jpg,640,640,gun,370,251,386,288,16,37
knife_357_jpg.rf.98f1dd8a0b3f0f4bbec73e9325eb5320.jpg,640,640,knife,14,354,618,549,604,195
Recoil-Glock-13_jpg.rf.98b7f517f77307e1627f6dfe71db80ba.jpg,640,640,gun,507,355,634,469,127,114
7_7_asd_00128068_jpg.rf.987aa512d9b9cdf02ee58134765faf3f.jpg,640,640,gun,85,337,197,470,112,133
knife_180_jpg.rf.98c8e1575b6f4fe9fdb451458c553d91.jpg,640,640,knife,56,157,479,557,423,400
batch_23_jpg.rf.98e9ed235ad0ab19bf37b9ee17f34d64.jpg,640,640,knife,133,16,170,52,37,36
batch_23_jpg.rf.98e9ed235ad0ab19bf37b9ee17f34d64.jpg,640,640,knife,446,26,484,65,38,39
batch_23_jpg.rf.98e9ed235ad0ab19bf37b9ee17f34d64.jpg,640,640,knife,52,451,72,496,20,45
batch_23_jpg.rf.98e9ed235ad0ab19bf37b9ee17f34d64.jpg,640,640,knife,534,340,562,372,28,32
knife_202_jpg.rf.98cc1b24741914db25b8adbb6ba254e0.jpg,640,640,knife,79,112,416,551,337,439
batch_63_jpg.rf.99338b3be4117f0c63347970bf105b88.jpg,640,640,gun,206,169,226,189,20,20
batch_63_jpg.rf.99338b3be4117f0c63347970bf105b88.jpg,640,640,gun,547,163,568,183,21,20
batch_63_jpg.rf.99338b3be4117f0c63347970bf105b88.jpg,640,640,gun,229,485,251,503,22,18
batch_63_jpg.rf.99338b3be4117f0c63347970bf105b88.jpg,640,640,gun,601,485,620,503,19,18
Phantomparadise2_jpg.rf.98c1026351fbcdcc0f95b26f25abb1fb.jpg,640,640,gun,0,49,528,435,528,386
1649338751-1466596_jpg.rf.99033187adff85841fb8ebb4a2b97044.jpg,640,640,knife,120,0,425,554,305,554
knife_778_jpg.rf.98a89cf671f6a0afe73cb74a9a9ae47d.jpg,640,640,knife,375,143,438,374,63,231
KravMagaTraining253_jpg.rf.98f0ed691fed486d4fb5ff080a258056.jpg,640,640,knife,193,40,273,146,80,106
7_7_asd_00140672_jpg.rf.98d473dda29b5c27bb80d57245b8bc5e.jpg,640,640,gun,145,262,269,473,124,211
knife_1264_jpg.rf.98c385b0ac70f76fc6810b40ba7b2d34.jpg,640,640,knife,448,165,515,302,67,137
batch_277_jpg.rf.992e7dfb621bc6b110235a34d664562a.jpg,640,640,knife,146,159,155,200,9,41
batch_277_jpg.rf.992e7dfb621bc6b110235a34d664562a.jpg,640,640,knife,453,45,534,205,81,160
batch_277_jpg.rf.992e7dfb621bc6b110235a34d664562a.jpg,640,640,knife,76,546,90,582,14,36
batch_277_jpg.rf.992e7dfb621bc6b110235a34d664562a.jpg,640,640,knife,448,323,519,600,71,277
gun_2_1_1__0004185_jpg.rf.99274cfe03687790e4f0f00b0c27ae19.jpg,640,640,gun,308,277,330,324,22,47
00000039_jpg.rf.9936451313f592d45a1b4834b31de640.jpg,640,640,gun,170,255,404,406,234,151
00000039_jpg.rf.9936451313f592d45a1b4834b31de640.jpg,640,640,gun,260,306,426,462,166,156
00000039_jpg.rf.9936451313f592d45a1b4834b31de640.jpg,640,640,gun,6,170,391,405,385,235
6_22_3_0003544_jpg.rf.9913193a18535771703cc6fdedaedde7.jpg,640,640,gun,154,127,214,300,60,173
KravMagaTraining626_jpg.rf.993d398bf089cbc465ea43de62f3e3e0.jpg,640,640,knife,577,294,599,425,22,131
1649338738-8370717_jpg.rf.98fac3ff0f8f2fba1895e45f1a82b3cb.jpg,640,640,knife,233,84,318,640,85,556
28_jpg.rf.993e80f8a83283805cfe7d6bcb14ff5d.jpg,640,640,knife,406,557,500,589,94,32
gun_2_1_1__0005780_jpg.rf.9954691425fb951171d3215ab322bc82.jpg,640,640,gun,276,343,316,389,40,46
knife_531_jpg.rf.996563ac0e0de4407e4653717eb23c78.jpg,640,640,knife,16,210,526,609,510,399
batch_237_jpg.rf.998874a4dcef61066fbdcfb3883da9cf.jpg,640,640,knife,127,214,145,249,18,35
batch_237_jpg.rf.998874a4dcef61066fbdcfb3883da9cf.jpg,640,640,knife,151,213,166,247,15,34
batch_237_jpg.rf.998874a4dcef61066fbdcfb3883da9cf.jpg,640,640,knife,160,139,192,211,32,72
batch_237_jpg.rf.998874a4dcef61066fbdcfb3883da9cf.jpg,640,640,knife,164,480,184,546,20,66
batch_237_jpg.rf.998874a4dcef61066fbdcfb3883da9cf.jpg,640,640,knife,187,478,200,544,13,66
batch_237_jpg.rf.998874a4dcef61066fbdcfb3883da9cf.jpg,640,640,knife,125,535,145,569,20,34
batch_237_jpg.rf.998874a4dcef61066fbdcfb3883da9cf.jpg,640,640,knife,359,330,527,625,168,295
batch_237_jpg.rf.998874a4dcef61066fbdcfb3883da9cf.jpg,640,640,knife,439,213,467,253,28,40
batch_237_jpg.rf.998874a4dcef61066fbdcfb3883da9cf.jpg,640,640,knife,472,213,490,247,18,34
batch_237_jpg.rf.998874a4dcef61066fbdcfb3883da9cf.jpg,640,640,knife,478,138,513,213,35,75
knife_608_jpg.rf.997e15eae071d8466855ad0ca55e810e.jpg,640,640,knife,323,237,477,369,154,132
knife_359_jpg.rf.994555f125303806596329d1771b422c.jpg,640,640,knife,300,300,622,558,322,258
6_22_2_0002740_jpg.rf.9979112ee8cc96d5fa0cbdf303e11c9d.jpg,640,640,gun,174,96,223,166,49,70
132_jpg.rf.99a187a296066c944c4dc9005587cd4d.jpg,640,640,knife,405,86,539,363,134,277
KravMagaTraining344_jpg.rf.9971ff06249ccfc833ab7c4d51d05456.jpg,640,640,knife,303,231,326,358,23,127
knife_1224_jpg.rf.9969044b56350d5b453ef9e6074efa39.jpg,640,640,knife,378,260,460,382,82,122
Kac_warzone_revolver_jpg.rf.99cd7fab8cde5f9eb286f2008aaabfef.jpg,640,640,gun,72,34,614,563,542,529
batch_268_jpg.rf.99550b1edfb49668095fbbefc05d5051.jpg,640,640,gun,140,54,262,210,122,156
batch_268_jpg.rf.99550b1edfb49668095fbbefc05d5051.jpg,640,640,gun,441,165,563,294,122,129
batch_268_jpg.rf.99550b1edfb49668095fbbefc05d5051.jpg,640,640,gun,53,389,98,486,45,97
batch_268_jpg.rf.99550b1edfb49668095fbbefc05d5051.jpg,640,640,gun,490,410,588,604,98,194
Frightener_25_jpg.rf.99a8dcb5707d03d9fd7f34775c90cb19.jpg,640,640,gun,276,97,336,382,60,285
KravMagaKnifeDefenseTechniques246_jpg.rf.99a354acb12081e8b5568b4b790e1c46.jpg,640,640,knife,369,164,445,212,76,48
knife_1308_jpg.rf.9a0dcbfa80771b29bc3d1dd527d16f7c.jpg,640,640,knife,235,300,320,394,85,94
knife_383_jpg.rf.99cbeefe9143c5c09d2f033d1c9ebacc.jpg,640,640,knife,103,109,523,584,420,475
DSC_0001_JPG_jpg.rf.9a16fb62d3b10cf5d4b16bcf7a2775e9.jpg,640,640,knife,291,325,358,379,67,54
KravMagaKnifeDefenseTechniques056_jpg.rf.99f8cea891300cfe0dbb1930d12660e2.jpg,640,640,knife,283,351,351,411,68,60
137_jpg.rf.9a1a8d89890c1b2a41ad0f1176101df5.jpg,640,640,knife,115,131,314,428,199,297
266_jpg.rf.99ab68e418799d3770cfb4feae1a2fb4.jpg,640,640,knife,154,233,523,330,369,97
102312856_3747_jpg.rf.9a0407f8648756625b67d60e396630bc.jpg,640,640,gun,321,211,356,289,35,78
DefenseKnifeAttack0399_jpg.rf.99e113da6bbeef67f89524fbbff770cd.jpg,640,640,knife,148,463,252,535,104,72
101116391_189_jpg.rf.9a28e7f4e6f7d5bf8031c7a20b78a01b.jpg,640,640,gun,63,74,468,582,405,508
null_image.jpg,640,640,,,,,,0,0
DefenseKnifeAttack0342_jpg.rf.998bff1a2e8504941dbbe9dc1d1956c1.jpg,640,640,knife,206,457,286,535,80,78
7_7_asd_00096950_jpg.rf.9a4d8cc6ae7c76170dac0ebfa328b8d2.jpg,640,640,gun,491,293,544,442,53,149
7_7_asd_00096950_jpg.rf.9a4d8cc6ae7c76170dac0ebfa328b8d2.jpg,640,640,gun,344,222,379,378,35,156
10255638_2100_jpg.rf.9a73f4bc50bd59b7b337f79528d531d2.jpg,640,640,gun,238,366,369,634,131,268
RJ-00616_jpg.rf.99bbe5f8db9390b72e8f22db0e9e2bc5.jpg,640,640,gun,41,77,141,524,100,447
TM-Glisenti-5A_jpg.rf.9a1b29deb86c4c4a5ef5496c65d94747.jpg,640,640,gun,270,107,335,268,65,161
knife_770_jpg.rf.9a4d4f18bf2791b5086241dc31a74a1d.jpg,640,640,knife,60,60,124,255,64,195
6_22_2_0005184_jpg.rf.9a74cde599dafd4dbb7f79023df4e4f4.jpg,640,640,gun,315,122,359,220,44,98
knife_885_jpg.rf.99a9a84d22053cf2bce0ab4b0db6be0c.jpg,640,640,knife,98,336,166,547,68,211
KravMagaKnifeDefenseTechniques024_jpg.rf.9a6b04954d7bf9a993a6d63dbabda703.jpg,640,640,knife,184,548,245,624,61,76
Mauser_Schebenbuchse_jpg.rf.9a7bd96eaf436fe1bdf18fb2b9f6bb68.jpg,640,640,gun,4,8,624,572,620,564
batch_182_jpg.rf.9a59517db9390853bd973d533b193d25.jpg,640,640,knife,81,48,315,306,234,258
batch_182_jpg.rf.9a59517db9390853bd973d533b193d25.jpg,640,640,knife,478,262,497,296,19,34
batch_182_jpg.rf.9a59517db9390853bd973d533b193d25.jpg,640,640,knife,66,387,149,530,83,143
batch_182_jpg.rf.9a59517db9390853bd973d533b193d25.jpg,640,640,knife,503,510,572,609,69,99
knife_802_jpg.rf.9a64aa3af19a394940f94d5c18973ee4.jpg,640,640,knife,305,222,452,360,147,138
6_22_2_0000252_jpg.rf.9a159d130b39b286ab18ef6c299401fc.jpg,640,640,gun,245,131,277,228,32,97
11_12_1388_jpg.rf.9a48d8a0c67d1c7fdd8b7cae241afe68.jpg,640,640,gun,0,183,175,573,175,390
11_12_1388_jpg.rf.9a48d8a0c67d1c7fdd8b7cae241afe68.jpg,640,640,gun,105,157,343,535,238,378
11_12_1388_jpg.rf.9a48d8a0c67d1c7fdd8b7cae241afe68.jpg,640,640,gun,265,160,488,502,223,342
11_12_1388_jpg.rf.9a48d8a0c67d1c7fdd8b7cae241afe68.jpg,640,640,gun,382,118,625,463,243,345
11_12_1388_jpg.rf.9a48d8a0c67d1c7fdd8b7cae241afe68.jpg,640,640,gun,543,145,637,395,94,250
DSC_0067_JPG_jpg.rf.9a9164c67acfd9d52ea205ce7f115728.jpg,640,640,knife,257,425,277,520,20,95
KravMagaTraining20715_jpg.rf.9abd3665bd2b3693a8cbc94ca7d8248f.jpg,640,640,knife,185,509,282,566,97,57
knife_935_jpg.rf.9a7b5522374e0d9d0e3603111dddb148.jpg,640,640,knife,97,346,163,531,66,185
Gun_2871_jpg.rf.9a860f350e6fa797a5de4869a927d1e0.jpg,640,640,gun,125,193,249,380,124,187
1649338724-1677783_jpg.rf.9ac3e78c304934d35a94245a2ee9e049.jpg,640,640,knife,366,219,439,639,73,420
Direct_Hit-SP89-2_jpg.rf.9aad8086a0048cdcae27f7edacc47c9f.jpg,640,640,gun,270,351,555,637,285,286
KravMagaTraining355_jpg.rf.9acb196026db6fbaddb6dbd757f74fbe.jpg,640,640,knife,183,105,219,217,36,112
ItLoD4W_pistol_2_10_jpg.rf.9b5619a24f88c002b73ebcc6a5f29476.jpg,640,640,gun,136,162,243,297,107,135
gun_4m_static_0001632_jpg.rf.9af18d8f7a3ad724b7f2be934cfb864a.jpg,640,640,gun,565,249,640,342,75,93
knife_1340_jpg.rf.9adfd1032b9e023c32453eee7f42464b.jpg,640,640,knife,335,274,416,423,81,149
Neopup_PAW20_drum_jpg.rf.9b20619ebbfcc579ded0b3ff52590940.jpg,640,640,gun,1,51,634,630,633,579
null_image.jpg,640,640,,,,,,0,0
1011185144_1455_jpg.rf.9b510fe7210766823784033d95345e3f.jpg,640,640,gun,0,0,591,568,591,568
BSWaltherP5C-1_jpg.rf.9a9b9fb03a648a1b6f8d8825f9d1ea33.jpg,640,640,gun,235,108,336,351,101,243
Moscow_Heat-Pistol2-13_jpg.rf.9a945dce5a3352644d937cca6d73a9c2.jpg,640,640,gun,304,100,503,602,199,502
batch_40_jpg.rf.9ab3a973b430ca04e27e383a154de590.jpg,640,640,knife,237,87,260,157,23,70
batch_40_jpg.rf.9ab3a973b430ca04e27e383a154de590.jpg,640,640,knife,412,32,448,74,36,42
batch_40_jpg.rf.9ab3a973b430ca04e27e383a154de590.jpg,640,640,knife,127,431,152,509,25,78
batch_40_jpg.rf.9ab3a973b430ca04e27e383a154de590.jpg,640,640,knife,442,415,458,473,16,58
1649338727-4769866_jpg.rf.9aee4f472ba2960489314b045530da49.jpg,640,640,knife,383,130,469,573,86,443
OP_M4_jpg.rf.998323cf458cb006d8e44b9b9cc1d647.jpg,640,640,gun,60,224,343,452,283,228
2022-04-21_437_jpg.rf.9adfd23cf622af17b7051e7111ff59fa.jpg,640,640,knife,420,509,442,566,22,57
knife_145_jpg.rf.9b65a598d214ddc76f41fed54c69aa0f.jpg,640,640,knife,22,230,589,406,567,176
KravMagaKnifeDefenseTechniques162_jpg.rf.9b1b4bee3dd49358628e2fce01b81ef5.jpg,640,640,knife,215,169,300,266,85,97
sharpenKnife000_jpg.rf.9b6984170a0735ebb161e2de4682200f.jpg,640,640,knife,340,492,512,593,172,101
1023131655_8418_jpg.rf.9b2249a7c3d447f33db60dfe32626fc3.jpg,640,640,gun,257,216,323,332,66,116
null_image.jpg,640,640,,,,,,0,0
6_22_4_0006172_jpg.rf.9b6d2a61ae2dddd8cddf6819ae06833b.jpg,640,640,gun,315,163,342,253,27,90
KravMagaTraining641_jpg.rf.9b74e499fb6c1effa9a7710c13e3ddfe.jpg,640,640,knife,498,283,570,317,72,34
11_12_1604_jpg.rf.9b776a6db20c8ca906a5c29b015c2d34.jpg,640,640,gun,29,82,332,296,303,214
knife_1273_jpg.rf.9b527d4346f33819fdbb0e6494403490.jpg,640,640,knife,110,222,194,342,84,120
00001007_jpg.rf.9b91668f0df83431445e21eba7ab01e4.jpg,640,640,gun,20,38,615,559,595,521
knife_288_jpg.rf.9ba8a0008335fda77357147b965a002e.jpg,640,640,knife,288,175,639,300,351,125
knife_201_jpg.rf.9bb3e3e4f7f63fcdf8a84b7fdba26408.jpg,640,640,knife,46,66,428,423,382,357
DSC_0018_JPG_jpg.rf.9bfec7fb214464b4c376816b09cafa1d.jpg,640,640,knife,206,357,271,432,65,75
knife_732_jpg.rf.9b8a16eaffb3212b8b148e3c6fa1e069.jpg,640,640,knife,305,163,387,438,82,275
88_jpg.rf.9c129386aa73bfcde818a8dbcc714e95.jpg,640,640,knife,311,468,352,517,41,49
KravMagaTraining20626_jpg.rf.9bd25fda78d9361d686e39214bdab861.jpg,640,640,knife,277,399,354,462,77,63
102110114_4230_jpg.rf.9b95bea88a185005a16818191bd62658.jpg,640,640,gun,309,100,388,247,79,147
THPIIIP99_jpg.rf.9c36da4e212213b06bb90b29bbb65852.jpg,640,640,gun,168,156,361,470,193,314
102417342_3046_jpg.rf.9bb433fd7ded7ce465d679ee0c2b122f.jpg,640,640,gun,169,288,266,472,97,184
knife_163_jpg.rf.9baaf46f8f5137c5439da6d50cd53f89.jpg,640,640,knife,23,14,572,558,549,544
knife_280_jpg.rf.9c48e7d7df359e4ec50710bbaeb3e88a.jpg,640,640,knife,17,1,631,634,614,633
NJC081_jpg.rf.9bf6c76473138e41fdb5dcc735829c9a.jpg,640,640,gun,242,449,345,635,103,186
NJC081_jpg.rf.9bf6c76473138e41fdb5dcc735829c9a.jpg,640,640,gun,56,443,191,639,135,196
Gun_838_jpg.rf.9bd94c681e5a815744f49ef68cabebc5.jpg,640,640,gun,107,225,275,460,168,235
DSC_00101_JPG_jpg.rf.9bc104b2127f5605c2b8d9699b49aadc.jpg,640,640,knife,335,351,357,438,22,87
6_22_2_0005256_jpg.rf.9c552a70fd876630aa9a8869e03bdcaa.jpg,640,640,gun,127,99,168,189,41,90
gun_3_2_1__0001752_jpg.rf.9c424a37c11a4251a4663649b26e03dd.jpg,640,640,gun,169,272,274,585,105,313
gun_3_2_1__0002908_jpg.rf.9c46ad5ce70ef84c4e91664c496ab947.jpg,640,640,gun,271,393,339,605,68,212
knife_954_jpg.rf.9c1ab3596685e5bf2b060a03692bc89f.jpg,640,640,knife,57,485,123,639,66,154
126_jpg.rf.9c53eef22372eeab4cbed1261e6a14aa.jpg,640,640,knife,126,142,329,411,203,269
11_12_2854_jpg.rf.9c64896ac5710e7c8b6fd9cf32fb5062.jpg,640,640,gun,213,0,507,624,294,624
ia_100000529_jpg.rf.9bb4eb939f1c1686b9399c5bed8332d4.jpg,640,640,gun,72,437,263,610,191,173
4381_jpg.rf.9c326796211bd7052bea3c6ed8ba2218.jpg,640,640,knife,429,146,491,262,62,116
159_jpg.rf.9ca034940d7d50ce23357b7c90e03b42.jpg,640,640,knife,412,278,506,640,94,362
knife_136_jpg.rf.9ca5d8b527440b3dee43b0233afb917a.jpg,640,640,knife,119,60,426,505,307,445
KravMagaTraining659_jpg.rf.9c533be47f9f94b921cad2e57212334e.jpg,640,640,knife,423,290,449,418,26,128
194_jpg.rf.9cb0327644f742562436bc25e029603c.jpg,640,640,knife,140,263,529,351,389,88
KravMagaKnifeDefenseTechniques197_jpg.rf.9c468702dd3f6fa16688c309c3e9e416.jpg,640,640,knife,248,238,336,336,88,98
14_jpg.rf.9d018ed2976ff2838c1db44115648f5a.jpg,640,640,knife,303,515,339,574,36,59
gun_2_1_1__0004315_jpg.rf.9c886887b6e91eccb1cd86c7c5a33b13.jpg,640,640,gun,206,285,231,336,25,51
Bravo_V-Murdered_jpg.rf.9cffea026ece18db54b795b7ed3b34bf.jpg,640,640,gun,280,139,365,283,85,144
DSC_00121_JPG_jpg.rf.9cb13ae805a349624c4d668ad8d08849.jpg,640,640,knife,335,258,360,327,25,69
TRK-S-W5906-2_jpg.rf.9cb9d2bca9843834ad1028329299b06d.jpg,640,640,gun,221,194,271,400,50,206
gun_3_1_1__0002552_jpg.rf.9d6105746c4bd8be40d4608b121bf94c.jpg,640,640,gun,256,294,316,526,60,232
6_22_2_0003232_jpg.rf.9cb4c133c62acf63e785972b70b13a81.jpg,640,640,gun,281,372,310,455,29,83
sharpenKnife194_jpg.rf.9cc1ddccdaebb7f130f3d5b57e2dfecf.jpg,640,640,knife,311,327,430,421,119,94
knife_1220_jpg.rf.9d1aa831e17b44cc755eb5da65b0bcff.jpg,640,640,knife,228,446,324,604,96,158
Daf-cds2_jpg.rf.9d0f6485eb08b9233febf3f3164a859e.jpg,640,640,gun,381,164,490,392,109,228
DSC_00591_JPG_jpg.rf.9c4b45def67c9dcb9db55c1fa8f75950.jpg,640,640,knife,212,339,257,499,45,160
knife_163_jpg.rf.9d9c2743218104e6aa20871ea48c23d9.jpg,640,640,knife,23,0,583,542,560,542
2022-04-15_17_jpg.rf.9dcf974aad847d2903864533fc81aaea.jpg,640,640,knife,248,490,269,559,21,69
batch_222_jpg.rf.9d352d972e74190a065338f0fe8d3968.jpg,640,640,knife,152,261,165,276,13,15
batch_222_jpg.rf.9d352d972e74190a065338f0fe8d3968.jpg,640,640,knife,453,66,522,309,69,243
batch_222_jpg.rf.9d352d972e74190a065338f0fe8d3968.jpg,640,640,knife,29,358,318,514,289,156
batch_222_jpg.rf.9d352d972e74190a065338f0fe8d3968.jpg,640,640,knife,379,432,445,552,66,120
null_image.jpg,640,640,,,,,,0,0
Webley-RIC450_jpg.rf.9de88fecba6ca239ca3141e06b6f1e1c.jpg,640,640,gun,13,25,633,626,620,601
6_22_4_0002520_jpg.rf.9d714b0350f50fe10723d1ef392ee8b8.jpg,640,640,gun,493,205,568,314,75,109
sharpenKnife300_jpg.rf.9d2ca19e35f81840770e342a45a55830.jpg,640,640,knife,278,151,640,480,362,329
knife41_jpg.rf.9ca5a43a2d938267f1ace0ba0b1e46b7.jpg,640,640,knife,56,69,610,582,554,513
KahrK9_jpg.rf.9db3bb06ca6b9612b11b19036fd24036.jpg,640,640,gun,424,238,521,440,97,202
gun1_5m_static_0000552_jpg.rf.9dec3263cc6f197d706be5474fa43504.jpg,640,640,gun,220,311,280,408,60,97
knife_518_jpg.rf.9d82be4fb9b4b3232f86b8c1b9bd1041.jpg,640,640,knife,182,25,349,559,167,534
M3_Grease_jpg.rf.9ded33dbe5bfece8bf405c25a6d8674b.jpg,640,640,gun,9,12,629,623,620,611
6_22_2_0000600_jpg.rf.9dc90e9ba3e4263e34b7bcdc06fb4b9b.jpg,640,640,gun,313,7,356,102,43,95
KravMagaTraining743_jpg.rf.9c807692d7e3bb93fa63f561d654cbbc.jpg,640,640,knife,399,156,465,238,66,82
10231336_7467_jpg.rf.9e1ea7644649ea40920f3af6c6185515.jpg,640,640,gun,310,212,359,274,49,62
knife_916_jpg.rf.9df2f384abf67db125ed3cbab469438c.jpg,640,640,knife,60,445,125,639,65,194
knife_1337_jpg.rf.9e541dfdc9de0409887c565aa654c779.jpg,640,640,knife,185,220,265,298,80,78
1649338734-836221_jpg.rf.9e28ffa32d15452ac4aa1120f025a40d.jpg,640,640,knife,299,232,368,640,69,408
gun1_6m_static_0002296_jpg.rf.9e2e60e9bd38f63b471370acfa847750.jpg,640,640,gun,316,306,335,376,19,70
6_22_1_0005600_jpg.rf.9df4127fd32a30602e1d3a2c98e241a4.jpg,640,640,gun,191,242,309,489,118,247
batch_31_jpg.rf.9ef2cd875b3b9c6933d368914cfcb99b.jpg,640,640,gun,30,135,178,268,148,133
batch_31_jpg.rf.9ef2cd875b3b9c6933d368914cfcb99b.jpg,640,640,gun,495,180,564,298,69,118
batch_31_jpg.rf.9ef2cd875b3b9c6933d368914cfcb99b.jpg,640,640,gun,86,541,161,639,75,98
batch_31_jpg.rf.9ef2cd875b3b9c6933d368914cfcb99b.jpg,640,640,gun,394,453,504,540,110,87
KravMagaKnifeDefenseTechniques267_jpg.rf.9e64662f21f2369542657deb6f0e388f.jpg,640,640,knife,338,238,451,319,113,81
Recoil-Beretta92Inox-5_jpg.rf.9e0cf031b06113a7b3c9140b8851fd1e.jpg,640,640,gun,33,187,144,292,111,105
Recoil-Beretta92Inox-5_jpg.rf.9e0cf031b06113a7b3c9140b8851fd1e.jpg,640,640,gun,150,198,255,312,105,114
Operationcondor66_jpg.rf.9e642919f48d2dc34b92cdb2f53b2177.jpg,640,640,gun,347,101,457,295,110,194
knife_425_jpg.rf.9df4b6d04ead90a09aa33e38d0fd0d9a.jpg,640,640,knife,5,28,571,639,566,611
DSC_00471_JPG_jpg.rf.9ee3136021cf00c8c4055e63df3f05e5.jpg,640,640,knife,296,388,334,504,38,116
knife_40_jpg.rf.9e23b2d01b9394efccb6969b8f5711cd.jpg,640,640,knife,108,51,622,529,514,478
gun_4m_static_0003376_jpg.rf.9eb7a9404a91373f14edf8588f034bdf.jpg,640,640,gun,351,376,389,480,38,104
180_jpg.rf.9f043a954522e6816122035edf26d553.jpg,640,640,knife,297,502,328,623,31,121
Gun_98_jpg.rf.9ea7d7a765d659438999de3be39c2560.jpg,640,640,gun,493,79,609,212,116,133
6_22_3_0001444_jpg.rf.9ebf8fc48ae8a41024e9f4c2155ebc5c.jpg,640,640,gun,171,154,284,286,113,132
knife_949_jpg.rf.9f189023239f199a82526c4f97764387.jpg,640,640,knife,55,499,137,639,82,140
DefenseKnifeAttack0428_jpg.rf.9e937ca3f02a8fb2dd7c28a37c1dbb26.jpg,640,640,knife,176,531,270,615,94,84
Manbitesdog-bruni1911-05_jpg.rf.9f1cc7cbf439a68f2a463176b1e78b9b.jpg,640,640,gun,323,91,407,284,84,193
7_7_asd_00096214_jpg.rf.9ea0c282c2c3d4dd8509aa8e2148b2cc.jpg,640,640,gun,65,284,197,434,132,150
7_7_asd_00096214_jpg.rf.9ea0c282c2c3d4dd8509aa8e2148b2cc.jpg,640,640,gun,61,99,241,314,180,215
Carjacked-011_jpg.rf.9f06c82138eceec6775216af19a2b956.jpg,640,640,gun,155,230,327,638,172,408
10250535_1180_jpg.rf.9eff1f5c258556f0cb170c495cea5f7d.jpg,640,640,gun,248,256,506,639,258,383
H-KPSG01_jpg.rf.9e344ae6f919b1dce7ab0a88b64936dc.jpg,640,640,gun,0,0,637,600,637,600
Gun_386_jpg.rf.9e5ce6c0d4a55c3289711c3a9ea308c2.jpg,640,640,gun,12,2,638,636,626,634
102422304_8426_jpg.rf.9f1df06b25ca4686f6e16a9b01f9b974.jpg,640,640,gun,45,185,322,368,277,183
11_12_360_jpg.rf.9e532c2aaa0920a283b35d88ae0d34a3.jpg,640,640,gun,56,43,560,576,504,533
Das_Spukschloss_im_Spessart-07_jpg.rf.9f3316ecb3f193ab6f909a0a67d970d7.jpg,640,640,gun,288,287,372,369,84,82
281_jpg.rf.9e2dba4108923acb09965cde9ee70444.jpg,640,640,knife,361,52,457,445,96,393
10141651_5895_jpg.rf.9f26d33c9a168792baf2efca3435dd62.jpg,640,640,gun,7,40,289,580,282,540
Ruger_LC9s_jpg.rf.9f4e41ea58bb6c53a0363498084afeb7.jpg,640,640,gun,9,15,628,615,619,600
6_22_2_0003632_jpg.rf.9f2105eba5645618f102db1719230e2e.jpg,640,640,gun,429,202,480,270,51,68
LaHaine_SW629_06_jpg.rf.9f2db7e8e608c745cb6d1d4a6af1ce26.jpg,640,640,gun,208,207,322,320,114,113
gun_2_1_1__0007555_jpg.rf.9f37868684820245524f1020d6a3d489.jpg,640,640,gun,560,321,593,367,33,46
2022-04-15_14_jpg.rf.9f68837d7d169ce117c700818b7c7b55.jpg,640,640,knife,320,408,372,446,52,38
2022-04-15_43_jpg.rf.9f91c8993ed3297a6269bbaf39319c12.jpg,640,640,knife,332,416,366,490,34,74
1649338716-4864223_jpg.rf.9f3abd91f0b6eb87bea926deef8059b9.jpg,640,640,knife,242,257,451,415,209,158
TheAvengersFuryHillHG_jpg.rf.9f6711ed9dfd8c35b13189767d593dcc.jpg,640,640,gun,251,32,326,166,75,134
TheAvengersFuryHillHG_jpg.rf.9f6711ed9dfd8c35b13189767d593dcc.jpg,640,640,gun,362,315,467,482,105,167
DefenseKnifeAttack0172_jpg.rf.9f82a9aac2bf17a9e40b91290c838ceb.jpg,640,640,knife,163,423,265,479,102,56
11_jpg.rf.9f8397328eec859dd996d23fb71325ea.jpg,640,640,knife,290,36,433,639,143,603
11_12_2048_jpg.rf.9fbd47ad72fbb131245f61bfb38bf8ff.jpg,640,640,gun,30,73,608,462,578,389
knife_810_jpg.rf.9f7f903a577fca294fb18ce989dc2dd0.jpg,640,640,knife,104,507,174,639,70,132
batch_255_jpg.rf.9f6b92d32299e9d1a8d33ffb43c6a104.jpg,640,640,knife,85,16,305,302,220,286
batch_255_jpg.rf.9f6b92d32299e9d1a8d33ffb43c6a104.jpg,640,640,knife,417,209,486,276,69,67
batch_255_jpg.rf.9f6b92d32299e9d1a8d33ffb43c6a104.jpg,640,640,knife,157,456,204,513,47,57
batch_255_jpg.rf.9f6b92d32299e9d1a8d33ffb43c6a104.jpg,640,640,knife,421,438,507,479,86,41
knife_94_jpg.rf.9f54714a6c4ede4b6e3c784a84b4336f.jpg,640,640,knife,140,51,439,639,299,588
batch_287_jpg.rf.9fc26b0d2a0eb569a67c2301f384bafb.jpg,640,640,knife,245,281,278,305,33,24
batch_287_jpg.rf.9fc26b0d2a0eb569a67c2301f384bafb.jpg,640,640,knife,564,281,598,304,34,23
batch_287_jpg.rf.9fc26b0d2a0eb569a67c2301f384bafb.jpg,640,640,knife,228,476,253,560,25,84
batch_287_jpg.rf.9fc26b0d2a0eb569a67c2301f384bafb.jpg,640,640,knife,320,495,374,545,54,50
37_jpg.rf.9f36f712e14d2453e46210d76880a9f0.jpg,640,640,knife,305,102,342,382,37,280
91_jpg.rf.9f996d5112c62ca07681562001172146.jpg,640,640,knife,231,249,520,505,289,256
36_jpg.rf.9fdad42c6e22eea2bf524d110d9ee304.jpg,640,640,knife,308,543,331,631,23,88
CZ_38_1780_jpg.rf.9fa558acb9f66f311aa2d349908cd250.jpg,640,640,gun,15,11,618,613,603,602
22_Minuty-AK-29_jpg.rf.9fb01f346708c9d5cd0b87196dab33b7.jpg,640,640,gun,10,152,116,636,106,484
05_14_0000809_jpg.rf.9fd1b6b50fd6aa0b70cab6211d552022.jpg,640,640,gun,354,256,546,553,192,297
MaskColtGoldCup-1_jpg.rf.a0025788cc3511296ca127b1ec58221f.jpg,640,640,gun,207,311,341,523,134,212
JW3_752_jpg.rf.9fb9ca4fe80b6358357ea0286af88aa7.jpg,640,640,gun,66,292,495,628,429,336
knife_535_jpg.rf.9fdafbfd7e1f30c78f67d6c5ec33d8f2.jpg,640,640,knife,233,321,390,638,157,317
BasketB_D_112_jpg.rf.a004e61ca341fe4cc971c50e813150be.jpg,640,640,gun,400,157,517,393,117,236
knife_1221_jpg.rf.a045ff8a43693030d6100142a99d6fad.jpg,640,640,knife,277,110,376,549,99,439
11_12_2815_jpg.rf.9ff0936e523f39452bdf5844df472b55.jpg,640,640,gun,198,151,316,404,118,253
174_jpg.rf.a04ab39eb5990bf51685a0d0b7ac8d6f.jpg,640,640,knife,239,142,470,239,231,97
Jean-Hugues_Anglade_Glock17_jpg.rf.a02429babb87c14903b41e3a238e18d8.jpg,640,640,gun,214,85,360,422,146,337
2022-04-15_15_jpg.rf.a03225efc4cdaba2dfd2b789e0482ec8.jpg,640,640,knife,305,325,336,412,31,87
1024165832_634_jpg.rf.a083285ff367cb66f5f3ba280a4f7263.jpg,640,640,gun,103,344,229,513,126,169
Gun_2469_jpg.rf.a03195d9d4fd8585dde02169906053fb.jpg,640,640,gun,27,113,559,469,532,356
gun_3_2_1__0001260_jpg.rf.a0a90430b8eacb06363328e54c0e300e.jpg,640,640,gun,212,241,292,554,80,313
33_jpg.rf.a0ca3aded70fff7a69d893019d786a70.jpg,640,640,knife,283,543,305,585,22,42
6_22_3_0003488_jpg.rf.a0493befb7d0fd8c7b575460fd431377.jpg,640,640,gun,133,66,177,246,44,180
1649338704-4970114_jpg.rf.a06001aecf5cdfcabba3d86b642e71e5.jpg,640,640,knife,272,192,445,514,173,322
6_22_2_0000280_jpg.rf.a058cc985b24a90e2c3705b2fb74d523.jpg,640,640,gun,272,130,300,229,28,99
knife_99_jpg.rf.a09373939710ded3cb750e7a65a73a55.jpg,640,640,knife,107,37,301,254,194,217
6_22_3_0005844_jpg.rf.a0cb160efce01260153cfd14f307b513.jpg,640,640,gun,312,284,367,453,55,169
null_image.jpg,640,640,,,,,,0,0
DSC_00191_JPG_jpg.rf.a0b0b3b3bf6a93135e3d16f2c689c71b.jpg,640,640,knife,305,252,324,348,19,96
KravMagaTraining20612_jpg.rf.a06c9261f5d6fed49c83a2c85a9350d3.jpg,640,640,knife,280,443,355,482,75,39
Nem1_118_jpg.rf.a0493231d92fcd46264e603b5ae30e08.jpg,640,640,gun,374,374,498,520,124,146
Nem1_118_jpg.rf.a0493231d92fcd46264e603b5ae30e08.jpg,640,640,gun,343,255,461,441,118,186
118_jpg.rf.a0d33050f33df3701a28046e9cfbd4b1.jpg,640,640,knife,363,235,428,580,65,345
gun_3_1_1__0003784_jpg.rf.a0cb3bd44e3e08f14e7b5f3035cd73b0.jpg,640,640,gun,293,200,342,447,49,247
knife_148_jpg.rf.a0e339e007387ac2afce21d9462ca9d0.jpg,640,640,knife,274,14,604,519,330,505
GRTaurus8_jpg.rf.a0fe0de125699652b0549229cc29a74b.jpg,640,640,gun,77,433,137,547,60,114
2022-04-15_91_jpg.rf.a0eb6116a356a128e2af9e5bcb721554.jpg,640,640,knife,368,380,412,429,44,49
174_jpg.rf.a1002af09058d0fd68c3c09ecab305c6.jpg,640,640,knife,299,517,325,621,26,104
1011195537_3075_jpg.rf.a1283e6a3829d9b8c76799752ca0e5a0.jpg,640,640,gun,94,134,354,396,260,262
DefenseKnifeAttack0838_jpg.rf.a13bf591afa1ce201dbe9068f1d72ac3.jpg,640,640,knife,166,557,265,632,99,75
6_22_1_0004980_jpg.rf.a14320deef269412b6ef0afae0c79c25.jpg,640,640,gun,77,259,235,467,158,208
80_jpg.rf.a101384e69b90d048a3a93b0d4296e66.jpg,640,640,knife,195,212,474,474,279,262
KravMagaTraining595_jpg.rf.a103c3389188daed5893250eaea4778a.jpg,640,640,knife,254,177,340,265,86,88
Gun_785_jpg.rf.a113e8aad8a02b594f860ba2e6463d0e.jpg,640,640,gun,282,288,321,413,39,125
187_jpg.rf.a16d352a91eba81a143214ce53694eac.jpg,640,640,knife,300,535,332,640,32,105
knife_546_jpg.rf.a153d66b5815558ac9c032082446d74b.jpg,640,640,knife,363,12,602,411,239,399
knife_619_jpg.rf.a1abc12ad2cdc1648a7e8d114c41cc60.jpg,640,640,knife,92,235,157,548,65,313
knife_619_jpg.rf.a1abc12ad2cdc1648a7e8d114c41cc60.jpg,640,640,knife,162,114,289,640,127,526
KravMagaKnifeDefenseTechniques697_jpg.rf.a18854d7336b871d40a4a8ca80742764.jpg,640,640,knife,285,343,371,405,86,62
86_jpg.rf.a11e215d7b5102eca6b4d8d22ef93890.jpg,640,640,knife,311,548,363,608,52,60
PINEAPPLE_EXP-1391_jpg.rf.a21c6a38b94cefe468b01118ea5bd8e3.jpg,640,640,gun,260,60,371,335,111,275
knife_512_jpg.rf.a100ee591d5b2d4b9c43aee469c0c8dd.jpg,640,640,knife,163,56,555,610,392,554
batch_303_jpg.rf.a1ade0eace71c798b5eb587c2a912aae.jpg,640,640,gun,137,129,156,172,19,43
batch_303_jpg.rf.a1ade0eace71c798b5eb587c2a912aae.jpg,640,640,gun,423,25,619,257,196,232
batch_303_jpg.rf.a1ade0eace71c798b5eb587c2a912aae.jpg,640,640,gun,7,332,309,636,302,304
batch_303_jpg.rf.a1ade0eace71c798b5eb587c2a912aae.jpg,640,640,gun,320,456,549,638,229,182
batch_303_jpg.rf.a1ade0eace71c798b5eb587c2a912aae.jpg,640,640,gun,376,319,636,447,260,128
374_jpg.rf.a132955faf4fd2c632da5256261e11a0.jpg,640,640,knife,88,106,346,360,258,254
knife_414_jpg.rf.a2330a3c84bf211aae5f5c4253018325.jpg,640,640,knife,262,126,591,409,329,283
6_22_4_0007988_jpg.rf.a19bdae9973404201f603604cfede026.jpg,640,640,gun,54,145,95,209,41,64
RealityKnifeAttacks0593_jpg.rf.a2089148c135b91cd6910eb3d5387a43.jpg,640,640,knife,261,369,299,434,38,65
KravMagaKnifeDefenseTechniques073_jpg.rf.a22276760bb9d19ab5199c36434c1480.jpg,640,640,knife,272,368,351,429,79,61
batch_277_jpg.rf.a16d7ffe0ddc3f2c9b64a46681284f8b.jpg,640,640,gun,150,171,168,188,18,17
batch_277_jpg.rf.a16d7ffe0ddc3f2c9b64a46681284f8b.jpg,640,640,gun,428,167,446,185,18,18
batch_277_jpg.rf.a16d7ffe0ddc3f2c9b64a46681284f8b.jpg,640,640,gun,111,487,129,505,18,18
batch_277_jpg.rf.a16d7ffe0ddc3f2c9b64a46681284f8b.jpg,640,640,gun,479,490,500,515,21,25
RusoClases393_jpg.rf.a113cf0f4821827f435437c91fefeac3.jpg,640,640,knife,256,426,337,463,81,37
1649338707-8463228_jpg.rf.a161bc32727e4832358c9a99fc591675.jpg,640,640,knife,289,143,426,539,137,396
knife_728_jpg.rf.a16712778dbf7a75a754d9297b898ee4.jpg,640,640,knife,125,310,189,473,64,163
knife_728_jpg.rf.a16712778dbf7a75a754d9297b898ee4.jpg,640,640,knife,352,117,420,323,68,206
15_jpg.rf.a241406bb83f4de72249ca3f4b4469ae.jpg,640,640,knife,423,602,475,639,52,37
KravMagaTraining729_jpg.rf.a223823b940f6e4c6b2e834d53a79259.jpg,640,640,knife,200,245,238,372,38,127
KravMagaTraining273_jpg.rf.a23c83e4441e29dcb71d63d7dac08912.jpg,640,640,knife,217,86,288,206,71,120
knife_370_jpg.rf.a25c6f479cd9d87ccb2dc95204761fe6.jpg,640,640,knife,262,266,505,597,243,331
knife_370_jpg.rf.a25c6f479cd9d87ccb2dc95204761fe6.jpg,640,640,knife,306,228,620,346,314,118
batch_289_jpg.rf.a23c6d9bf954d4780e7dc964b5fd97cb.jpg,640,640,gun,134,148,169,225,35,77
batch_289_jpg.rf.a23c6d9bf954d4780e7dc964b5fd97cb.jpg,640,640,gun,454,149,490,217,36,68
batch_289_jpg.rf.a23c6d9bf954d4780e7dc964b5fd97cb.jpg,640,640,gun,290,426,310,498,20,72
batch_289_jpg.rf.a23c6d9bf954d4780e7dc964b5fd97cb.jpg,640,640,gun,606,410,630,480,24,70
gun_7m_static_0000680_jpg.rf.a27524d25494391f7036606c4f5121b6.jpg,640,640,gun,360,175,404,256,44,81
DSC_00271_JPG_jpg.rf.a23f0cc1eab45cbb1bf91cb1fc91ba16.jpg,640,640,knife,289,302,365,348,76,46
114_jpg.rf.a28f04e0b9571b51af78f58e2bed64f6.jpg,640,640,knife,332,416,371,453,39,37
DefenseKnifeAttack0359_jpg.rf.a24e12f1d31dbf60ee8be72d5b56a7b5.jpg,640,640,knife,119,439,205,485,86,46
knife_1130_jpg.rf.a14df46a3772e2265c7df873c6ee1300.jpg,640,640,knife,42,48,236,385,194,337
JE_German_98AZ_2_jpg.rf.a1e5547a4d5a0a528c0bbc4be968ef24.jpg,640,640,gun,204,195,320,621,116,426
54_jpg.rf.a216680cbb5dc7015c0f911bb14d13b6.jpg,640,640,knife,266,455,325,551,59,96
knife_1161_jpg.rf.a1779965c6735a2430bfd6274403de72.jpg,640,640,knife,153,160,270,375,117,215
1649338741-4792614_jpg.rf.a261553d7536fbe3bdea13b5850a30a9.jpg,640,640,knife,229,0,338,632,109,632
gun_2_1_1__0005590_jpg.rf.a28a4c03a47b6f9b67dd09a3223f8a35.jpg,640,640,gun,298,315,341,364,43,49
knife_1286_jpg.rf.a2931941a183d9c50cd155d983df6300.jpg,640,640,knife,341,129,373,309,32,180
368_jpg.rf.a25bfa9c0bdca1bf16a94ecbc05d5459.jpg,640,640,knife,0,180,277,322,277,142
1023123718_5694_jpg.rf.a23bf77242ba363d493ea6c676aceafc.jpg,640,640,gun,382,277,405,326,23,49
KravMagaTraining550_jpg.rf.a25f66369253604ae33b435f14130dab.jpg,640,640,knife,86,346,132,480,46,134
gun1_7m_static_0001712_jpg.rf.a2eec8fac1dd589a12b817d54fd0a3dd.jpg,640,640,gun,355,232,378,324,23,92
knife_221_jpg.rf.a2f30cc7b08fb66517cae998619fa78e.jpg,640,640,knife,43,133,425,434,382,301
KravMagaKnifeDefenseTechniques743_jpg.rf.a2ed8d20c95037390dcdc756c0d1f69b.jpg,640,640,knife,78,360,108,492,30,132
Keeper-M1911-6_jpg.rf.a2fea615f92e30eec913671894c30182.jpg,640,640,gun,403,259,606,515,203,256
KravMagaTraining21334_jpg.rf.a29859b7cd1b085e3a118530d6677dec.jpg,640,640,knife,289,362,433,492,144,130
gun_2_1_1__0008820_jpg.rf.a29cc2449749a833263db0c9c40dd951.jpg,640,640,gun,275,258,326,330,51,72
124_jpg.rf.a30ab4e630af4e1f99c3b12f08a8eb0b.jpg,640,640,knife,312,528,343,609,31,81
knife_509_jpg.rf.a331aeac721e64e3925d178c23a5a361.jpg,640,640,knife,283,78,437,539,154,461
null_image.jpg,640,640,,,,,,0,0
101515380_1407_jpg.rf.a3521b65c76d8ac6fcc58f18fdeefcbf.jpg,640,640,gun,222,215,477,465,255,250
Gun_275_jpg.rf.a30ffd0f4056f9f3d69a19af21f5b62b.jpg,640,640,gun,21,122,619,553,598,431
7_7_asd_00139466_jpg.rf.a369d38be368e0c6d352960414394149.jpg,640,640,gun,367,123,409,223,42,100
null_image.jpg,640,640,,,,,,0,0
2022-04-15_94_jpg.rf.a38bf4ac27fcebdc67777b899f3ff7b8.jpg,640,640,knife,296,291,345,337,49,46
batch_99_jpg.rf.a31373727535192ed896a5d10e168ec4.jpg,640,640,knife,44,201,75,305,31,104
batch_99_jpg.rf.a31373727535192ed896a5d10e168ec4.jpg,640,640,knife,344,235,384,319,40,84
batch_99_jpg.rf.a31373727535192ed896a5d10e168ec4.jpg,640,640,knife,6,546,58,639,52,93
batch_99_jpg.rf.a31373727535192ed896a5d10e168ec4.jpg,640,640,knife,372,468,409,567,37,99
Term1_428_jpg.rf.a38c39a5b98f8a47bf0932a13d7a16d1.jpg,640,640,gun,217,291,269,366,52,75
knife_352_jpg.rf.a35aa77aa43624b4acc2be9de5a4fbbe.jpg,640,640,knife,363,40,626,288,263,248
DraP-003_jpg.rf.a33ce63a680674f4cf7447bf338d92a4.jpg,640,640,gun,403,344,460,459,57,115
KravMagaKnifeDefenseTechniques084_jpg.rf.a3607bf92038274bbc6fa3865259e6b6.jpg,640,640,knife,274,345,345,411,71,66
DSC_0011_JPG_jpg.rf.a313e0826b911c037e925024215944bd.jpg,640,640,knife,355,317,440,388,85,71
2022-04-21_497_jpg.rf.a3ab0978bdd3b6d93aae0de301b199cf.jpg,640,640,knife,285,513,303,590,18,77
52_jpg.rf.a33478659579dcde4d9d7df7fe14761b.jpg,640,640,knife,289,437,342,552,53,115
knife_1263_jpg.rf.a37345962b7fc843e308a7e2c40ab38a.jpg,640,640,knife,251,401,306,494,55,93
10_jpg.rf.a37bc6e1ea047afb9f8afc636eb19bf7.jpg,640,640,knife,292,482,346,549,54,67
Bmr-003_jpg.rf.a30896c3226a3b9a229c56e26435e5a4.jpg,640,640,gun,232,330,281,525,49,195
knife_769_jpg.rf.a374142147eaba07854b2c7132d7fce8.jpg,640,640,knife,128,202,195,505,67,303
gun_2_1_1__0015530_jpg.rf.a3b2cae1e997b679b678be84fe0c1fd6.jpg,640,640,gun,142,333,177,372,35,39
gun_3_1_1__0003332_jpg.rf.a39ec050a06827d89957de24efcfb4ab.jpg,640,640,gun,254,341,326,585,72,244
batch_134_jpg.rf.a3a6eb00f8dbfa81c6f4eaefd20fc0a2.jpg,640,640,gun,3,4,309,319,306,315
batch_134_jpg.rf.a3a6eb00f8dbfa81c6f4eaefd20fc0a2.jpg,640,640,gun,368,68,577,289,209,221
batch_134_jpg.rf.a3a6eb00f8dbfa81c6f4eaefd20fc0a2.jpg,640,640,gun,5,324,307,620,302,296
batch_134_jpg.rf.a3a6eb00f8dbfa81c6f4eaefd20fc0a2.jpg,640,640,gun,333,329,631,631,298,302
batch_86_jpg.rf.a3b3738c2cfeb436f75f0381a8df7665.jpg,640,640,gun,87,1,317,67,230,66
batch_86_jpg.rf.a3b3738c2cfeb436f75f0381a8df7665.jpg,640,640,gun,334,36,378,232,44,196
batch_86_jpg.rf.a3b3738c2cfeb436f75f0381a8df7665.jpg,640,640,gun,112,424,186,485,74,61
batch_86_jpg.rf.a3b3738c2cfeb436f75f0381a8df7665.jpg,640,640,gun,17,395,85,444,68,49
batch_86_jpg.rf.a3b3738c2cfeb436f75f0381a8df7665.jpg,640,640,gun,431,553,486,633,55,80
gun_2_1_1__0003305_jpg.rf.a3a5d832ab175f88eb4142a5fa8f6c79.jpg,640,640,gun,357,316,395,363,38,47
Para_Ordinance_LDA_hammerless_jpg.rf.a3b8dc1b9a4d3030eebca80d5b745789.jpg,640,640,gun,9,10,626,623,617,613
KravMagaKnifeDefenseTechniques180_jpg.rf.a3c371341bf82bcc5f81a932b19c76df.jpg,640,640,knife,193,141,265,253,72,112
133_jpg.rf.a375fed2ae0c2ebcdf3475b7bbcec524.jpg,640,640,knife,295,333,323,456,28,123
6_22_2_0007640_jpg.rf.a3f848a5658605bbf16da6f3ddc81332.jpg,640,640,gun,355,379,427,498,72,119
batch_112_jpg.rf.a410ec0b8e170cd85ab6ab29f0f8ee28.jpg,640,640,gun,0,76,298,311,298,235
batch_112_jpg.rf.a410ec0b8e170cd85ab6ab29f0f8ee28.jpg,640,640,gun,344,0,563,314,219,314
batch_112_jpg.rf.a410ec0b8e170cd85ab6ab29f0f8ee28.jpg,640,640,gun,51,364,165,537,114,173
batch_112_jpg.rf.a410ec0b8e170cd85ab6ab29f0f8ee28.jpg,640,640,gun,345,324,503,540,158,216
DefenseKnifeAttack1427_jpg.rf.a4374443cdf559c059aa5501355c829d.jpg,640,640,knife,314,219,363,310,49,91
Gun_300_jpg.rf.a35ae8e00c8d9cac8af1edc2cd065ca4.jpg,640,640,gun,370,111,474,184,104,73
3637_jpg.rf.a3efde28d2131e94a9aa5e8c677650ee.jpg,640,640,knife,381,226,414,288,33,62
gun_2_1_1__0012840_jpg.rf.a47107c2a31d61e10b0a76122bd4c165.jpg,640,640,gun,425,380,466,419,41,39
ND-COMP-2_jpg.rf.a46e0dc8e6c72cb337133870902df054.jpg,640,640,gun,152,228,242,399,90,171
RusoClases314_jpg.rf.a4465343f8b37d4a6fd1135498134804.jpg,640,640,knife,316,359,339,505,23,146
KravMagaTraining20803_jpg.rf.a4240d0ff55d54c20df5677b70a4aa6d.jpg,640,640,knife,242,443,336,537,94,94
null_image.jpg,640,640,,,,,,0,0
0_jpg.rf.a456de73e3b051c6d4fa0b44ab4d6502.jpg,640,640,knife,288,226,379,386,91,160
batch_344_jpg.rf.a4de450af55a507e51d30a5ffd1a1493.jpg,640,640,knife,159,174,182,196,23,22
batch_344_jpg.rf.a4de450af55a507e51d30a5ffd1a1493.jpg,640,640,knife,479,175,502,195,23,20
batch_344_jpg.rf.a4de450af55a507e51d30a5ffd1a1493.jpg,640,640,knife,32,583,78,625,46,42
batch_344_jpg.rf.a4de450af55a507e51d30a5ffd1a1493.jpg,640,640,knife,411,529,459,558,48,29
knife_1055_jpg.rf.a448f88b25129c465a4d34062015bb02.jpg,640,640,knife,97,94,338,512,241,418
knife_772_jpg.rf.a481fc0d264bf5c6e0a00f96b9033fbd.jpg,640,640,knife,300,218,458,378,158,160
batch_170_jpg.rf.a44a461e9c01067ace9a7f460203e87a.jpg,640,640,knife,147,235,173,273,26,38
batch_170_jpg.rf.a44a461e9c01067ace9a7f460203e87a.jpg,640,640,knife,509,148,519,228,10,80
batch_170_jpg.rf.a44a461e9c01067ace9a7f460203e87a.jpg,640,640,knife,0,389,137,494,137,105
batch_170_jpg.rf.a44a461e9c01067ace9a7f460203e87a.jpg,640,640,knife,333,382,495,510,162,128
KravMagaTraining4610_jpg.rf.a48c37c33f46504ae1db0f0de752750f.jpg,640,640,knife,3,349,123,485,120,136
KravMagaTraining115_jpg.rf.a4e80b02a6997e1e1f2ad6844f2a6cb7.jpg,640,640,knife,198,15,319,200,121,185
KravMagaTraining4052_jpg.rf.a4a857299603619589ce822fc6b7d584.jpg,640,640,knife,259,375,322,471,63,96
online5_jpg.rf.a3fb8ce77f4087be4aa64f3f1ce37e70.jpg,640,640,knife,163,109,472,539,309,430
Vera_Cruz-SAAArtMod-5_jpg.rf.a3ae90e92cc8eda95292359d31b9bae2.jpg,640,640,gun,297,407,374,634,77,227
KravMagaTraining657_jpg.rf.a513cfd4888f8c798cc007bbfc32f88f.jpg,640,640,knife,419,300,446,428,27,128
knife_1172_jpg.rf.a51a9166ec73729439866f5f920f2a3d.jpg,640,640,knife,315,275,409,388,94,113
BOHAKMS_jpg.rf.a4dd4f2ecf1951759d38ddc9a353e659.jpg,640,640,gun,230,295,493,639,263,344
4426_jpg.rf.a51bd74713959d0dab1b4af14b4f1af8.jpg,640,640,knife,486,151,537,234,51,83
The_big_hit-beretta93_jpg.rf.a4e52ccb48e7edb402de792e87a0a5f3.jpg,640,640,gun,405,73,618,332,213,259
6_22_4_0008784_jpg.rf.a47e617cffa4ee3b043ae0b54195faeb.jpg,640,640,gun,413,463,487,576,74,113
batch_171_jpg.rf.a499c925190aa0ade9943667434323d6.jpg,640,640,gun,77,85,175,220,98,135
batch_171_jpg.rf.a499c925190aa0ade9943667434323d6.jpg,640,640,gun,563,123,627,229,64,106
batch_171_jpg.rf.a499c925190aa0ade9943667434323d6.jpg,640,640,gun,221,370,312,639,91,269
batch_171_jpg.rf.a499c925190aa0ade9943667434323d6.jpg,640,640,gun,412,510,454,639,42,129
gun_5m_run_0002016_jpg.rf.a3537bb5c8af94384dfe01e3bc3c223f.jpg,640,640,gun,241,278,308,383,67,105
11_12_1901_jpg.rf.a4cf6ed2313f3ca7a51b8bbb5be0d2d9.jpg,640,640,gun,306,12,395,204,89,192
RMDDE3_jpg.rf.a4fe2fca9d858b79d46c2d451065ebb5.jpg,640,640,gun,416,204,513,433,97,229
knife_419_jpg.rf.a4fc1202ae273f2159a7dfca2c76377a.jpg,640,640,knife,20,254,353,608,333,354
batch_72_jpg.rf.a47425faeb970b1b8781c5a1c7c8c064.jpg,640,640,gun,219,127,286,180,67,53
batch_72_jpg.rf.a47425faeb970b1b8781c5a1c7c8c064.jpg,640,640,gun,355,93,489,277,134,184
batch_72_jpg.rf.a47425faeb970b1b8781c5a1c7c8c064.jpg,640,640,gun,180,407,219,530,39,123
batch_72_jpg.rf.a47425faeb970b1b8781c5a1c7c8c064.jpg,640,640,gun,374,409,572,606,198,197
Le_cousin-Manurhin_F1-2_jpg.rf.a512a77ff710a135b84a4bd7263741a0.jpg,640,640,gun,186,174,339,452,153,278
The_Assassination_of_Trotsky-Gasser-1_jpg.rf.a5226bf8678826389093b5420215a72a.jpg,640,640,gun,175,333,372,486,197,153
knife_863_jpg.rf.a566cb52202fc506e51c38965cb58989.jpg,640,640,knife,131,423,251,515,120,92
NG2_18_jpg.rf.a545ef24c4f9c06bfdd6943e05b712cc.jpg,640,640,gun,102,247,150,360,48,113
NG2_18_jpg.rf.a545ef24c4f9c06bfdd6943e05b712cc.jpg,640,640,gun,336,189,372,263,36,74
6_22_3_0005828_jpg.rf.a568125e3bbca6198269945e7313e12e.jpg,640,640,gun,302,285,366,449,64,164
KravMagaKnifeDefenseTechniques153_jpg.rf.a54db1326f9a1592e87c344024d327fd.jpg,640,640,knife,187,141,266,235,79,94
34_jpg.rf.a549861dcf92a1e5e8cbe7f71f878513.jpg,640,640,knife,174,423,386,639,212,216
S-HColtCommanderCustom-8_jpg.rf.a5ae98c1f6f500ae7b19568d45796de6.jpg,640,640,gun,242,262,370,471,128,209
DSC_00081_JPG_jpg.rf.a5874fc61b49ecb20c6d396993791302.jpg,640,640,knife,336,331,389,376,53,45
knife_411_jpg.rf.a57f41228cadf3ff355d5145c2ac427a.jpg,640,640,knife,29,174,429,620,400,446
Io_ho_paura-Pistol-3_jpg.rf.a5a6bb4f7cb04d8747e7b0b61eb89523.jpg,640,640,gun,333,162,559,390,226,228
gun_2_1_1__0001685_jpg.rf.a5e0fd2e4a0d11746d938c8ff38f5b89.jpg,640,640,gun,286,287,325,327,39,40
ACTP-Luger_P08_jpg.rf.a584079fc930dc5a58e810eb9f1f883d.jpg,640,640,gun,388,200,550,375,162,175
batch_193_jpg.rf.a59575bc2026dc66f50edc660c7cdde0.jpg,640,640,knife,109,86,161,209,52,123
batch_193_jpg.rf.a59575bc2026dc66f50edc660c7cdde0.jpg,640,640,knife,471,87,501,182,30,95
batch_193_jpg.rf.a59575bc2026dc66f50edc660c7cdde0.jpg,640,640,knife,47,472,172,634,125,162
batch_193_jpg.rf.a59575bc2026dc66f50edc660c7cdde0.jpg,640,640,knife,319,325,638,622,319,297
batch_12_jpg.rf.a5a0b2128c1c3bc521d96932f24758e3.jpg,640,640,knife,167,231,186,256,19,25
batch_12_jpg.rf.a5a0b2128c1c3bc521d96932f24758e3.jpg,640,640,knife,446,69,549,184,103,115
batch_12_jpg.rf.a5a0b2128c1c3bc521d96932f24758e3.jpg,640,640,knife,129,385,222,499,93,114
batch_12_jpg.rf.a5a0b2128c1c3bc521d96932f24758e3.jpg,640,640,knife,396,393,452,583,56,190
125_jpg.rf.a5d4a795e9597f44e30e331af8deec18.jpg,640,640,knife,239,263,528,579,289,316
NLL2015_K2_5_jpg.rf.a5291ba0219846684f1d0aab14500100.jpg,640,640,gun,309,462,615,621,306,159
NLL2015_K2_5_jpg.rf.a5291ba0219846684f1d0aab14500100.jpg,640,640,gun,369,34,545,261,176,227
knife_1285_jpg.rf.a5abdb8f0b82f8e8c4268203e4ca8fdc.jpg,640,640,knife,256,225,307,380,51,155
DefenseKnifeAttack0942_jpg.rf.a5d365ca8a7c01ab7512a34c623a35da.jpg,640,640,knife,393,340,456,442,63,102
Mech11_113_jpg.rf.a5cf935ab416015f5a8311fdfe777935.jpg,640,640,gun,115,203,255,432,140,229
2022-04-21_431_jpg.rf.a5ec90e0b352561ba9e1a757aeaf9e2e.jpg,640,640,knife,315,388,343,477,28,89
4396_jpg.rf.a5ae93de83bfedd91ceed86611fd092d.jpg,640,640,knife,554,206,578,322,24,116
Tayna_dvukh_okeanov-WaltherPPK-2_jpg.rf.a5a1af0bc1a436690fafdd636fa83b01.jpg,640,640,gun,222,183,435,466,213,283
knife_843_jpg.rf.a5efee9295d2d7c5ae55b5c6b7902e9e.jpg,640,640,knife,131,285,211,480,80,195
knife_311_jpg.rf.a5f0fa0059479ab784b027f607315f07.jpg,640,640,knife,308,262,528,556,220,294
6_22_2_0002356_jpg.rf.a5b09fc9b086060bc4a8a683e9a3b928.jpg,640,640,gun,179,164,223,231,44,67
knife_203_jpg.rf.a43646a97321c6d87e133b7b38942906.jpg,640,640,knife,115,1,499,484,384,483
sharpenKnife299_jpg.rf.a5d617afe65aeb69d82df055fbd0e577.jpg,640,640,knife,206,217,600,388,394,171
SKS_with_no_bayonet_jpg.rf.a60b4dcbd6882962c4398a7118858095.jpg,640,640,gun,18,113,612,583,594,470
null_image.jpg,640,640,,,,,,0,0
Operation_Corned_Beef-MicroUzi-4_jpg.rf.a5f8d2d8a2142ff178acf4706f3ac3a7.jpg,640,640,gun,8,162,72,385,64,223
Operation_Corned_Beef-MicroUzi-4_jpg.rf.a5f8d2d8a2142ff178acf4706f3ac3a7.jpg,640,640,gun,298,169,346,310,48,141
Operation_Corned_Beef-MicroUzi-4_jpg.rf.a5f8d2d8a2142ff178acf4706f3ac3a7.jpg,640,640,gun,460,194,528,381,68,187
6_22_2_0006556_jpg.rf.a60eb72e0b14eba01df10cd1d76c0a25.jpg,640,640,gun,433,252,470,320,37,68
null_image.jpg,640,640,,,,,,0,0
DSC_0062_JPG_jpg.rf.a5f1b6eddf06c3b9063a32c7b26e98f2.jpg,640,640,knife,349,333,448,381,99,48
101112375_33_jpg.rf.a58373004fb280151c058813f0e96892.jpg,640,640,gun,170,182,488,443,318,261
gun_2_1_1__0006545_jpg.rf.a5fe28cb5feeae5bc9c81310f8a74b84.jpg,640,640,gun,399,332,443,373,44,41
null_image.jpg,640,640,,,,,,0,0
gun_3_3_1__0002320_jpg.rf.a635001075b68f3d10bd60526f2d1014.jpg,640,640,gun,65,315,116,487,51,172
knife_304_jpg.rf.a622c7713707929eada06fdf058a811c.jpg,640,640,knife,3,11,639,580,636,569
knife_1202_jpg.rf.a63fe7de9c158a6f1e42568db34e35ad.jpg,640,640,knife,299,449,384,538,85,89
KravMagaTraining20802_jpg.rf.a60270ef2fdabfbfc7e1f4c3b85c31a2.jpg,640,640,knife,248,446,345,522,97,76
Above_042_jpg.rf.a65f101b156150581e9db766bd367900.jpg,640,640,gun,335,430,482,594,147,164
Remington_SBS_jpg.rf.a61d979f7bf95314da21bbda3e35ac06.jpg,640,640,gun,3,4,634,614,631,610
knife_1079_jpg.rf.a622ccf0e0f9723e4e24301b70d399d8.jpg,640,640,knife,281,284,401,489,120,205
knife_510_jpg.rf.a67a27adc6496beff1a05281afa12be1.jpg,640,640,knife,185,291,508,517,323,226
KravMagaKnifeDefenseTechniques159_jpg.rf.a63e723018adacbc9b4fd5fa57b2a68f.jpg,640,640,knife,211,157,288,257,77,100
423_jpg.rf.a63dd11cb9250532572dbcd32c439bb4.jpg,640,640,knife,60,277,285,478,225,201
batch_430_jpg.rf.a66c4c52a5cc1730fd1fc8c4ab270331.jpg,640,640,gun,59,154,116,297,57,143
batch_430_jpg.rf.a66c4c52a5cc1730fd1fc8c4ab270331.jpg,640,640,gun,348,137,462,319,114,182
batch_430_jpg.rf.a66c4c52a5cc1730fd1fc8c4ab270331.jpg,640,640,gun,70,409,129,588,59,179
batch_430_jpg.rf.a66c4c52a5cc1730fd1fc8c4ab270331.jpg,640,640,gun,376,416,408,511,32,95
knife_397_jpg.rf.a69980986ec648c7d2fbdf555dd543a9.jpg,640,640,knife,4,264,309,635,305,371
4720_jpg.rf.a69138b67c4f68249d1ed6fdb4395d8e.jpg,640,640,knife,405,186,506,248,101,62
81_jpg.rf.a6954e4bc249bb50c614c7c8c3583e6e.jpg,640,640,knife,277,534,326,589,49,55
80_jpg.rf.a69f9a86038ef812237f6c5b5013b384.jpg,640,640,knife,205,392,400,640,195,248
KravMagaKnifeDefenseTechniques762_jpg.rf.a69a1d3e3ac6b5efb34e13daeb2496c6.jpg,640,640,knife,231,424,323,504,92,80
288_jpg.rf.a639661e3069e4c68362d860b73f1428.jpg,640,640,knife,219,234,448,412,229,178
Iron17_jpg.rf.a688bf5a871e006b3ec6b4d491979106.jpg,640,640,gun,239,184,484,562,245,378
batch_137_jpg.rf.a64226463a25bb08fe2d1b8ddd9aca17.jpg,640,640,gun,139,115,161,234,22,119
batch_137_jpg.rf.a64226463a25bb08fe2d1b8ddd9aca17.jpg,640,640,gun,457,110,482,239,25,129
batch_137_jpg.rf.a64226463a25bb08fe2d1b8ddd9aca17.jpg,640,640,gun,130,439,147,545,17,106
batch_137_jpg.rf.a64226463a25bb08fe2d1b8ddd9aca17.jpg,640,640,gun,521,513,569,573,48,60
Never_Say_Die-Vektor-4_jpg.rf.a6baaf09c667cca264cc1177ca9a1221.jpg,640,640,gun,350,201,585,388,235,187
Majestyk_s-w_27_1_jpg.rf.a66d98a1e10d4bc0404dc2b7edc12bc9.jpg,640,640,gun,281,327,348,460,67,133
Mask_of_Death-Rifle-01_jpg.rf.a695f88ca58e3c3b8e922219cb419605.jpg,640,640,gun,282,75,384,598,102,523
1024155959_3866_jpg.rf.a62519119ebac3a93074d80c57dbdc3a.jpg,640,640,gun,97,241,560,520,463,279
knife_253_jpg.rf.a6ac06da0693683dbecd11c38ab02941.jpg,640,640,knife,118,103,632,630,514,527
2022-04-15_82_jpg.rf.a6ab8de7e55e9532bc79dde09967264c.jpg,640,640,knife,280,476,308,533,28,57
batch_174_jpg.rf.a6bf71a4f3eb4b123d8be50c0bd870a1.jpg,640,640,gun,109,68,143,203,34,135
batch_174_jpg.rf.a6bf71a4f3eb4b123d8be50c0bd870a1.jpg,640,640,gun,505,65,541,217,36,152
batch_174_jpg.rf.a6bf71a4f3eb4b123d8be50c0bd870a1.jpg,640,640,gun,186,505,257,587,71,82
batch_174_jpg.rf.a6bf71a4f3eb4b123d8be50c0bd870a1.jpg,640,640,gun,483,352,555,455,72,103
knife_195_jpg.rf.a5447b7265c76f50911a983c8c1594dc.jpg,640,640,knife,332,98,631,640,299,542
Oba_Oba_FN1910_2_jpg.rf.a6bf9e6baa0a2bea2071cb083b544a26.jpg,640,640,gun,190,364,260,564,70,200
11_12_1057_jpg.rf.a6a5fac4387ba10eb29b86f83facf81c.jpg,640,640,gun,27,104,632,606,605,502
Breakheart_Pass-SAA-3_jpg.rf.a6c7d7d79f7cfc4b7d9e6de81faf54cc.jpg,640,640,gun,272,134,492,321,220,187
6_22_2_0003396_jpg.rf.a70a26d3cb919c69acfc3afe4c04e8e1.jpg,640,640,gun,318,115,360,181,42,66
batch_276_jpg.rf.a71390cc3ff6af0dd610282c57dd11eb.jpg,640,640,gun,121,184,152,304,31,120
batch_276_jpg.rf.a71390cc3ff6af0dd610282c57dd11eb.jpg,640,640,gun,475,90,508,215,33,125
batch_276_jpg.rf.a71390cc3ff6af0dd610282c57dd11eb.jpg,640,640,gun,153,415,181,535,28,120
batch_276_jpg.rf.a71390cc3ff6af0dd610282c57dd11eb.jpg,640,640,gun,452,414,486,527,34,113
Atkins-Reichsrevolver1879-3_jpg.rf.a72781ef01e65a318047c7d106e5f230.jpg,640,640,gun,303,417,432,510,129,93
knife_821_jpg.rf.a6c978688ed23b4be6b6e86ecad8518e.jpg,640,640,knife,62,492,133,640,71,148
19_jpg.rf.a6ea9540a56d04bd546bcdfbf11130e1.jpg,640,640,knife,238,531,300,628,62,97
91_jpg.rf.a709914689328b50ccf815c62461c0f0.jpg,640,640,knife,331,526,375,588,44,62
BTB11_jpg.rf.a6b1c5ee006d410ddb23f3dac1f3b855.jpg,640,640,gun,254,255,350,410,96,155
knife_104_jpg.rf.a7433e219c74bdc6633d2bce770c73c7.jpg,640,640,knife,92,30,511,516,419,486
gun_2_1_1__0009900_jpg.rf.a71ecd38196a2fb4714dc822e701093d.jpg,640,640,gun,493,276,534,337,41,61
6_22_2_0000872_jpg.rf.a77521ab531d12485738b3668c12cb02.jpg,640,640,gun,292,354,341,434,49,80
Runlolarun_WaltherPP_jpg.rf.a75aa6c8346e3348a887aa2bdc8f620f.jpg,640,640,gun,304,333,381,481,77,148
00000775_jpg.rf.a779ba79b6630183eecbb996803dccc5.jpg,640,640,gun,4,270,637,635,633,365
Blood_Father-TaurusPT-92AFS_jpg.rf.a77229babc6582eee87034a8101f6d42.jpg,640,640,gun,265,203,332,547,67,344
knife_1042_jpg.rf.a72213fd252904404d6837d2cfd3eabe.jpg,640,640,knife,112,427,185,512,73,85
Mannaja-SAA-3_jpg.rf.a7344fbfb134c275009ba241fca9facd.jpg,640,640,gun,327,404,422,577,95,173
knife_1195_jpg.rf.a771f0d1daba33a34d76f5973517a0a7.jpg,640,640,knife,163,324,284,409,121,85
gun_2_1_1__0010600_jpg.rf.a6ff418161628f8fbaa30a2c2b0d94dc.jpg,640,640,gun,331,292,369,341,38,49
knife_278_jpg.rf.a797ba724678e1e2092f64c83692d85a.jpg,640,640,knife,333,237,611,491,278,254
IDW_B92_03_jpg.rf.a77ac8124f0e74c09fef0afa30156148.jpg,640,640,gun,277,338,392,569,115,231
knife_33_jpg.rf.a77f6b323e036ebaf6a41c655d7644d3.jpg,640,640,knife,39,100,419,392,380,292
knife_1087_jpg.rf.a7a26ba301c8ada86d1df30c32ddacbe.jpg,640,640,knife,12,162,291,491,279,329
6_22_1_0000228_jpg.rf.a7967c06dbe31519fa76e9b787593171.jpg,640,640,gun,249,79,303,347,54,268
TLHG_27_jpg.rf.a7be629f09fedf0a8c72059393af286b.jpg,640,640,gun,358,182,415,315,57,133
batch_53_jpg.rf.a7a66c4fef04e5ad97ffe750953dba75.jpg,640,640,gun,53,43,96,121,43,78
batch_53_jpg.rf.a7a66c4fef04e5ad97ffe750953dba75.jpg,640,640,gun,434,31,492,207,58,176
batch_53_jpg.rf.a7a66c4fef04e5ad97ffe750953dba75.jpg,640,640,gun,56,436,82,555,26,119
batch_53_jpg.rf.a7a66c4fef04e5ad97ffe750953dba75.jpg,640,640,gun,465,536,533,586,68,50
knife_362_jpg.rf.a7b19115b3d6aee2de9c25bd70593e45.jpg,640,640,knife,212,156,428,391,216,235
gun1_6m_static_0000728_jpg.rf.a816bd5ccf3a1716898d6a5e8dc5dcfb.jpg,640,640,gun,224,455,260,552,36,97
KravMagaKnifeDefenseTechniques186_jpg.rf.a8236d1975dad661de92ca5f1b6d2fab.jpg,640,640,knife,220,177,311,272,91,95
gun_3_1_1__0003424_jpg.rf.a7a8880d457393746695343a17be01f9.jpg,640,640,gun,243,336,305,548,62,212
203_jpg.rf.a800e91b8f0a81ecca5f30a33fd9267a.jpg,640,640,knife,329,8,420,403,91,395
knife_225_jpg.rf.a836939a183cda067ae2715d46059add.jpg,640,640,knife,198,108,636,476,438,368
128_jpg.rf.a80cfb06b3fff472ead7ccaa21031499.jpg,640,640,knife,325,534,363,609,38,75
101512275_411_jpg.rf.a8135b95e4a0a70046f61f6b49a5cb1a.jpg,640,640,gun,514,202,619,346,105,144
28_jpg.rf.a7d87329e3d3cc923652a4a8c68a86f9.jpg,640,640,knife,262,454,288,515,26,61
knife_883_jpg.rf.a842b7153680c5e62526f47a20adacce.jpg,640,640,knife,57,497,132,640,75,143
DSC_0061_JPG_jpg.rf.a83be47a2bb5db7d70aa54b9220c19cd.jpg,640,640,knife,274,288,325,497,51,209
knife_533_jpg.rf.a8338e3969210f5b18e53af7104112f3.jpg,640,640,knife,293,357,519,615,226,258
knife_226_jpg.rf.a8554d06d471cddbb6785249331d760c.jpg,640,640,knife,143,5,467,531,324,526
7_7_asd_00097226_jpg.rf.a8627b207b718a005b048b27e64869ec.jpg,640,640,gun,475,342,549,448,74,106
7_7_asd_00097226_jpg.rf.a8627b207b718a005b048b27e64869ec.jpg,640,640,gun,443,319,507,413,64,94
batch_259_jpg.rf.a8a0cbcbe476535289cb8c505b423d80.jpg,640,640,knife,149,65,278,165,129,100
batch_259_jpg.rf.a8a0cbcbe476535289cb8c505b423d80.jpg,640,640,knife,510,123,531,172,21,49
batch_259_jpg.rf.a8a0cbcbe476535289cb8c505b423d80.jpg,640,640,knife,192,321,239,568,47,247
batch_259_jpg.rf.a8a0cbcbe476535289cb8c505b423d80.jpg,640,640,knife,420,341,538,597,118,256
null_image.jpg,640,640,,,,,,0,0
05_14_0000067_jpg.rf.a889e679ff83240744b88e7ee987c76a.jpg,640,640,gun,63,69,579,564,516,495
11_12_187_jpg.rf.a83d695b9ed249a282cc6ea7188fa147.jpg,640,640,gun,30,108,616,506,586,398
KravMagaTraining21094_jpg.rf.a86e51a2fd288e79a446a469ceba07a2.jpg,640,640,knife,229,435,331,514,102,79
6_22_2_0006996_jpg.rf.a8cbe7d965f56304ef8e8ea4c8fbd5af.jpg,640,640,gun,207,238,256,344,49,106
3311_jpg.rf.a88ef0f192687e586d90b1c4b407b5bb.jpg,640,640,knife,377,254,421,348,44,94
6_22_1_0001868_jpg.rf.a8e99ef0a780048d5a7982c5331ca1ea.jpg,640,640,gun,289,325,441,495,152,170
DefenseKnifeAttack0798_jpg.rf.a8a938dba33da636c77f5aa4e3b374d9.jpg,640,640,knife,231,502,334,557,103,55
106_jpg.rf.a8c5792251943019b5dbcda74dddb205.jpg,640,640,knife,351,272,437,563,86,291
DSC_0062_JPG_jpg.rf.a94924a24e1a3bd06229d3fb4c8e42ca.jpg,640,640,knife,349,334,448,381,99,47
267_jpg.rf.a8b59bcf340e3230c050fe1bca6a11ac.jpg,640,640,knife,161,248,494,343,333,95
gun_3_2_1__0002816_jpg.rf.a95f86e99f6b6fb31b7e84b426df11d0.jpg,640,640,gun,288,465,342,640,54,175
6_22_4_0006628_jpg.rf.a90df6aee39ffe9a8af817342c8f1bc5.jpg,640,640,gun,232,435,275,534,43,99
knife_584_jpg.rf.a9495305896d71c146e0c7e7532ca2ea.jpg,640,640,knife,309,68,627,347,318,279
batch_4_jpg.rf.a8f6b6e2a693abc4bcc98f756bc7e7e0.jpg,640,640,gun,73,139,87,173,14,34
batch_4_jpg.rf.a8f6b6e2a693abc4bcc98f756bc7e7e0.jpg,640,640,gun,374,142,389,169,15,27
batch_4_jpg.rf.a8f6b6e2a693abc4bcc98f756bc7e7e0.jpg,640,640,gun,86,463,100,487,14,24
batch_4_jpg.rf.a8f6b6e2a693abc4bcc98f756bc7e7e0.jpg,640,640,gun,499,501,520,524,21,23
KravMagaKnifeDefenseTechniques193_jpg.rf.a8d1330ce8530f9f859596985df5234d.jpg,640,640,knife,240,232,332,330,92,98
knife_812_jpg.rf.a9818f30e09c817f1afa758dd088b20a.jpg,640,640,knife,76,398,146,588,70,190
Nsna-rev2_jpg.rf.a97769034254a08880fca90ea95aaccd.jpg,640,640,gun,292,335,351,571,59,236
56_jpg.rf.a9de6289fbd549ce93a3d702577f43d7.jpg,640,640,knife,288,432,328,565,40,133
knife_839_jpg.rf.a9643926fa7f0cfebb77d270d61814e4.jpg,640,640,knife,142,299,211,476,69,177
knife_651_jpg.rf.a9d9f334b4a4665b38b2d660b7190de1.jpg,640,640,knife,310,228,469,340,159,112
Tequila_424_jpg.rf.a9ec0dbc62a80242b5024df426d62875.jpg,640,640,gun,206,454,362,597,156,143
BloodF_14_jpg.rf.a97b2d1fb8ffdee4bcd82455c9494d70.jpg,640,640,gun,316,246,333,350,17,104
BloodF_14_jpg.rf.a97b2d1fb8ffdee4bcd82455c9494d70.jpg,640,640,gun,513,319,542,437,29,118
batch_288_jpg.rf.a993dca95a018a3f0e307697d1f2e34d.jpg,640,640,knife,89,245,132,266,43,21
batch_288_jpg.rf.a993dca95a018a3f0e307697d1f2e34d.jpg,640,640,knife,399,215,439,234,40,19
batch_288_jpg.rf.a993dca95a018a3f0e307697d1f2e34d.jpg,640,640,knife,73,527,111,554,38,27
batch_288_jpg.rf.a993dca95a018a3f0e307697d1f2e34d.jpg,640,640,knife,340,488,386,546,46,58
KravMagaTraining4628_jpg.rf.a9fb8196385e8adb03ab3ad59415e41a.jpg,640,640,knife,109,111,185,265,76,154
knife_1030_jpg.rf.a8ec6f16a0fc8058e8570969a23d250e.jpg,640,640,knife,228,233,269,418,41,185
DefenseKnifeAttack0198_jpg.rf.a9d36b0f877f6ce6cdbc9f3cc79eb925.jpg,640,640,knife,191,437,283,503,92,66
Man_on_Fire_1987-Revolver-4_jpg.rf.a9b31dc5bcb66a35c5e4480adc41f9b1.jpg,640,640,gun,148,75,248,414,100,339
knife_1198_jpg.rf.aa1473cb886d2a5e9e873290691b5f3e.jpg,640,640,knife,297,289,368,382,71,93
Franchi_LAW-12_jpg.rf.a9a0fae0b8605b633316b51a085a2bd6.jpg,640,640,gun,7,9,638,636,631,627
knife_73_jpg.rf.aa15adc95e522f9a67c5abd70911edff.jpg,640,640,knife,0,217,638,463,638,246
6_22_3_0004976_jpg.rf.aa4b4a49d53abb5e592f9feff9435d9f.jpg,640,640,gun,313,225,375,324,62,99
batch_79_jpg.rf.a9f5dee3706593c7e71b117a981d7f1b.jpg,640,640,gun,14,129,112,316,98,187
batch_79_jpg.rf.a9f5dee3706593c7e71b117a981d7f1b.jpg,640,640,gun,438,68,465,139,27,71
batch_79_jpg.rf.a9f5dee3706593c7e71b117a981d7f1b.jpg,640,640,gun,498,129,540,204,42,75
batch_79_jpg.rf.a9f5dee3706593c7e71b117a981d7f1b.jpg,640,640,gun,61,436,261,612,200,176
batch_79_jpg.rf.a9f5dee3706593c7e71b117a981d7f1b.jpg,640,640,gun,428,353,621,562,193,209
11_12_1526_jpg.rf.aa164f475439d0125fd34c45006d5353.jpg,640,640,gun,0,43,639,522,639,479
knife_342_jpg.rf.a9ea4d06569498cf9b7b872a2d2e0154.jpg,640,640,knife,300,234,495,617,195,383
gun_2_1_1__0007470_jpg.rf.aa57afa38e12a1ea655029a4812a0187.jpg,640,640,gun,546,327,578,368,32,41
batch_57_jpg.rf.a999ed727962210d60f44fc9f559894b.jpg,640,640,knife,120,106,190,291,70,185
batch_57_jpg.rf.a999ed727962210d60f44fc9f559894b.jpg,640,640,knife,453,173,492,207,39,34
batch_57_jpg.rf.a999ed727962210d60f44fc9f559894b.jpg,640,640,knife,133,493,172,527,39,34
batch_57_jpg.rf.a999ed727962210d60f44fc9f559894b.jpg,640,640,knife,457,500,495,529,38,29
43_jpg.rf.a90b92f6de56da50344fd5c026df829c.jpg,640,640,knife,296,415,342,528,46,113
7_7_asd_00128110_jpg.rf.a96ab1a868ca896acabf40ed623ebc86.jpg,640,640,gun,75,370,164,483,89,113
Carl_06_jpg.rf.aa5a58d9129282b9a807eb308a7ccde4.jpg,640,640,gun,265,60,377,422,112,362
batch_233_jpg.rf.aa05790f8ffeda98a89c5a38a426808e.jpg,640,640,gun,117,145,221,279,104,134
batch_233_jpg.rf.aa05790f8ffeda98a89c5a38a426808e.jpg,640,640,gun,414,106,534,260,120,154
batch_233_jpg.rf.aa05790f8ffeda98a89c5a38a426808e.jpg,640,640,gun,118,364,143,439,25,75
batch_233_jpg.rf.aa05790f8ffeda98a89c5a38a426808e.jpg,640,640,gun,411,389,535,480,124,91
KravMagaTraining619_jpg.rf.aa5d3c3d85242abc8e5567ac8a7cdb6b.jpg,640,640,knife,540,203,594,332,54,129
KravMagaKnifeDefenseTechniques238_jpg.rf.aa548b32539ec47ead452c01579d4002.jpg,640,640,knife,192,250,272,361,80,111
KravMagaTraining000_jpg.rf.aa59e777c0755925967b683e0b32a973.jpg,640,640,knife,326,57,402,145,76,88
knife_956_jpg.rf.a822cb37c6bbab5186a2fbe2f7afcd5b.jpg,640,640,knife,58,478,131,640,73,162
3419_jpg.rf.aa602b51aba46f9012f5dfc6788fb15b.jpg,640,640,knife,395,58,443,414,48,356
TheBigHeat_11_jpg.rf.a99b21fd328199d297286d5433600989.jpg,640,640,gun,173,423,252,568,79,145
10177479_1851_jpg.rf.aa0d3637bc9c3c3b217536eaf4fef074.jpg,640,640,gun,22,216,551,416,529,200
batch_192_jpg.rf.aa41578c60bc7844f9c842f291b6a43c.jpg,640,640,knife,128,33,258,178,130,145
batch_192_jpg.rf.aa41578c60bc7844f9c842f291b6a43c.jpg,640,640,knife,431,140,532,302,101,162
batch_192_jpg.rf.aa41578c60bc7844f9c842f291b6a43c.jpg,640,640,knife,133,363,252,532,119,169
batch_192_jpg.rf.aa41578c60bc7844f9c842f291b6a43c.jpg,640,640,knife,367,472,493,635,126,163
691_jpg.rf.aa63e6a423d3f735227a0513bad4d8e7.jpg,640,640,knife,169,267,218,640,49,373
GuardianAngel-AK47-02_jpg.rf.aa6a514876e793cff434ee13d8224417.jpg,640,640,gun,274,144,389,305,115,161
knife_661_jpg.rf.aa85eadc52363d2be050e53f21dd6046.jpg,640,640,knife,149,222,608,376,459,154
KravMagaTraining20404_jpg.rf.aa82d3ea58d6d41a142bc0779dd9e4a8.jpg,640,640,knife,126,257,154,368,28,111
Martinisporter_jpg.rf.aa8869b553ced48e1c819e808de03c25.jpg,640,640,gun,4,81,630,582,626,501
FDB_007_jpg.rf.aa755865c15a5a08af6d61d73437a3b9.jpg,640,640,gun,83,51,148,340,65,289
11131560_181_jpg.rf.aaa721c5d0225189324c0cebc71cf5ce.jpg,640,640,gun,435,6,523,247,88,241
knife_760_jpg.rf.aaa2d3e97ad5bf24519e9c982a2a6ec9.jpg,640,640,knife,300,74,358,411,58,337
batch_373_jpg.rf.aad1320a488a615c70728f0da7c3bf47.jpg,640,640,gun,2,23,145,270,143,247
batch_373_jpg.rf.aad1320a488a615c70728f0da7c3bf47.jpg,640,640,gun,386,101,430,176,44,75
batch_373_jpg.rf.aad1320a488a615c70728f0da7c3bf47.jpg,640,640,gun,3,528,43,611,40,83
batch_373_jpg.rf.aad1320a488a615c70728f0da7c3bf47.jpg,640,640,gun,339,489,408,551,69,62
batch_373_jpg.rf.aad1320a488a615c70728f0da7c3bf47.jpg,640,640,gun,493,445,525,529,32,84
Gun_482_jpg.rf.aabab0f2891cb910ca2faf5319283d65.jpg,640,640,gun,22,133,589,406,567,273
KravMagaKnifeDefenseTechniques777_jpg.rf.aad655be000557098992eacf751d5492.jpg,640,640,knife,253,416,339,476,86,60
Chasesig_jpg.rf.aaf00c8a26df427ea4133176432293ee.jpg,640,640,gun,237,137,459,615,222,478
batch_119_jpg.rf.aac9b145c1ba131bcb7c86ac1267fae4.jpg,640,640,knife,59,192,169,253,110,61
batch_119_jpg.rf.aac9b145c1ba131bcb7c86ac1267fae4.jpg,640,640,knife,42,106,170,173,128,67
batch_119_jpg.rf.aac9b145c1ba131bcb7c86ac1267fae4.jpg,640,640,knife,37,21,170,87,133,66
batch_119_jpg.rf.aac9b145c1ba131bcb7c86ac1267fae4.jpg,640,640,knife,449,137,558,280,109,143
batch_119_jpg.rf.aac9b145c1ba131bcb7c86ac1267fae4.jpg,640,640,knife,138,473,226,573,88,100
batch_119_jpg.rf.aac9b145c1ba131bcb7c86ac1267fae4.jpg,640,640,knife,459,473,547,573,88,100
KravMagaKnifeDefenseTechniques780_jpg.rf.aaf97d42111683109320e1e3103da6a0.jpg,640,640,knife,253,412,341,472,88,60
22_jpg.rf.ab02ea7f8e2ef98836ec7aff86f4a3a1.jpg,640,640,knife,177,412,220,468,43,56
The_Foreigner_505_jpg.rf.aae38bc2e98a4ff83443b55d1294fca1.jpg,640,640,gun,207,166,325,487,118,321
gun_2_1_1__0009080_jpg.rf.aace376be82c8bb52385dd4345df597d.jpg,640,640,gun,416,340,476,420,60,80
knife_489_jpg.rf.aae01129e2eb6a4e6d5872ca5cecb8d5.jpg,640,640,knife,31,213,513,410,482,197
4367_jpg.rf.ab0680edb79672f2215c8ce4f628c088.jpg,640,640,knife,422,109,463,282,41,173
KravMagaTraining051_jpg.rf.aa9956daaf2bc028f66f0e3b69617b76.jpg,640,640,knife,337,105,392,252,55,147
batch_306_jpg.rf.ab0c2e54755f5d89bae0f820265b2ef2.jpg,640,640,gun,31,107,57,194,26,87
batch_306_jpg.rf.ab0c2e54755f5d89bae0f820265b2ef2.jpg,640,640,gun,349,111,384,191,35,80
batch_306_jpg.rf.ab0c2e54755f5d89bae0f820265b2ef2.jpg,640,640,gun,30,430,63,511,33,81
batch_306_jpg.rf.ab0c2e54755f5d89bae0f820265b2ef2.jpg,640,640,gun,342,425,378,520,36,95
1017121019_861_jpg.rf.aaefd3a48660c5a31aa8e800a2e7336f.jpg,640,640,gun,149,43,281,208,132,165
batch_332_jpg.rf.ab2ffb2ac0042974ccb78da3f010b259.jpg,640,640,knife,115,139,179,264,64,125
batch_332_jpg.rf.ab2ffb2ac0042974ccb78da3f010b259.jpg,640,640,knife,36,215,101,303,65,88
batch_332_jpg.rf.ab2ffb2ac0042974ccb78da3f010b259.jpg,640,640,knife,466,82,511,133,45,51
batch_332_jpg.rf.ab2ffb2ac0042974ccb78da3f010b259.jpg,640,640,knife,7,421,173,478,166,57
batch_332_jpg.rf.ab2ffb2ac0042974ccb78da3f010b259.jpg,640,640,knife,349,413,489,545,140,132
batch_126_jpg.rf.ab3b14dc96ab01e7d7965a7fa5879c16.jpg,640,640,knife,109,216,162,259,53,43
batch_126_jpg.rf.ab3b14dc96ab01e7d7965a7fa5879c16.jpg,640,640,knife,412,261,462,303,50,42
batch_126_jpg.rf.ab3b14dc96ab01e7d7965a7fa5879c16.jpg,640,640,knife,379,454,417,569,38,115
batch_126_jpg.rf.ab3b14dc96ab01e7d7965a7fa5879c16.jpg,640,640,knife,177,400,216,600,39,200
11_12_2999_jpg.rf.aafe29e26036e320cb878011c501942f.jpg,640,640,gun,64,236,309,538,245,302
11_12_2999_jpg.rf.aafe29e26036e320cb878011c501942f.jpg,640,640,gun,332,158,502,395,170,237
05_14_0000400_jpg.rf.aafcaee32ffc028674deff3ce9d0a479.jpg,640,640,gun,153,258,317,590,164,332
18_jpg.rf.ab2f41d29084bc4a80882874d173bfff.jpg,640,640,knife,214,248,418,386,204,138
2022-04-15_75_jpg.rf.ab3cedc8e126c49b5e25de5e39527910.jpg,640,640,knife,306,471,342,518,36,47
1024215719_6212_jpg.rf.ab5d2eb7137bc1d8f1b27685d25cb25d.jpg,640,640,gun,97,349,337,551,240,202
6_22_2_0006904_jpg.rf.ab10e20d98adcddcc85ffe23ea146cf6.jpg,640,640,gun,412,285,461,380,49,95
knife_151_jpg.rf.ab1e12d006bf38af2112af211d017329.jpg,640,640,knife,55,306,639,563,584,257
batch_296_jpg.rf.ab42e163685cadd480e82de838d3bbb5.jpg,640,640,gun,179,31,212,83,33,52
batch_296_jpg.rf.ab42e163685cadd480e82de838d3bbb5.jpg,640,640,gun,188,236,216,288,28,52
batch_296_jpg.rf.ab42e163685cadd480e82de838d3bbb5.jpg,640,640,gun,545,141,578,208,33,67
batch_296_jpg.rf.ab42e163685cadd480e82de838d3bbb5.jpg,640,640,gun,372,103,401,182,29,79
batch_296_jpg.rf.ab42e163685cadd480e82de838d3bbb5.jpg,640,640,gun,129,504,154,528,25,24
batch_296_jpg.rf.ab42e163685cadd480e82de838d3bbb5.jpg,640,640,gun,581,471,607,508,26,37
Gun_623_jpg.rf.ab418bda1a923b9d1d16209e2c8402c1.jpg,640,640,gun,1,77,214,207,213,130
Blaser93SniperRifleA_jpg.rf.ab608e2447c3c475b2cd8bffe76731c4.jpg,640,640,gun,10,10,635,618,625,608
knife_27_jpg.rf.ab66ade97dfa9c7786f2385c299f187e.jpg,640,640,knife,293,203,548,603,255,400
DSC_0026_JPG_jpg.rf.abab4c67c83b4b97363e6fba5d0cf138.jpg,640,640,knife,345,228,394,265,49,37
TheBigSleep_3_jpg.rf.abbeda17668985fb2ed998535f66a92d.jpg,640,640,gun,448,327,524,415,76,88
1365331_04__00634_jpg.rf.ab7acd51cf20bfb0033db7c9ae121fdb.jpg,640,640,gun,527,339,581,437,54,98
knife_1108_jpg.rf.ab616158f3af1423f5ee7d4238a9275b.jpg,640,640,knife,304,359,430,535,126,176
knife_1043_jpg.rf.abcbb5d47a16ee62f68bd8da0496ecab.jpg,640,640,knife,79,353,621,619,542,266
batch_298_jpg.rf.ab91fd1317e3e5d6b6daf5aee179ef8a.jpg,640,640,gun,0,12,312,302,312,290
batch_298_jpg.rf.ab91fd1317e3e5d6b6daf5aee179ef8a.jpg,640,640,gun,330,75,623,271,293,196
batch_298_jpg.rf.ab91fd1317e3e5d6b6daf5aee179ef8a.jpg,640,640,gun,3,322,313,635,310,313
batch_298_jpg.rf.ab91fd1317e3e5d6b6daf5aee179ef8a.jpg,640,640,gun,563,411,599,565,36,154
gun_2_1_1__0001860_jpg.rf.aba3a022ce48ca0a216eadb7a9188271.jpg,640,640,gun,278,387,324,427,46,40
101119188_474_jpg.rf.ab65aae23707251653bad0c027a5cf4f.jpg,640,640,gun,111,206,335,530,224,324
batch_123_jpg.rf.ab6b6ab3ac9a2f579a82d351a0932832.jpg,640,640,gun,154,21,313,311,159,290
batch_123_jpg.rf.ab6b6ab3ac9a2f579a82d351a0932832.jpg,640,640,gun,1,16,137,307,136,291
batch_123_jpg.rf.ab6b6ab3ac9a2f579a82d351a0932832.jpg,640,640,gun,324,1,631,314,307,313
batch_123_jpg.rf.ab6b6ab3ac9a2f579a82d351a0932832.jpg,640,640,gun,31,395,168,639,137,244
batch_123_jpg.rf.ab6b6ab3ac9a2f579a82d351a0932832.jpg,640,640,gun,324,325,636,631,312,306
AR15_Sporter_carbine_solid_jpg.rf.ab76b4cd39759fe04a1e7207cedda6b7.jpg,640,640,gun,1,0,634,626,633,626
sharpenKnife111_jpg.rf.abb4ba9329f2e83fbcfc07b87d16e316.jpg,640,640,knife,93,286,585,438,492,152
gun_3_1_1__0002432_jpg.rf.abcc29c31f43846c94f03b921fb33ebc.jpg,640,640,gun,265,296,317,453,52,157
gun_3_2_1__0000208_jpg.rf.abefc65b42d1557c9e4b1c54e5099afb.jpg,640,640,gun,266,208,347,558,81,350
KravMagaKnifeDefenseTechniques067_jpg.rf.ab7fd92a46768ea5cdcb8f5934c28b1e.jpg,640,640,knife,268,347,342,413,74,66
batch_428_jpg.rf.abf2bc9005bef303b31e69e314d9d21d.jpg,640,640,gun,92,71,157,174,65,103
batch_428_jpg.rf.abf2bc9005bef303b31e69e314d9d21d.jpg,640,640,gun,540,10,633,99,93,89
batch_428_jpg.rf.abf2bc9005bef303b31e69e314d9d21d.jpg,640,640,gun,20,390,124,538,104,148
batch_428_jpg.rf.abf2bc9005bef303b31e69e314d9d21d.jpg,640,640,gun,339,391,442,534,103,143
gun_2_1_1__0001135_jpg.rf.abf0808efb888222636d61f658e7bb57.jpg,640,640,gun,98,332,133,361,35,29
USM-G22-4_jpg.rf.abf07521efe8434ec3e638d433e69ebf.jpg,640,640,gun,122,65,275,500,153,435
6_22_4_0010468_jpg.rf.ac00ac547539e5d9a75e972467e40737.jpg,640,640,gun,332,391,379,487,47,96
FWDJ77_10_jpg.rf.abc0fdeb19461af43829f60fb2d7ff9c.jpg,640,640,gun,168,464,261,607,93,143
27_jpg.rf.aba2cc8a47d0a9a74d49e37177656da4.jpg,640,640,knife,281,37,397,640,116,603
gun_2_1_1__0004130_jpg.rf.aba88e3be940cf151ed0611f10e3d31d.jpg,640,640,gun,356,280,394,333,38,53
KravMagaKnifeDefenseTechniques173_jpg.rf.ac1977aef338a96e36b351c79bba6e91.jpg,640,640,knife,215,174,302,280,87,106
batch_199_jpg.rf.ac0bb9dba1dfbcdc95ac38d766e112ee.jpg,640,640,gun,172,229,219,293,47,64
batch_199_jpg.rf.ac0bb9dba1dfbcdc95ac38d766e112ee.jpg,640,640,gun,376,173,460,319,84,146
batch_199_jpg.rf.ac0bb9dba1dfbcdc95ac38d766e112ee.jpg,640,640,gun,101,470,151,613,50,143
batch_199_jpg.rf.ac0bb9dba1dfbcdc95ac38d766e112ee.jpg,640,640,gun,425,417,499,631,74,214
8heads-usp5_jpg.rf.ac1595e21f1e1c823cad72d9a4e12647.jpg,640,640,gun,353,305,454,472,101,167
MechR_209_jpg.rf.ac599197f5966065a6c2f7ad89c25e4d.jpg,640,640,gun,294,271,560,639,266,368
Trinadtsat-C96_jpg.rf.ac0988b4865b36a8a9a5ada2f7eddcda.jpg,640,640,gun,274,145,395,299,121,154
knife_1169_jpg.rf.ac214211ab386485e9514b206f1f5bdc.jpg,640,640,knife,199,235,288,357,89,122
ColtMkIVSilver_DeNiro_Machete_jpg.rf.ac5621bd1bf75e53211cb1c2f786d995.jpg,640,640,gun,8,22,628,618,620,596
ItLoD5MM_pistol_2_1_jpg.rf.aca7e0c8848a7c96ea30ee87dc9f6de1.jpg,640,640,gun,494,309,576,400,82,91
UnderworldEvolution870ExpressMagnum2_jpg.rf.ac68dce8a4f8ebf127ec1fff652d18f9.jpg,640,640,gun,33,38,615,611,582,573
knife_120_jpg.rf.acb0affa1f8903c7fe1450963200de4c.jpg,640,640,knife,137,40,323,609,186,569
knife_529_jpg.rf.ac70182adf11950be73879853f4af2f2.jpg,640,640,knife,111,369,508,589,397,220
11_12_2302_jpg.rf.acae05389d83f7b8e10daa331f49632f.jpg,640,640,gun,83,28,570,561,487,533
2022-04-15_7_jpg.rf.ac4f5f4ca83e933628730a7651891ef2.jpg,640,640,knife,348,563,389,603,41,40
11_12_1739_jpg.rf.ac24b054615d68f7f59d009a65a5bfcb.jpg,640,640,gun,8,0,616,624,608,624
DefenseKnifeAttack0419_jpg.rf.ac6d74a47cb015dc20a9975f20e84350.jpg,640,640,knife,163,540,261,611,98,71
15_jpg.rf.accda9729b570d651c8b306de9d499d8.jpg,640,640,knife,282,69,403,640,121,571
knife_1298_jpg.rf.ac2512878793b20748b466f4534a06cb.jpg,640,640,knife,350,164,454,240,104,76
6_22_4_0008088_jpg.rf.ac6ea2855437e24c882c443f9c893c52.jpg,640,640,gun,176,142,209,200,33,58
1649338706-4873762_jpg.rf.acaac09e9af8bafa164c412de1d87cd6.jpg,640,640,knife,240,172,431,520,191,348
Kazachya_zastava-Mauser-1_jpg.rf.aca8401e6d9967d55563ecb3018fdd15.jpg,640,640,gun,199,177,409,332,210,155
333_jpg.rf.acf46293b1fc8756eb6a978c01a2e146.jpg,640,640,knife,337,16,414,553,77,537
6_22_1_0000404_jpg.rf.acc73252e11b3365944e7fb1b44b346d.jpg,640,640,gun,255,23,314,297,59,274
DSC_00461_JPG_jpg.rf.acba59734aba705aebed822ea789c2f3.jpg,640,640,knife,306,170,336,274,30,104
KravMagaKnifeDefenseTechniques179_jpg.rf.ac92e5ee6c5b5eb4eb33e33714418408.jpg,640,640,knife,189,131,260,231,71,100
KravMagaKnifeDefenseTechniques172_jpg.rf.ace4cb851a932cda929dfd4ea491602f.jpg,640,640,knife,218,177,300,278,82,101
knife_1236_jpg.rf.ac9250e9ea7e9b4ee4fc60a3cc19a901.jpg,640,640,knife,189,191,283,489,94,298
knife_1236_jpg.rf.ac9250e9ea7e9b4ee4fc60a3cc19a901.jpg,640,640,knife,302,148,362,375,60,227
knife_1236_jpg.rf.ac9250e9ea7e9b4ee4fc60a3cc19a901.jpg,640,640,knife,373,192,419,380,46,188
6_22_4_0006892_jpg.rf.acf607234d3d4bdff649540ed97edf5e.jpg,640,640,gun,258,229,305,323,47,94
null_image.jpg,640,640,,,,,,0,0
P226r-dak-large_jpg.rf.acc31cb2a8170a15a346102bb7e38ea5.jpg,640,640,gun,0,0,623,618,623,618
DefenseKnifeAttack0563_jpg.rf.ad7dcb58998caa92cc882ad1a6357e7e.jpg,640,640,knife,135,330,220,436,85,106
knife_1180_jpg.rf.acb8c6e17b1722e7fb69814eb95d12ea.jpg,640,640,knife,299,291,363,382,64,91
2022-04-15_6_jpg.rf.ad09bd6b6e35e4aca634249a46cb0891.jpg,640,640,knife,257,467,280,556,23,89
Hoodlum-snub-1_jpg.rf.ad96be943a6a13b596bc986c26625788.jpg,640,640,gun,165,300,264,639,99,339
6_22_4_0002004_jpg.rf.acfd6ba4903296b7aa04e98326e559c1.jpg,640,640,gun,280,42,320,155,40,113
KravMagaTraining20143_jpg.rf.ad9a475933005ca1d1fd6e60aa87710d.jpg,640,640,knife,112,397,200,465,88,68
154_jpg.rf.ad3c57ce1d5ca78e4ab2005c31aacb8d.jpg,640,640,knife,320,337,362,434,42,97
2022-04-15_8_jpg.rf.ad9998e4687a6f9a007cae2dbfeccff2.jpg,640,640,knife,357,553,392,596,35,43
135_jpg.rf.ad5948b33728a586ae54ce4258ee91d9.jpg,640,640,knife,298,517,351,541,53,24
KravMagaTraining21315_jpg.rf.ad7f031b55f71bed9decf6c8df70580d.jpg,640,640,knife,135,481,312,601,177,120
DefenseKnifeAttack0052_jpg.rf.ad661eff8b7b24349114ca50e0b4e368.jpg,640,640,knife,339,247,382,327,43,80
RusoClases461_jpg.rf.ad9bca94ef061f23341a8f04f8a8fa2f.jpg,640,640,knife,525,372,596,540,71,168
knife_1070_jpg.rf.ad89720fc2c2ada7ceee4f62d98d327d.jpg,640,640,knife,162,305,280,545,118,240
knife_42_jpg.rf.ad1e759e37a85d46f8ed211a9d2d1186.jpg,640,640,knife,151,145,363,623,212,478
batch_445_jpg.rf.ad0a66333b5b0ef06049550fe29b0d4f.jpg,640,640,gun,0,29,313,306,313,277
batch_445_jpg.rf.ad0a66333b5b0ef06049550fe29b0d4f.jpg,640,640,gun,516,248,550,299,34,51
batch_445_jpg.rf.ad0a66333b5b0ef06049550fe29b0d4f.jpg,640,640,gun,271,410,305,513,34,103
batch_445_jpg.rf.ad0a66333b5b0ef06049550fe29b0d4f.jpg,640,640,gun,73,464,123,540,50,76
batch_445_jpg.rf.ad0a66333b5b0ef06049550fe29b0d4f.jpg,640,640,gun,460,347,510,463,50,116
Gun_814_jpg.rf.ada0c8ee12cf35e05724e1e1c2f95036.jpg,640,640,gun,4,0,624,619,620,619
gun_3_3_1__0002508_jpg.rf.ad993d19e13f28d35f8c4c9e01cd903e.jpg,640,640,gun,67,333,144,523,77,190
knife_157_jpg.rf.adba9a7fedd4a88ca58b5f37716535a7.jpg,640,640,knife,238,141,444,636,206,495
batch_350_jpg.rf.adaf9e1074012665d7165f4bd5dc6f6b.jpg,640,640,gun,73,198,104,254,31,56
batch_350_jpg.rf.adaf9e1074012665d7165f4bd5dc6f6b.jpg,640,640,gun,456,138,485,196,29,58
batch_350_jpg.rf.adaf9e1074012665d7165f4bd5dc6f6b.jpg,640,640,gun,176,453,209,506,33,53
batch_350_jpg.rf.adaf9e1074012665d7165f4bd5dc6f6b.jpg,640,640,gun,487,454,526,511,39,57
gun1_5m_static_0002032_jpg.rf.adcda81acc81aefdc910c14b8029fe4e.jpg,640,640,gun,354,319,411,432,57,113
1649338731-8367527_jpg.rf.addb7c35cd5f6844bfa48dc108caa442.jpg,640,640,knife,300,130,383,639,83,509
6_22_1_0003632_jpg.rf.ade47125a6c7370fc60f8b63e57752e8.jpg,640,640,gun,400,362,507,611,107,249
Ruby-and-Quentin-Glock-1_jpg.rf.adf4b69e057e0688c084473f1180c65c.jpg,640,640,gun,367,55,515,339,148,284
Gun_2155_jpg.rf.adab35d3c543503fdda0aff3dea203e3.jpg,640,640,gun,59,175,406,518,347,343
knife_602_jpg.rf.add9200e2eda22c49a540cb01775b4e7.jpg,640,640,knife,43,22,449,519,406,497
KC_08_jpg.rf.adfbbbbb617fb96e220d99cf676da592.jpg,640,640,gun,309,185,355,343,46,158
Rtp-m1911a_jpg.rf.adfdee3054277b79e8377052605d5f5d.jpg,640,640,gun,173,425,243,573,70,148
knife_1080_jpg.rf.ae4a64350f5c1346eb4389f5eeda1f7d.jpg,640,640,knife,8,0,201,452,193,452
knife_153_jpg.rf.ae1ae2c5e93d1913c76beebc6972f5f4.jpg,640,640,knife,10,81,519,594,509,513
DefenseKnifeAttack0169_jpg.rf.ae1cc5de0ec6d8bde71898d7c96a3fce.jpg,640,640,knife,192,408,288,469,96,61
123_jpg.rf.ae4a69f6f81a5c0b2c0f5818fb541707.jpg,640,640,knife,26,122,454,585,428,463
null_image.jpg,640,640,,,,,,0,0
113_jpg.rf.ae6607b796ac5d0baa193518aefdc04c.jpg,640,640,knife,299,360,316,486,17,126
null_image.jpg,640,640,,,,,,0,0
gun_3_1_1__0002708_jpg.rf.adc85da4caa4d0aba580747bb109bb64.jpg,640,640,gun,237,333,314,567,77,234
136551_04__01924_jpg.rf.ae7943d371ae752e1a17a9f9c05d1858.jpg,640,640,gun,368,285,427,385,59,100
batch_291_jpg.rf.ae81f105f8931a8bc9aaaf0700251625.jpg,640,640,gun,171,143,288,221,117,78
batch_291_jpg.rf.ae81f105f8931a8bc9aaaf0700251625.jpg,640,640,gun,390,200,426,258,36,58
batch_291_jpg.rf.ae81f105f8931a8bc9aaaf0700251625.jpg,640,640,gun,101,382,192,524,91,142
batch_291_jpg.rf.ae81f105f8931a8bc9aaaf0700251625.jpg,640,640,gun,461,432,501,536,40,104
BerlineFile-Glock2_jpg.rf.ae5b0f59face99f98aefd9dcc8d66127.jpg,640,640,gun,291,182,423,533,132,351
DSC_0069_JPG_jpg.rf.ae7c0126c471844477a29e704393cfaf.jpg,640,640,knife,208,385,237,432,29,47
254_jpg.rf.aebf0ef651d05c015dbe36325c414709.jpg,640,640,knife,186,286,425,423,239,137
gun_3_2_1__0003092_jpg.rf.ae7825b5cfd1d42f3bde7400e7431b56.jpg,640,640,gun,225,302,310,599,85,297
batch_80_jpg.rf.ae70d56e5544dcdbf0f928424b2abb6e.jpg,640,640,gun,283,242,297,290,14,48
batch_80_jpg.rf.ae70d56e5544dcdbf0f928424b2abb6e.jpg,640,640,gun,433,40,456,92,23,52
batch_80_jpg.rf.ae70d56e5544dcdbf0f928424b2abb6e.jpg,640,640,gun,112,383,140,428,28,45
batch_80_jpg.rf.ae70d56e5544dcdbf0f928424b2abb6e.jpg,640,640,gun,493,419,511,469,18,50
null_image.jpg,640,640,,,,,,0,0
knife_491_jpg.rf.aee2366b45120807df6c8f1aad9c8f95.jpg,640,640,knife,86,125,286,493,200,368
knife_491_jpg.rf.aee2366b45120807df6c8f1aad9c8f95.jpg,640,640,knife,352,111,550,493,198,382
2022-04-15_138_jpg.rf.aeb3bedeb8c52878161f1f88ee5d4c57.jpg,640,640,knife,363,540,409,575,46,35
DSC_00501_JPG_jpg.rf.ae6a121681baa74d7e068cb87cf8be29.jpg,640,640,knife,216,260,265,343,49,83
800px-SW686_jpg.rf.aeab5123680ca97bf506d9a701002f77.jpg,640,640,gun,3,0,635,629,632,629
11_12_2611_jpg.rf.ae97d71aa61029a76ed6421217b0d721.jpg,640,640,gun,215,55,426,432,211,377
6_22_2_0006836_jpg.rf.aea4d812622c375eb096486861d665d4.jpg,640,640,gun,70,201,118,300,48,99
103_jpg.rf.af267180f68b384e62315a3d33ad1383.jpg,640,640,knife,406,89,502,446,96,357
batch_300_jpg.rf.aed1e51993b94bdcf63ed80ffde6c63c.jpg,640,640,knife,229,121,252,228,23,107
batch_300_jpg.rf.aed1e51993b94bdcf63ed80ffde6c63c.jpg,640,640,knife,365,14,574,257,209,243
batch_300_jpg.rf.aed1e51993b94bdcf63ed80ffde6c63c.jpg,640,640,knife,105,430,160,527,55,97
batch_300_jpg.rf.aed1e51993b94bdcf63ed80ffde6c63c.jpg,640,640,knife,482,348,591,556,109,208
null_image.jpg,640,640,,,,,,0,0
knife_1290_jpg.rf.af5c59af99c8926987858628cfda6877.jpg,640,640,knife,229,218,269,356,40,138
1649338712-490899_jpg.rf.af61126cedd590543f7922e3372795a1.jpg,640,640,knife,220,270,455,419,235,149
knife_410_jpg.rf.aefad0b299827c5e9b2250e6051bb4b9.jpg,640,640,knife,19,305,316,623,297,318
RusoClases793_jpg.rf.af5b9c43fffb67a682ad7db3a3a276f5.jpg,640,640,knife,449,311,540,391,91,80
4424_jpg.rf.af2f635c048fcce60dba8fabef189463.jpg,640,640,knife,480,165,523,239,43,74
10177215_2526_jpg.rf.af2f2f6e75982246cdf278f251fdc6e3.jpg,640,640,gun,221,155,324,299,103,144
knife_648_jpg.rf.aee9f641728e153dde9dad561e658b81.jpg,640,640,knife,82,79,140,343,58,264
7_7_asd_00137086_jpg.rf.afa598facfd0dc01c2bb36d95dcd20b7.jpg,640,640,gun,419,312,463,405,44,93
Iflookscouldkill16_jpg.rf.afd0a0bfa3ee6a649a7a1a99a645c701.jpg,640,640,gun,0,325,265,486,265,161
batch_353_jpg.rf.af70b29189ef7664f1d05aec8a703df2.jpg,640,640,gun,0,45,311,298,311,253
batch_353_jpg.rf.af70b29189ef7664f1d05aec8a703df2.jpg,640,640,gun,508,76,636,246,128,170
batch_353_jpg.rf.af70b29189ef7664f1d05aec8a703df2.jpg,640,640,gun,82,477,104,537,22,60
batch_353_jpg.rf.af70b29189ef7664f1d05aec8a703df2.jpg,640,640,gun,376,487,431,539,55,52
Passez_une_bonne_nuit-Revolver-5_jpg.rf.af7933f66733ab15e162f4bc64569189.jpg,640,640,gun,562,197,639,387,77,190
null_image.jpg,640,640,,,,,,0,0
La_meute_shotgun_1_3_jpg.rf.af6dd9520656d7fff7fbfca37fcb17ab.jpg,640,640,gun,287,163,435,477,148,314
2022-04-15_9_jpg.rf.af5058efcdbaf6b86ffa01f5a3e4e4c6.jpg,640,640,knife,231,486,260,569,29,83
134_jpg.rf.afe16119f874b7ad2781085fe8457cd6.jpg,640,640,knife,314,211,518,469,204,258
6_22_1_0004724_jpg.rf.af1bc6d24a79c445c1b251eb523575a0.jpg,640,640,gun,281,113,389,405,108,292
Bru_211_jpg.rf.af7f5b6a7d3bcedbbb161601e31dbe07.jpg,640,640,gun,155,90,271,443,116,353
ChappieG3_jpg.rf.af8a4f6792aa3e7fa62c2936982ab654.jpg,640,640,gun,196,185,244,288,48,103
ChappieG3_jpg.rf.af8a4f6792aa3e7fa62c2936982ab654.jpg,640,640,gun,247,180,333,286,86,106
ChappieG3_jpg.rf.af8a4f6792aa3e7fa62c2936982ab654.jpg,640,640,gun,509,220,565,312,56,92
null_image.jpg,640,640,,,,,,0,0
1364648_01__00909_jpg.rf.afa559dc4748307ed221330b2805b096.jpg,640,640,gun,159,248,234,465,75,217
DefenseKnifeAttack0690_jpg.rf.afec8164609cb79e87fefd92abdb075c.jpg,640,640,knife,239,395,282,474,43,79
Missionary_Man-M16-6_jpg.rf.afa57e8172e05482dfd284b1005554cc.jpg,640,640,gun,210,357,602,608,392,251
101516102_3375_jpg.rf.b023b2008317f0ab01310aab6b426169.jpg,640,640,gun,164,160,283,303,119,143
2022-04-15_92_jpg.rf.afe17f9b9c3bb8b53d8b9148a96eb0a5.jpg,640,640,knife,354,349,398,408,44,59
Gun_761_jpg.rf.afe91b64be5e1bbd682cb77b4052f2e4.jpg,640,640,gun,88,115,363,617,275,502
Gun_761_jpg.rf.afe91b64be5e1bbd682cb77b4052f2e4.jpg,640,640,gun,358,21,621,456,263,435
11_12_1643_jpg.rf.b053bb5465fc4f7c691a055071568f0c.jpg,640,640,gun,39,47,599,590,560,543
RusoClases338_jpg.rf.aff58ae613fac7bdd57d5681f31cf4db.jpg,640,640,knife,251,268,317,372,66,104
24-25-P08-3_jpg.rf.b02779d50f87fea2d9ad1777052a9f54.jpg,640,640,gun,228,395,392,571,164,176
102312473_6366_jpg.rf.afdaf69715dcb510d5ca32d534d7e679.jpg,640,640,gun,316,213,340,252,24,39
8_jpg.rf.afeb3a2cd305ebac68885b1162442e8e.jpg,640,640,knife,271,523,337,588,66,65
4Brothers-DE-2_jpg.rf.b02510ccc1eed80793fda31fdc508b26.jpg,640,640,gun,321,165,389,355,68,190
knife_681_jpg.rf.b09c1aa8310455203cf839c59ba084e3.jpg,640,640,knife,300,75,354,429,54,354
192_jpg.rf.b0023304273c6782ef3acedd6ec098cc.jpg,640,640,knife,291,322,317,400,26,78
KravMagaTraining267_jpg.rf.b022d19969fe093a26ed16ce2288a046.jpg,640,640,knife,209,82,282,203,73,121
Webley_mk1_jpg.rf.b04153534d0b6448b9b3373f021a6a55.jpg,640,640,gun,1,6,631,618,630,612
knife_324_jpg.rf.b0e715f5e1db2d6a0b310be81744850d.jpg,640,640,knife,26,275,329,597,303,322
101415330_3783_jpg.rf.b100d794a01d36d3e9b843c8bc221ea2.jpg,640,640,gun,1,100,542,637,541,537
PA2_411_jpg.rf.b073cfac6d45f1424c822a5047d38019.jpg,640,640,gun,279,357,454,519,175,162
gun_2_1_1__0010040_jpg.rf.b0d309bfd23eb7186a2c82088b44b0e7.jpg,640,640,gun,359,267,402,332,43,65
knife_934_jpg.rf.b0f7d1960d5b0fc9da676302e0f2f122.jpg,640,640,knife,79,331,159,509,80,178
BernardelliP018_jpg.rf.b1151cca727033f1fe4923f345e71e77.jpg,640,640,gun,12,15,631,622,619,607
Gun_2506_jpg.rf.b06390502ebe8d38d578b014720713db.jpg,640,640,gun,17,80,626,597,609,517
DefenseKnifeAttack0668_jpg.rf.b12850031985b07932441ffea4abdc6c.jpg,640,640,knife,166,244,234,580,68,336
KravMagaTraining20143_jpg.rf.b0b603240d431027ae637c4caaf1dbc8.jpg,640,640,knife,113,397,200,464,87,67
batch_235_jpg.rf.b130ea6c10a3aeb363033d5477157332.jpg,640,640,gun,51,88,153,234,102,146
batch_235_jpg.rf.b130ea6c10a3aeb363033d5477157332.jpg,640,640,gun,161,98,271,222,110,124
batch_235_jpg.rf.b130ea6c10a3aeb363033d5477157332.jpg,640,640,gun,323,1,631,305,308,304
batch_235_jpg.rf.b130ea6c10a3aeb363033d5477157332.jpg,640,640,gun,112,352,275,529,163,177
batch_235_jpg.rf.b130ea6c10a3aeb363033d5477157332.jpg,640,640,gun,338,348,626,606,288,258
SigP220EarlyModel_jpg.rf.b0f7451289422495648294f428667831.jpg,640,640,gun,3,19,639,639,636,620
53_jpg.rf.b10f0615723f2d692dc67bb9475a3c4a.jpg,640,640,knife,254,447,314,536,60,89
158_jpg.rf.b08b11f306d61e131aedae08e3baf034.jpg,640,640,knife,327,522,376,605,49,83
null_image.jpg,640,640,,,,,,0,0
256_jpg.rf.b13e7b867c95c6321bea27bd4de90f7f.jpg,640,640,knife,294,477,341,605,47,128
knife_225_jpg.rf.b1452d254830a3d1118b7cd64cf270bc.jpg,640,640,knife,198,109,637,477,439,368
1023123859_5811_jpg.rf.b139f7667167e4d6c51c168e20f4983a.jpg,640,640,gun,444,126,468,180,24,54
KravMagaTraining20825_jpg.rf.b11c0147bf669ea8b964b7ab23560611.jpg,640,640,knife,162,390,243,456,81,66
sharpenKnife129_jpg.rf.b18a975d3e852bce86bc33b304fadd8e.jpg,640,640,knife,139,149,556,471,417,322
DSC_0039_JPG_jpg.rf.b13fbc26acdd40612a67389a84ffba06.jpg,640,640,knife,243,249,347,283,104,34
DSC_0039_JPG_jpg.rf.b13fbc26acdd40612a67389a84ffba06.jpg,640,640,knife,256,412,280,514,24,102
11_12_543_jpg.rf.b18c266186b362346bc32180864420cd.jpg,640,640,gun,238,313,490,552,252,239
102110150_4269_jpg.rf.b13bfe1bd627201c5b3cdefb855d4c83.jpg,640,640,gun,16,268,149,575,133,307
knife_369_jpg.rf.b18ec0b236f0466a85d0a1e7ef22e52d.jpg,640,640,knife,19,378,292,617,273,239
DraP-00P_jpg.rf.b1c709f0c3cd6819db1dff6ecf12a7a8.jpg,640,640,gun,252,217,283,302,31,85
TranspRef_07_jpg.rf.b11c5822decfbe9f50c8c0f2def56729.jpg,640,640,gun,145,202,470,629,325,427
knife_49_jpg.rf.b1e6207692722781dd1848166c0d9621.jpg,640,640,knife,189,40,289,543,100,503
1649338736-4770222_jpg.rf.b2105bf0d690558949db60e6ed62d29c.jpg,640,640,knife,180,9,269,640,89,631
11_12_1617_jpg.rf.b187406da2037a59fbc26480c2ffe9c7.jpg,640,640,gun,82,293,614,603,532,310
gun_6m_static_0000496_jpg.rf.b1b80274d84df02c6a8fe5eb49706f65.jpg,640,640,gun,227,80,276,190,49,110
Gun_1346_jpg.rf.b1ea755d981455e9913643ca581f0c8e.jpg,640,640,gun,256,125,591,485,335,360
knife_1344_jpg.rf.b1ca90ec4c6367f5d0bb2d820b1376cf.jpg,640,640,knife,152,402,214,528,62,126
knife_814_jpg.rf.b1de0fb212cb2a9a74284b16138de0f5.jpg,640,640,knife,86,340,162,508,76,168
knife_330_jpg.rf.b21361b8c1c707410bcbcf115751e229.jpg,640,640,knife,196,149,399,448,203,299
Kar98k_ZF39_jpg.rf.b207ac5c797cd689ef8c329c9ece3787.jpg,640,640,gun,25,72,616,578,591,506
gun1_7m_static_0001304_jpg.rf.b18dea7529727f8ffa81fdeefe2d2727.jpg,640,640,gun,380,251,423,338,43,87
batch_263_jpg.rf.b1a66a1caa0d33e2d22133bccb82a00b.jpg,640,640,knife,22,57,141,239,119,182
batch_263_jpg.rf.b1a66a1caa0d33e2d22133bccb82a00b.jpg,640,640,knife,543,129,563,228,20,99
batch_263_jpg.rf.b1a66a1caa0d33e2d22133bccb82a00b.jpg,640,640,knife,98,395,135,445,37,50
batch_263_jpg.rf.b1a66a1caa0d33e2d22133bccb82a00b.jpg,640,640,knife,413,368,448,414,35,46
1649338705-496063_jpg.rf.b2282ad1267a23cbe2781beb2dac4473.jpg,640,640,knife,251,165,432,523,181,358
knife_1272_jpg.rf.b20197eb5055425ca956c66261135bed.jpg,640,640,knife,308,107,334,255,26,148
knife_1272_jpg.rf.b20197eb5055425ca956c66261135bed.jpg,640,640,knife,338,209,378,369,40,160
gun_2_1_1__0004785_jpg.rf.b264a9fbf22eb48d56028e3894cd3663.jpg,640,640,gun,367,284,404,343,37,59
6_22_3_0003092_jpg.rf.b209949e3e169676112e70f361aa51e7.jpg,640,640,gun,227,77,263,237,36,160
1911film_11_jpg.rf.b191ef04b1bc2ecf65ed046e901d306b.jpg,640,640,gun,92,285,320,513,228,228
KravMagaKnifeDefenseTechniques706_jpg.rf.b219b59975c4f3da2b18cba29865e41c.jpg,640,640,knife,289,379,379,439,90,60
DesperateH_403_jpg.rf.b1fe89bccb51eb2f7dc4931894743328.jpg,640,640,gun,98,112,165,253,67,141
7_7_asd_00141416_jpg.rf.b25af43427c963d5d1c798d1e717974c.jpg,640,640,gun,320,458,379,560,59,102
10239134_705_jpg.rf.b26b2f855e3a1a1edd8783b2765cac6c.jpg,640,640,gun,396,172,422,226,26,54
knife_161_jpg.rf.b2506bd9d21842e3da75fd74c21956a6.jpg,640,640,knife,13,0,521,458,508,458
81_jpg.rf.b26238ed9398ddf24f211686912f4756.jpg,640,640,knife,240,220,262,291,22,71
DSC_0029_JPG_jpg.rf.b220e72ab16671004f497f6e140cba73.jpg,640,640,knife,355,303,374,402,19,99
knife_895_jpg.rf.b2915b4658dee1be43769b5bb92dd42f.jpg,640,640,knife,108,326,174,526,66,200
102313918_7893_jpg.rf.b295b23536534ccb3264494b725af814.jpg,640,640,gun,353,225,392,275,39,50
347_jpg.rf.b28a80fe4d52e03c34740185f96559b5.jpg,640,640,knife,142,283,296,485,154,202
249_jpg.rf.b237d2f0bb03b82850477d319d10bbb7.jpg,640,640,knife,325,100,428,483,103,383
HotAKM2_jpg.rf.b149f7b4209789b364e34ed0038143cd.jpg,640,640,gun,129,44,262,452,133,408
48hrs05_jpg.rf.b2f8abc9062f5d47d0312dac561abc48.jpg,640,640,gun,240,360,307,592,67,232
null_image.jpg,640,640,,,,,,0,0
ThursdayS-W_jpg.rf.b2f5808c4967392e610c98b980cc9dca.jpg,640,640,gun,147,279,259,406,112,127
knife_581_jpg.rf.b2b3c7e0e2fec0bd1d1649876c5b03af.jpg,640,640,knife,242,164,586,402,344,238
RusoClases308_jpg.rf.b2f87827041484cc5e180bfdb754ef86.jpg,640,640,knife,285,307,309,456,24,149
Jeff_Fahey-S-W3913_jpg.rf.b2b3fe9c3d50b1164932789db00633a4.jpg,640,640,gun,247,242,377,545,130,303
Ohmss-wppk2_jpg.rf.b2cc19b5539a0328c117a428db7d9dbe.jpg,640,640,gun,277,371,396,639,119,268
RS-GPDA9-7_jpg.rf.b2e6455e046d13ec83cc03499028a27f.jpg,640,640,gun,298,0,510,276,212,276
gun_2_1_1__0011220_jpg.rf.b3113e10b4ea413ae7dc8f1a0bf783a8.jpg,640,640,gun,369,363,404,407,35,44
batch_302_jpg.rf.b2c163e82e515e577193b4a225c67afd.jpg,640,640,knife,9,106,188,300,179,194
batch_302_jpg.rf.b2c163e82e515e577193b4a225c67afd.jpg,640,640,knife,329,105,508,300,179,195
batch_302_jpg.rf.b2c163e82e515e577193b4a225c67afd.jpg,640,640,knife,83,365,134,433,51,68
batch_302_jpg.rf.b2c163e82e515e577193b4a225c67afd.jpg,640,640,knife,403,366,454,434,51,68
batch_374_jpg.rf.b2993c523bbf88dc03b17a4f5d295940.jpg,640,640,gun,106,126,137,195,31,69
batch_374_jpg.rf.b2993c523bbf88dc03b17a4f5d295940.jpg,640,640,gun,401,84,466,157,65,73
batch_374_jpg.rf.b2993c523bbf88dc03b17a4f5d295940.jpg,640,640,gun,128,439,184,601,56,162
batch_374_jpg.rf.b2993c523bbf88dc03b17a4f5d295940.jpg,640,640,gun,389,473,462,638,73,165
32_jpg.rf.b2d58bc15b388388076a41c701f85207.jpg,640,640,knife,152,346,228,460,76,114
knife_601_jpg.rf.b28e7016283b952187d31df43508ee60.jpg,640,640,knife,175,60,526,503,351,443
gun_2_1_1__0009400_jpg.rf.b3136982603baf7935f42493ca6c13c3.jpg,640,640,gun,136,336,175,383,39,47
McCool_13_jpg.rf.b336e8fb4b5fe18c4e1929f4fc4339aa.jpg,640,640,gun,190,177,289,372,99,195
113_jpg.rf.b35beb7c7761a635f85a01bcf57db293.jpg,640,640,knife,345,357,519,583,174,226
null_image.jpg,640,640,,,,,,0,0
Belly_of_the_Beast-Beretta92-3_jpg.rf.b3e488c436d96f19e42492aa0eb76e06.jpg,640,640,gun,109,263,156,379,47,116
Belly_of_the_Beast-Beretta92-3_jpg.rf.b3e488c436d96f19e42492aa0eb76e06.jpg,640,640,gun,476,371,540,489,64,118
knife_913_jpg.rf.b3aa5a7c5192421f1c9d7123c753fda0.jpg,640,640,knife,100,345,169,551,69,206
11_12_2147_jpg.rf.b4257fa2fb46e325ea0a4e1049318608.jpg,640,640,gun,87,205,449,528,362,323
153_jpg.rf.b437418ef4ed230304f6d96780968715.jpg,640,640,knife,234,163,469,325,235,162
PlayDirty_Webley_02_jpg.rf.b3806582c28f6cd5aac06ba60e9ead4c.jpg,640,640,gun,394,411,526,638,132,227
knife_566_jpg.rf.b36388d86e3b227868a76e28cc11c965.jpg,640,640,knife,270,94,503,534,233,440
OnDeadly001_jpg.rf.b3afdc7d7190ba4844a241ef30ec651f.jpg,640,640,gun,296,240,356,392,60,152
DefenseKnifeAttack1327_jpg.rf.b3f815b69e8b35047baf3f408d6e3467.jpg,640,640,knife,226,77,317,165,91,88
gun1_4m_static_0002576_jpg.rf.b3fc9d56a809ebbd6800cdfc08c82e7d.jpg,640,640,gun,370,368,389,480,19,112
1649338727-157186_jpg.rf.b42f41d6c7b417819439d9e733b67fd6.jpg,640,640,knife,371,135,449,568,78,433
knife_689_jpg.rf.b3644b53df92770ead865eb36a1ba897.jpg,640,640,knife,84,72,139,279,55,207
Kodeks_beshchestiya-SIG-7_jpg.rf.b330ff30cd3f8d8b100edd6dc1bd1f01.jpg,640,640,gun,131,274,257,433,126,159
knife_1073_jpg.rf.b3f6998300788ad235406ba64283def7.jpg,640,640,knife,131,186,374,449,243,263
1014143948_285_jpg.rf.b3e4fc79a862894a5325d45e0cce8110.jpg,640,640,gun,199,133,317,315,118,182
133_jpg.rf.b3d18fd9fcaa7a37cd166838f9f64cf9.jpg,640,640,knife,372,108,520,428,148,320
126_jpg.rf.b3e6f06a676ac10769cafab4b6bbf261.jpg,640,640,knife,262,362,468,553,206,191
knife_846_jpg.rf.b402b6f9b7de5b98f43b70045c0753b1.jpg,640,640,knife,56,499,126,639,70,140
1023125857_7182_jpg.rf.b430e0d7c441687f8e50d90de169f58f.jpg,640,640,gun,365,235,397,281,32,46
102419057_648_jpg.rf.b4225a20d4f3587c6ef40a530255591b.jpg,640,640,gun,63,174,637,442,574,268
KnifeDefenseKrav062_jpg.rf.b3931f42326c2c56780ed4b48a3a3620.jpg,640,640,knife,254,55,329,131,75,76
KravMagaTraining688_jpg.rf.b45b45037bbcf4213a287b494cab6c92.jpg,640,640,knife,303,258,335,380,32,122
knife_644_jpg.rf.b43348599d87d6aded4b40342c78650f.jpg,640,640,knife,361,119,440,484,79,365
273_jpg.rf.b41aad89d3931abb2a9f8ce2988b5553.jpg,640,640,knife,80,294,318,469,238,175
knife_1232_jpg.rf.b43c3a1f9b387541c587b6b9c9d881af.jpg,640,640,knife,227,380,289,480,62,100
4371_jpg.rf.b4615ef7c2c97e52744115dcff267bc8.jpg,640,640,knife,429,120,462,286,33,166
gun_2_1_1__0008360_jpg.rf.b4cafc56781284d6d501c2e0a273fbce.jpg,640,640,gun,222,351,274,408,52,57
Dil45-win97c_jpg.rf.b497e5060732dfc69444e27d6389faef.jpg,640,640,gun,264,169,459,287,195,118
2022-04-15_4_jpg.rf.b4d71ce22c118d346353a28cdc209e49.jpg,640,640,knife,345,553,386,602,41,49
1649338710-4860103_jpg.rf.b405d0dbd98a5d29acb61bd8ad37a02a.jpg,640,640,knife,338,106,380,391,42,285
05_14_0000599_jpg.rf.b491412bb8937852873205a3c90ea5d2.jpg,640,640,gun,79,67,574,563,495,496
gun_2_1_1__0001285_jpg.rf.b4eb99a9860699224b3bab763f53c0af.jpg,640,640,gun,244,333,277,372,33,39
knife_1068_jpg.rf.b44041557aec997d97597346eb1c6582.jpg,640,640,knife,27,48,221,368,194,320
161_jpg.rf.b5275f65c19c8478d022ceddb41d96e2.jpg,640,640,knife,253,126,453,248,200,122
gun_3_1_1__0000560_jpg.rf.b493f7f7bc53c083d3763c027a8e437f.jpg,640,640,gun,257,239,304,448,47,209
85_jpg.rf.b51beb430433570988490de4249075ae.jpg,640,640,knife,259,139,376,639,117,500
knife_600_jpg.rf.b501282eeb492129996e7c33dc34f8a5.jpg,640,640,knife,275,113,639,615,364,502
knife_276_jpg.rf.b4d8f5cdc6629ac22d6ec474df8b4fd1.jpg,640,640,knife,20,269,311,614,291,345
knife_851_jpg.rf.b50de979f12535a4060dc75261889c1a.jpg,640,640,knife,93,338,162,477,69,139
158_jpg.rf.b514bc8838f8e144e40dbbc2cec63088.jpg,640,640,knife,171,74,315,557,144,483
6_22_4_0007824_jpg.rf.b51f2bd977c90b9c9195b22607020c76.jpg,640,640,gun,382,224,448,293,66,69
knife_1208_jpg.rf.b4e9f5e537be8dc9f9e0f90760082b37.jpg,640,640,knife,139,317,273,431,134,114
KravMagaKnifeDefenseTechniques695_jpg.rf.b496dc5150e82908d72f9b142918d5e3.jpg,640,640,knife,281,352,367,423,86,71
KravMagaTraining690_jpg.rf.b52e35e4d34eec4698679a8b2e566019.jpg,640,640,knife,319,260,346,385,27,125
knife_306_jpg.rf.b473e4ebde13ebb3d565efbe29c64969.jpg,640,640,knife,25,280,325,634,300,354
41_jpg.rf.b511d5b17ff0d609ffe4bbae1e142fc7.jpg,640,640,knife,243,463,268,532,25,69
428_jpg.rf.b52d9fe675f98d248275d723051abbbc.jpg,640,640,knife,163,288,334,449,171,161
Mrs-Smith-1-_jpg.rf.b56971380526d408f17f2bf3caf67039.jpg,640,640,gun,75,153,592,603,517,450
knife_48_jpg.rf.b53f5f19693a41bfebcda052d83ed325.jpg,640,640,knife,125,94,540,478,415,384
132_jpg.rf.b554788ad40cee1e1792b64a0a95453e.jpg,640,640,knife,72,105,340,445,268,340
284_jpg.rf.b4d2b63949702abccd06631b0a5b58d1.jpg,640,640,knife,211,239,402,436,191,197
knife_77_jpg.rf.b5b7772a82ae485b370527bc7402a9d5.jpg,640,640,knife,231,363,542,577,311,214
1021101025_3438_jpg.rf.b56f4203cac95ed50f711374fda13804.jpg,640,640,gun,243,308,364,456,121,148
knife_1338_jpg.rf.b57fdebac1a51db1c8fb3890b6fb9ea7.jpg,640,640,knife,279,343,349,437,70,94
1649338731-4775863_jpg.rf.b57e9169a8494c0b721afdc9321be9c3.jpg,640,640,knife,302,126,373,640,71,514
Mothra_pistol_1_3_jpg.rf.b574d3203a578e55e30d7edca6da7b00.jpg,640,640,gun,251,446,334,638,83,192
Gun_2211_jpg.rf.b56943a3637bbda190337c4e4e31f6df.jpg,640,640,gun,53,104,163,320,110,216
null_image.jpg,640,640,,,,,,0,0
gun_3_3_1__0000776_jpg.rf.b6359ee1389ddd32e642bc177cf8a279.jpg,640,640,gun,264,411,319,569,55,158
knife_522_jpg.rf.b585d88e4eb96dde19e1925f2c95782f.jpg,640,640,knife,34,100,420,615,386,515
knife_861_jpg.rf.b66399be3f9d1026dd30bb6f333e88ec.jpg,640,640,knife,70,225,157,396,87,171
289_jpg.rf.b5bb4732a277428375fe5b4ee33a6bb5.jpg,640,640,knife,205,248,439,409,234,161
104_jpg.rf.b64dbbaf10cc7ba3442f0a85fc7f75f0.jpg,640,640,knife,256,432,293,525,37,93
102512832_3572_jpg.rf.b5bd905ca0d917d363fafb75c0f2a949.jpg,640,640,gun,232,228,558,639,326,411
DSC_00241_JPG_jpg.rf.b6838a35775d85cc0c1e91c1ba469e10.jpg,640,640,knife,288,294,355,358,67,64
2022-04-15_141_jpg.rf.b5f340b641c97441759cfd5a424033c9.jpg,640,640,knife,345,506,397,565,52,59
batch_96_jpg.rf.b67dd64468f3cadb8d2783a4618b53d2.jpg,640,640,gun,104,53,213,268,109,215
batch_96_jpg.rf.b67dd64468f3cadb8d2783a4618b53d2.jpg,640,640,gun,440,130,533,193,93,63
batch_96_jpg.rf.b67dd64468f3cadb8d2783a4618b53d2.jpg,640,640,gun,117,500,270,639,153,139
batch_96_jpg.rf.b67dd64468f3cadb8d2783a4618b53d2.jpg,640,640,gun,457,319,577,562,120,243
knife_1194_jpg.rf.b613bd21c6c32b7f71f38c6e2213e78e.jpg,640,640,knife,306,237,552,405,246,168
sharpenKnife000_jpg.rf.b6328d96d57ecadcec848f30663e7792.jpg,640,640,knife,340,492,512,594,172,102
knife_805_jpg.rf.b5e657abaa0158c9730a5b5b7726631c.jpg,640,640,knife,311,166,389,466,78,300
11_12_2663_jpg.rf.b66e9ad066edf21187d9819581e56220.jpg,640,640,gun,148,40,536,331,388,291
7_7_asd_00113368_jpg.rf.b677593e5a7c03448d201b69259ee6e4.jpg,640,640,gun,241,286,349,436,108,150
DSC_00021_JPG_jpg.rf.b680698a90aafe571f623d5630451404.jpg,640,640,knife,288,360,346,412,58,52
TBONTB_PP_04_jpg.rf.b60985a4f0d79cb3d15b223d685ede1d.jpg,640,640,gun,236,512,329,637,93,125
137_jpg.rf.b6ee122f19b98398bf98a57a27898525.jpg,640,640,knife,275,340,480,542,205,202
knife_975_jpg.rf.b6ba0338d8035717172b89d83d098f93.jpg,640,640,knife,53,481,132,640,79,159
101415186_2802_jpg.rf.b686351f1d385f628bfeb3c521e9e9b1.jpg,640,640,gun,401,275,547,467,146,192
knife_256_jpg.rf.b6a11ca9054309345bbb9fa27d8e6b2c.jpg,640,640,knife,11,226,350,565,339,339
KravMagaKnifeDefenseTechniques249_jpg.rf.b69c4a9576384b0c8819883c2f6069fa.jpg,640,640,knife,358,164,432,215,74,51
26_jpg.rf.b6df8bdf13cd1ca7611821f0d0ecba44.jpg,640,640,knife,305,486,345,519,40,33
4_jpg.rf.b6df79fac9324bf6622eff59d12230df.jpg,640,640,knife,305,338,402,500,97,162
KravMagaKnifeDefenseTechniques205_jpg.rf.b713e1da1485e94bbbaca2d69ed8b686.jpg,640,640,knife,255,253,347,351,92,98
1873LR_jpg.rf.b71a517cc5da9672f575caccb06250fd.jpg,640,640,gun,3,12,635,617,632,605
batch_444_jpg.rf.b695da44213c2bddb5253603417d4e3f.jpg,640,640,gun,2,1,319,314,317,313
batch_444_jpg.rf.b695da44213c2bddb5253603417d4e3f.jpg,640,640,gun,321,0,636,313,315,313
batch_444_jpg.rf.b695da44213c2bddb5253603417d4e3f.jpg,640,640,gun,61,354,99,438,38,84
batch_444_jpg.rf.b695da44213c2bddb5253603417d4e3f.jpg,640,640,gun,393,457,423,542,30,85
null_image.jpg,640,640,,,,,,0,0
knife_995_jpg.rf.b708370f8d868f60eecdf68b464d1599.jpg,640,640,knife,109,317,187,495,78,178
14_jpg.rf.b76b10c4c660deb61d098ee8649ff76b.jpg,640,640,knife,377,302,511,629,134,327
DSC_00061_JPG_jpg.rf.b7458ff4d342926c1e37a45163222d3d.jpg,640,640,knife,334,292,381,323,47,31
KravMagaTraining4424_jpg.rf.b76763790348432697e959a419d3380a.jpg,640,640,knife,22,77,122,174,100,97
KravMagaKnifeDefenseTechniques628_jpg.rf.b6fc669c6282338e7466e07e36fdb3b9.jpg,640,640,knife,133,450,219,519,86,69
knife_1301_jpg.rf.b73ae149944702a7979deb252527ae19.jpg,640,640,knife,485,155,526,280,41,125
gun_2_1_1__0005170_jpg.rf.b6eccb20b3e77a7affb2f99d8ccb6362.jpg,640,640,gun,90,279,120,333,30,54
Orbea_Hermanos_Smith_Wesson_Double_Action_jpg.rf.b79e8845a74cbf3841e22e0af62bdcfe.jpg,640,640,gun,0,4,631,624,631,620
gun1_6m_static_0000408_jpg.rf.b7339fb15641b9efb7279ca2daa613bf.jpg,640,640,gun,128,196,175,287,47,91
knife_306_jpg.rf.b7328ff3fd91030c42c816d524b1942e.jpg,640,640,knife,25,279,324,633,299,354
Bt_win1873_1_jpg.rf.b78a1c2e91e369675f98aaa78810267a.jpg,640,640,gun,332,226,444,637,112,411
3417_jpg.rf.b7282fa5cda639f41624d0be6f6b9db5.jpg,640,640,knife,405,45,456,379,51,334
KravMagaTraining226_jpg.rf.b71c5f3227cab06f1062f054bb7d6c98.jpg,640,640,knife,157,365,189,546,32,181
6_22_1_0001776_jpg.rf.b714650dda032f82611bad53a9f8969a.jpg,640,640,gun,343,193,410,432,67,239
gun_2_1_1__0013710_jpg.rf.b79f123d2f38d0e9a09c4ac37bbc0110.jpg,640,640,gun,302,356,337,391,35,35
knife_4_jpg.rf.b7bd3a1be4f978c79f5b120168f6e1fe.jpg,640,640,knife,12,145,383,492,371,347
null_image.jpg,640,640,,,,,,0,0
knife_1113_jpg.rf.b7ef5752632ce8dbacf024743b8c4385.jpg,640,640,knife,278,232,331,331,53,99
KnifeDefenseKrav060_jpg.rf.b7c3a6dc41f3bfddf52f4cdc967c6ea6.jpg,640,640,knife,261,40,334,114,73,74
149_jpg.rf.b7e77d6441f072e6ffebeb4a03064308.jpg,640,640,knife,274,114,468,345,194,231
batch_331_jpg.rf.b72c4a7e82d9816eaf77f0aaae5e97a7.jpg,640,640,knife,74,38,258,295,184,257
batch_331_jpg.rf.b72c4a7e82d9816eaf77f0aaae5e97a7.jpg,640,640,knife,324,164,553,232,229,68
batch_331_jpg.rf.b72c4a7e82d9816eaf77f0aaae5e97a7.jpg,640,640,knife,6,439,239,508,233,69
batch_331_jpg.rf.b72c4a7e82d9816eaf77f0aaae5e97a7.jpg,640,640,knife,365,429,601,540,236,111
793_jpg.rf.b8022d7b00732314c86802b18744033d.jpg,640,640,knife,162,448,222,595,60,147
102417511_1086_jpg.rf.b7fc3d1d70529aa2ff55aa4ae091c1e9.jpg,640,640,gun,86,391,262,580,176,189
102417511_1086_jpg.rf.b7fc3d1d70529aa2ff55aa4ae091c1e9.jpg,640,640,gun,494,411,614,555,120,144
batch_360_jpg.rf.b7dfb1deb046d5ede16270e657efaa8b.jpg,640,640,knife,33,251,66,319,33,68
batch_360_jpg.rf.b7dfb1deb046d5ede16270e657efaa8b.jpg,640,640,knife,353,250,386,319,33,69
batch_360_jpg.rf.b7dfb1deb046d5ede16270e657efaa8b.jpg,640,640,knife,49,488,83,593,34,105
batch_360_jpg.rf.b7dfb1deb046d5ede16270e657efaa8b.jpg,640,640,knife,352,571,385,639,33,68
knife_1282_jpg.rf.b7bfb5e74ada9243d6e76090c1cd1b96.jpg,640,640,knife,328,177,382,313,54,136
36_jpg.rf.b7fdc33c8966e41e10ddaf61a8491290.jpg,640,640,knife,191,2,425,548,234,546
knife_579_jpg.rf.b80a49df0d47cc49358e9bb7aac46460.jpg,640,640,knife,132,124,509,612,377,488
11_12_2961_jpg.rf.b7fcef6632f166fc1d7ba2b0cec21d63.jpg,640,640,gun,33,27,608,507,575,480
KDSh-Mosin-4_jpg.rf.b839a3601f8e7fb3fd3a8075b4340e4f.jpg,640,640,gun,103,198,450,574,347,376
7_7_asd_00140944_jpg.rf.b83cfa771c6185138f9e5ef5e8c16134.jpg,640,640,gun,300,115,452,568,152,453
knife_436_jpg.rf.b832c1a612ee595c0333a21aa3743348.jpg,640,640,knife,45,205,359,445,314,240
KravMagaKnifeDefenseTechniques474_jpg.rf.b87b94d93593b8b65146ea9e4a3d6ecb.jpg,640,640,knife,457,234,534,480,77,246
batch_220_jpg.rf.b8656275e72d0f07c7dabe6b8bbc9ff9.jpg,640,640,gun,187,120,202,139,15,19
batch_220_jpg.rf.b8656275e72d0f07c7dabe6b8bbc9ff9.jpg,640,640,gun,531,81,553,111,22,30
batch_220_jpg.rf.b8656275e72d0f07c7dabe6b8bbc9ff9.jpg,640,640,gun,98,425,191,613,93,188
batch_220_jpg.rf.b8656275e72d0f07c7dabe6b8bbc9ff9.jpg,640,640,gun,550,522,616,585,66,63
knife_907_jpg.rf.b8034631b2b2b4db39206bb25a46e6c7.jpg,640,640,knife,157,365,218,536,61,171
F5M933_jpg.rf.b80eaea474c04429582dbd50d2b7f66c.jpg,640,640,gun,207,259,456,529,249,270
batch_212_jpg.rf.b84787798abb356304c52c192db56166.jpg,640,640,knife,130,192,177,205,47,13
batch_212_jpg.rf.b84787798abb356304c52c192db56166.jpg,640,640,knife,237,511,248,586,11,75
batch_212_jpg.rf.b84787798abb356304c52c192db56166.jpg,640,640,knife,388,393,475,577,87,184
batch_212_jpg.rf.b84787798abb356304c52c192db56166.jpg,640,640,knife,336,235,374,307,38,72
TI13_jpg.rf.b89a0ff977a9c94d9a8d470bde98ed52.jpg,640,640,gun,404,307,585,561,181,254
TI13_jpg.rf.b89a0ff977a9c94d9a8d470bde98ed52.jpg,640,640,gun,109,171,225,344,116,173
DSC_00601_JPG_jpg.rf.b82804f3f53403d14811be41cd8d7f83.jpg,640,640,knife,167,410,298,495,131,85
KravMagaTraining500_jpg.rf.b8233ed66810c6288509f1600028dbf2.jpg,640,640,knife,250,240,276,363,26,123
batch_203_jpg.rf.b8827b9e5d8998d25583bcba4a1d78f4.jpg,640,640,gun,64,172,103,308,39,136
batch_203_jpg.rf.b8827b9e5d8998d25583bcba4a1d78f4.jpg,640,640,gun,477,93,555,211,78,118
batch_203_jpg.rf.b8827b9e5d8998d25583bcba4a1d78f4.jpg,640,640,gun,319,101,380,183,61,82
batch_203_jpg.rf.b8827b9e5d8998d25583bcba4a1d78f4.jpg,640,640,gun,67,455,150,575,83,120
batch_203_jpg.rf.b8827b9e5d8998d25583bcba4a1d78f4.jpg,640,640,gun,440,465,497,606,57,141
batch_383_jpg.rf.b88e2334922c1307d628819240ddb4db.jpg,640,640,knife,122,186,227,282,105,96
batch_383_jpg.rf.b88e2334922c1307d628819240ddb4db.jpg,640,640,knife,425,95,548,149,123,54
batch_383_jpg.rf.b88e2334922c1307d628819240ddb4db.jpg,640,640,knife,119,410,226,469,107,59
batch_383_jpg.rf.b88e2334922c1307d628819240ddb4db.jpg,640,640,knife,452,395,522,446,70,51
88_jpg.rf.b84ba588e50323fa9f0803ecd4e7673d.jpg,640,640,knife,195,186,334,579,139,393
K9PI-SW-Ladysmith-1_jpg.rf.b8e3797019c4503744f0d5b97cc946e8.jpg,640,640,gun,48,346,163,544,115,198
36P_M1911_02_jpg.rf.b80c37bd0295df31aafbf0eda5cbfe61.jpg,640,640,gun,225,127,273,225,48,98
knife_1284_jpg.rf.b868952efd2ae91198aa416de689608c.jpg,640,640,knife,235,245,271,346,36,101
86_jpg.rf.b89d1e05264ef311775161a0d57024d9.jpg,640,640,knife,251,220,272,300,21,80
batch_335_jpg.rf.b8de68e11aa47912a89a4fced891689b.jpg,640,640,knife,118,195,229,299,111,104
batch_335_jpg.rf.b8de68e11aa47912a89a4fced891689b.jpg,640,640,knife,481,63,555,319,74,256
batch_335_jpg.rf.b8de68e11aa47912a89a4fced891689b.jpg,640,640,knife,115,404,238,464,123,60
batch_335_jpg.rf.b8de68e11aa47912a89a4fced891689b.jpg,640,640,knife,476,365,542,638,66,273
268_jpg.rf.b893927e1647b3d6d9f1f3058d6652a4.jpg,640,640,knife,163,245,459,342,296,97
2022-04-15_92_jpg.rf.b852b6775a45abf18f0c101af3c45b49.jpg,640,640,knife,252,402,271,462,19,60
KSI_01_jpg.rf.b8b6e34d4cce0ddd2bbc0ced1eba1ffd.jpg,640,640,gun,328,218,501,564,173,346
batch_17_jpg.rf.b8469f87bddb74e664f75e971c5596a1.jpg,640,640,knife,65,210,116,246,51,36
batch_17_jpg.rf.b8469f87bddb74e664f75e971c5596a1.jpg,640,640,knife,386,225,438,257,52,32
batch_17_jpg.rf.b8469f87bddb74e664f75e971c5596a1.jpg,640,640,knife,110,551,154,599,44,48
batch_17_jpg.rf.b8469f87bddb74e664f75e971c5596a1.jpg,640,640,knife,430,551,475,599,45,48
batch_369_jpg.rf.b8c58ca79f11e49ace6d2589d7a3bf13.jpg,640,640,knife,96,133,162,253,66,120
batch_369_jpg.rf.b8c58ca79f11e49ace6d2589d7a3bf13.jpg,640,640,knife,345,213,412,302,67,89
batch_369_jpg.rf.b8c58ca79f11e49ace6d2589d7a3bf13.jpg,640,640,knife,82,546,111,634,29,88
batch_369_jpg.rf.b8c58ca79f11e49ace6d2589d7a3bf13.jpg,640,640,knife,403,546,432,635,29,89
4716_jpg.rf.b8bd61aa2a24834052c3e52d247b32ee.jpg,640,640,knife,417,131,515,225,98,94
knife_214_jpg.rf.b855f874b8641c3865dcbec88c87f67a.jpg,640,640,knife,125,74,617,468,492,394
11_12_115_jpg.rf.b880c2c81f025d84b805d6212871c211.jpg,640,640,gun,12,11,620,597,608,586
knife_145_jpg.rf.b8460cec27b26ff53debcf3217ba5fda.jpg,640,640,knife,13,226,570,464,557,238
knife56_jpg.rf.b90217ac71b6ebf55f7f7fbceb0cecf7.jpg,640,640,knife,134,252,435,605,301,353
Operation_Corned_Beef-Revolver-19_jpg.rf.b8ec4130b7044b401bd2a3a45c23be27.jpg,640,640,gun,257,360,345,552,88,192
Die_another_day_soldier_AKS_jpg.rf.b91a570da0a71ca1738d90972898db91.jpg,640,640,gun,178,258,263,356,85,98
Gun_2754_jpg.rf.b91eb044d5911489244d7ba921bcb565.jpg,640,640,gun,8,11,616,613,608,602
Police-006_jpg.rf.b8e600b8866cded0493306b7c4122a32.jpg,640,640,gun,259,38,573,362,314,324
229_jpg.rf.b92250cbdacf25a62b25dac29ecaf64d.jpg,640,640,knife,340,82,405,505,65,423
batch_367_jpg.rf.b8ee07767236629411ebb75ca50594f7.jpg,640,640,gun,99,39,199,319,100,280
batch_367_jpg.rf.b8ee07767236629411ebb75ca50594f7.jpg,640,640,gun,495,21,553,223,58,202
batch_367_jpg.rf.b8ee07767236629411ebb75ca50594f7.jpg,640,640,gun,69,421,128,573,59,152
batch_367_jpg.rf.b8ee07767236629411ebb75ca50594f7.jpg,640,640,gun,386,411,410,452,24,41
null_image.jpg,640,640,,,,,,0,0
knife_1325_jpg.rf.b9361f5c1f506a77d911d718bae78f82.jpg,640,640,knife,93,226,159,341,66,115
Richardgecko1911_jpg.rf.b95e19159a5aec45440e307868d20370.jpg,640,640,gun,475,171,577,327,102,156
batch_382_jpg.rf.b94efb532e05a13de3251774dd19f97c.jpg,640,640,knife,139,19,229,188,90,169
batch_382_jpg.rf.b94efb532e05a13de3251774dd19f97c.jpg,640,640,knife,455,289,472,319,17,30
batch_382_jpg.rf.b94efb532e05a13de3251774dd19f97c.jpg,640,640,knife,180,379,219,562,39,183
batch_382_jpg.rf.b94efb532e05a13de3251774dd19f97c.jpg,640,640,knife,469,399,516,570,47,171
151_jpg.rf.b985c546fc4df90a809081cbcfc7378e.jpg,640,640,knife,320,85,458,346,138,261
gun_2_1_1__0009530_jpg.rf.b92618425d528273715e623089fc88e4.jpg,640,640,gun,193,299,220,352,27,53
batch_172_jpg.rf.b91e908527fcbe5e7f61ba912be5ff40.jpg,640,640,gun,0,13,156,310,156,297
batch_172_jpg.rf.b91e908527fcbe5e7f61ba912be5ff40.jpg,640,640,gun,428,119,512,235,84,116
batch_172_jpg.rf.b91e908527fcbe5e7f61ba912be5ff40.jpg,640,640,gun,16,350,301,618,285,268
batch_172_jpg.rf.b91e908527fcbe5e7f61ba912be5ff40.jpg,640,640,gun,430,418,524,618,94,200
batch_86_jpg.rf.b97ff9684fd78ac2aaf1bc57996b3f68.jpg,640,640,knife,0,37,199,306,199,269
batch_86_jpg.rf.b97ff9684fd78ac2aaf1bc57996b3f68.jpg,640,640,knife,322,9,542,318,220,309
batch_86_jpg.rf.b97ff9684fd78ac2aaf1bc57996b3f68.jpg,640,640,knife,154,441,173,519,19,78
batch_86_jpg.rf.b97ff9684fd78ac2aaf1bc57996b3f68.jpg,640,640,knife,522,468,555,538,33,70
6_22_4_0005008_jpg.rf.b95f3ef64830ca23876f24b17482c7a1.jpg,640,640,gun,246,51,275,172,29,121
6_22_3_0001340_jpg.rf.b900c70e9638f02003234a2d2d1fadde.jpg,640,640,gun,212,105,255,241,43,136
knife_107_jpg.rf.b94796ce9fe12827d10abdf910c7ab25.jpg,640,640,knife,85,111,350,502,265,391
knife_637_jpg.rf.b9a3b3c554078ff05bc00807c0b13faf.jpg,640,640,knife,126,131,200,491,74,360
knife_808_jpg.rf.b8f304968b7b97ccda4985a3c89e4238.jpg,640,640,knife,99,337,159,532,60,195
sharpenKnife159_jpg.rf.b9ce3fc3e8e053b40a1813c503205682.jpg,640,640,knife,268,311,389,377,121,66
gun_3_2_1__0001696_jpg.rf.b97b5dd74f5bba6343d5cdcd1adfc722.jpg,640,640,gun,199,252,335,563,136,311
LAP-Revolver3-1_jpg.rf.b9aa7521dad35f7b489ccb271650b092.jpg,640,640,gun,160,205,380,499,220,294
batch_52_jpg.rf.b9da9fed44900920ed8d1ec3c80c0037.jpg,640,640,gun,109,118,190,191,81,73
batch_52_jpg.rf.b9da9fed44900920ed8d1ec3c80c0037.jpg,640,640,gun,364,75,449,285,85,210
batch_52_jpg.rf.b9da9fed44900920ed8d1ec3c80c0037.jpg,640,640,gun,144,486,193,569,49,83
batch_52_jpg.rf.b9da9fed44900920ed8d1ec3c80c0037.jpg,640,640,gun,433,441,498,568,65,127
batch_207_jpg.rf.b9d02f89fa8605fa67894bda26a6561f.jpg,640,640,gun,114,138,317,253,203,115
batch_207_jpg.rf.b9d02f89fa8605fa67894bda26a6561f.jpg,640,640,gun,405,194,487,293,82,99
batch_207_jpg.rf.b9d02f89fa8605fa67894bda26a6561f.jpg,640,640,gun,76,345,139,550,63,205
batch_207_jpg.rf.b9d02f89fa8605fa67894bda26a6561f.jpg,640,640,gun,396,374,522,575,126,201
Gun_955_jpg.rf.b9e23bc0ba0c5e9493996549c785fc54.jpg,640,640,gun,141,89,485,210,344,121
Gun_955_jpg.rf.b9e23bc0ba0c5e9493996549c785fc54.jpg,640,640,gun,22,339,597,628,575,289
135_jpg.rf.b9a206e61c522fd900ed9c1783d6b814.jpg,640,640,knife,274,374,494,512,220,138
1878_colt_jpg.rf.b9af77da511072aa0981476c2d5b5cce.jpg,640,640,gun,18,24,628,607,610,583
6_22_1_0001584_jpg.rf.b9d49fe9602adaf340454dbf249a8317.jpg,640,640,gun,292,129,441,283,149,154
gun_2_1_1__0013595_jpg.rf.b9c7f0823ac9c6aafba66884bfb07b0c.jpg,640,640,gun,208,360,240,399,32,39
gun_3_3_1__0001276_jpg.rf.b9b4253b3c01faceb320a051b7639b40.jpg,640,640,gun,75,196,157,376,82,180
batch_14_jpg.rf.b977b40900b27b4f9ec3da5ea25dbef5.jpg,640,640,gun,47,130,76,190,29,60
batch_14_jpg.rf.b977b40900b27b4f9ec3da5ea25dbef5.jpg,640,640,gun,385,184,434,283,49,99
batch_14_jpg.rf.b977b40900b27b4f9ec3da5ea25dbef5.jpg,640,640,gun,148,538,209,602,61,64
batch_14_jpg.rf.b977b40900b27b4f9ec3da5ea25dbef5.jpg,640,640,gun,361,482,401,537,40,55
1011133951_121_jpg.rf.b9b005eb063468016f91d80f76e75867.jpg,640,640,gun,122,66,231,582,109,516
00000730_jpg.rf.ba25596433ec38819401353c778540e2.jpg,640,640,gun,3,18,635,444,632,426
107423_00__05864_jpg.rf.ba25bda622d349cabcf4941147befed2.jpg,640,640,gun,197,483,257,581,60,98
gun_3_3_1__0004240_jpg.rf.b9a3f0ed43a76594f48c391c794371c5.jpg,640,640,gun,294,273,340,441,46,168
6_22_3_0003868_jpg.rf.ba3316a30191b842bb53f612a15c1e87.jpg,640,640,gun,178,149,242,231,64,82
gun_2_1_1__0006410_jpg.rf.ba2c460df2c5a7226ad37778718c3b98.jpg,640,640,gun,490,315,528,352,38,37
28_jpg.rf.ba522eef570a18432986b1676dda9ed5.jpg,640,640,knife,288,23,400,625,112,602
6_22_1_0004872_jpg.rf.ba05067512401567072f7774ef5adc9b.jpg,640,640,gun,113,210,266,410,153,200
Ka-m92fs-nickle-1_jpg.rf.b9fce989b73c08dc3357606fd6f51738.jpg,640,640,gun,223,29,559,552,336,523
batch_121_jpg.rf.ba080ef6b43a2f1e43a54adfc0bff593.jpg,640,640,gun,43,88,128,203,85,115
batch_121_jpg.rf.ba080ef6b43a2f1e43a54adfc0bff593.jpg,640,640,gun,360,101,383,207,23,106
batch_121_jpg.rf.ba080ef6b43a2f1e43a54adfc0bff593.jpg,640,640,gun,468,97,497,201,29,104
batch_121_jpg.rf.ba080ef6b43a2f1e43a54adfc0bff593.jpg,640,640,gun,62,511,113,625,51,114
batch_121_jpg.rf.ba080ef6b43a2f1e43a54adfc0bff593.jpg,640,640,gun,420,411,548,590,128,179
INTLOD-PBG-1_jpg.rf.ba62362840a0a52c633bf55cc6d1405a.jpg,640,640,gun,321,248,490,377,169,129
101414207_2334_jpg.rf.b95a1a9c404b122737675887703fd713.jpg,640,640,gun,345,359,450,552,105,193
batch_25_jpg.rf.b9e9f899b1fce82caf534eaa0339034f.jpg,640,640,gun,206,45,229,89,23,44
batch_25_jpg.rf.b9e9f899b1fce82caf534eaa0339034f.jpg,640,640,gun,417,49,443,91,26,42
batch_25_jpg.rf.b9e9f899b1fce82caf534eaa0339034f.jpg,640,640,gun,149,422,180,457,31,35
batch_25_jpg.rf.b9e9f899b1fce82caf534eaa0339034f.jpg,640,640,gun,319,410,344,436,25,26
DSC_00591_JPG_jpg.rf.ba6cf351fb0b7d56265246ddd06925e5.jpg,640,640,knife,212,339,257,499,45,160
knife_71_jpg.rf.baade3ceecccb6797ea8f7d812beba6f.jpg,640,640,knife,49,24,364,431,315,407
The_hitcher_2_smith_and_wesson_686_2_jpg.rf.ba8a1f0b8bb38ab30da1be7c1d257ffd.jpg,640,640,gun,326,265,505,638,179,373
ADT-004_jpg.rf.ba160eda7528771d585aaeb8f0f9d43c.jpg,640,640,gun,112,167,385,337,273,170
KravMagaTraining661_jpg.rf.baa309e864998d9f3a7288fa644dac24.jpg,640,640,knife,420,244,454,373,34,129
8heads-usp4_jpg.rf.b9f7671445b1d85278d6a9ac6eb18153.jpg,640,640,gun,285,183,469,466,184,283
KravMagaTraining777_jpg.rf.bae6fa8619d4f6b7fc277a373e369a7c.jpg,640,640,knife,265,369,356,408,91,39
DSC_0028_JPG_jpg.rf.ba75e8812e1591306555158973739952.jpg,640,640,knife,343,275,392,305,49,30
knife_282_jpg.rf.bad36d481f3cd641f1ec26dba8998cba.jpg,640,640,knife,26,282,365,566,339,284
knife_681_jpg.rf.bb077bfa624b1eabf76aa0abf6dd6c4e.jpg,640,640,knife,300,75,354,431,54,356
gun_3_2_1__0001392_jpg.rf.bad66fe25b0f3b4edeaa2922fc27f8ad.jpg,640,640,gun,243,237,380,548,137,311
6_22_2_0005848_jpg.rf.baf223a22ba592ceda77d1b327940353.jpg,640,640,gun,275,135,339,206,64,71
sharpenKnife202_jpg.rf.bac4a2c84e11a9c6fe73b853ce8fcb5a.jpg,640,640,knife,287,391,363,454,76,63
TH-DeletedAgentSIGa_jpg.rf.bb1a95ad63d223b082d2b65a0e98f01e.jpg,640,640,gun,242,233,355,484,113,251
DSC_0034_JPG_jpg.rf.bb20e8955f9a23b39105eaa6c3fa0d6a.jpg,640,640,knife,182,448,253,477,71,29
null_image.jpg,640,640,,,,,,0,0
batch_132_jpg.rf.bae5dbb7b43efd41c9283b7a572b557a.jpg,640,640,knife,153,192,207,238,54,46
batch_132_jpg.rf.bae5dbb7b43efd41c9283b7a572b557a.jpg,640,640,knife,472,192,527,237,55,45
batch_132_jpg.rf.bae5dbb7b43efd41c9283b7a572b557a.jpg,640,640,knife,152,512,205,555,53,43
batch_132_jpg.rf.bae5dbb7b43efd41c9283b7a572b557a.jpg,640,640,knife,475,483,535,530,60,47
2022-04-15_20_jpg.rf.bb3d3f7fbad81f106ee7f67aa1dc1336.jpg,640,640,knife,257,336,314,387,57,51
KravMagaKnifeDefenseTechniques594_jpg.rf.ba736dc67ee33d0a3df3fc36c6a18829.jpg,640,640,knife,189,472,297,532,108,60
Der_Schatz_der_Azteken-Colt-1_jpg.rf.ba93b1d11efcb240fe5b4922b7579d37.jpg,640,640,gun,61,119,190,433,129,314
101119371_1782_jpg.rf.ba46fc7a716657de64745546cd173484.jpg,640,640,gun,285,12,624,532,339,520
101119371_1782_jpg.rf.ba46fc7a716657de64745546cd173484.jpg,640,640,gun,0,250,450,639,450,389
gun_3_1_1__0000316_jpg.rf.bb405725e8e1556606bf8fcc8025f19f.jpg,640,640,gun,254,223,307,456,53,233
3404_jpg.rf.bb2ca816ba4feb4fc6542f9110aef117.jpg,640,640,knife,348,63,420,377,72,314
6_22_2_0000304_jpg.rf.bb3d4a7cf0c10c56f1199698dff263ab.jpg,640,640,gun,294,130,331,230,37,100
Fugitives-Revolver-11_jpg.rf.bb114d82bc3eb01851f31eee1a9b1ca2.jpg,640,640,gun,234,366,339,584,105,218
batch_11_jpg.rf.bb0e256005f5a5cffbe0250780e7178d.jpg,640,640,knife,160,283,176,314,16,31
batch_11_jpg.rf.bb0e256005f5a5cffbe0250780e7178d.jpg,640,640,knife,442,236,460,259,18,23
batch_11_jpg.rf.bb0e256005f5a5cffbe0250780e7178d.jpg,640,640,knife,109,442,124,473,15,31
batch_11_jpg.rf.bb0e256005f5a5cffbe0250780e7178d.jpg,640,640,knife,482,552,507,578,25,26
2022-04-15_117_jpg.rf.baec6cdebfd640032bfa1a19669fa657.jpg,640,640,knife,322,508,360,599,38,91
6_22_2_0004360_jpg.rf.bb0ee9b92063d071545236813dcab8c0.jpg,640,640,gun,5,60,44,136,39,76
batch_69_jpg.rf.bb593606e7b0e1ca2e584d57a8867921.jpg,640,640,gun,130,112,153,233,23,121
batch_69_jpg.rf.bb593606e7b0e1ca2e584d57a8867921.jpg,640,640,gun,467,101,491,208,24,107
batch_69_jpg.rf.bb593606e7b0e1ca2e584d57a8867921.jpg,640,640,gun,137,414,155,525,18,111
batch_69_jpg.rf.bb593606e7b0e1ca2e584d57a8867921.jpg,640,640,gun,436,414,482,527,46,113
knife_1093_jpg.rf.bb5bf0d0a7e46fd7a6518acb07feedf4.jpg,640,640,knife,257,249,292,360,35,111
Fast6PSM_jpg.rf.bb5fbb0711eee674326d97717bb3aba4.jpg,640,640,gun,267,180,463,551,196,371
16_jpg.rf.bb70c5ecf1efff69d4876d1fdabc2b3d.jpg,640,640,knife,254,483,315,554,61,71
knife29_jpg.rf.bb5dfaa957a04db6cde7c56567852768.jpg,640,640,knife,11,173,640,440,629,267
knife_66_jpg.rf.bb735e44614035a8984411c0ff6e587b.jpg,640,640,knife,261,199,604,357,343,158
Gun_466_jpg.rf.bb5fad5efd89ed51e3a571295fda89d8.jpg,640,640,gun,36,164,559,594,523,430
knife_248_jpg.rf.bb721e7079fdd07207e3eb58c13b7a1c.jpg,640,640,knife,256,36,562,403,306,367
gun_2_1_1__0005870_jpg.rf.bb7a75c0dc138a4daaf5a94b1ebaceb6.jpg,640,640,gun,187,325,218,363,31,38
Napoli-Serenata-SWRevolver-1_jpg.rf.bb994c1d3511e79c5a482bf59e9ace8d.jpg,640,640,gun,0,82,71,289,71,207
Avgust8-AK105_jpg.rf.ba1300fdbc81804b721b2e3e29d3ebf7.jpg,640,640,gun,290,36,351,454,61,418
gun1_4m_static_0000736_jpg.rf.bba997b8732bac38be89e5101b146c97.jpg,640,640,gun,247,369,326,487,79,118
BrideOfChuckyGlock17-WaltherPPK_jpg.rf.bb97a550774e1fd45bc04f5150305c51.jpg,640,640,gun,389,423,500,639,111,216
BrideOfChuckyGlock17-WaltherPPK_jpg.rf.bb97a550774e1fd45bc04f5150305c51.jpg,640,640,gun,119,424,215,639,96,215
Navajo_Joe-Winchester-06_jpg.rf.bbe617bafbcce133e4e801fe858e3a3f.jpg,640,640,gun,335,0,630,636,295,636
312_jpg.rf.bba3dbe4e09e0b9fd78e8dcc82721db0.jpg,640,640,knife,418,1,491,357,73,356
216_jpg.rf.bbb9359a140eb81532a786f2b6764da5.jpg,640,640,knife,225,183,452,288,227,105
knife_570_jpg.rf.bb6e3824f0bfd936f84123b2c64e2ef1.jpg,640,640,knife,243,214,382,585,139,371
batch_88_jpg.rf.bb9f22eda182b2a8e93814558e31e893.jpg,640,640,knife,178,199,205,251,27,52
batch_88_jpg.rf.bb9f22eda182b2a8e93814558e31e893.jpg,640,640,knife,438,225,459,286,21,61
batch_88_jpg.rf.bb9f22eda182b2a8e93814558e31e893.jpg,640,640,knife,181,382,223,558,42,176
batch_88_jpg.rf.bb9f22eda182b2a8e93814558e31e893.jpg,640,640,knife,387,339,480,623,93,284
6_22_4_0002732_jpg.rf.bbafed168280bca5cac978fb81f35de7.jpg,640,640,gun,359,195,389,379,30,184
287_jpg.rf.bba457a4081e5eab6b02a56f24fe4598.jpg,640,640,knife,199,225,433,431,234,206
knife_478_jpg.rf.bbf2773b132a0550eed6a3bd81998e3b.jpg,640,640,knife,51,65,312,309,261,244
3406_jpg.rf.bc1fd1f20e6fe885df37dfa829a0a60c.jpg,640,640,knife,357,92,425,397,68,305
null_image.jpg,640,640,,,,,,0,0
gun_2_1_1__0006125_jpg.rf.bbd56dfd56d30d33abada23232225c5d.jpg,640,640,gun,358,333,400,372,42,39
71_jpg.rf.bbf7e18620f24ee34d4811a40c1312f1.jpg,640,640,knife,236,248,259,320,23,72
KravMagaKnifeDefenseTechniques236_jpg.rf.bbc42de9e43071c1b3c4a710877e1663.jpg,640,640,knife,206,223,297,334,91,111
121_jpg.rf.bc2452b63a958ca510f80bd1e806f489.jpg,640,640,knife,271,422,428,556,157,134
11_12_1630_jpg.rf.bbca1ef71503989b5f036124490a9c81.jpg,640,640,gun,195,66,601,522,406,456
94_jpg.rf.bc255b68d038ecfd25e9bd2e3903dccb.jpg,640,640,knife,196,251,505,505,309,254
Luger_jpg.rf.bc16ac153a20b2e8840309cd22935359.jpg,640,640,gun,1,11,617,622,616,611
11_12_2024_jpg.rf.bbd4fb50febdef951a8700dce7793931.jpg,640,640,gun,153,476,240,572,87,96
knife_1227_jpg.rf.bc294ca9d6738dab004212550d23bc09.jpg,640,640,knife,360,180,424,342,64,162
10254537_2472_jpg.rf.bc11c2719de1bb814010b8003049cd36.jpg,640,640,gun,215,372,444,639,229,267
4390_jpg.rf.bc26c96b24e7c72c1f040ac8daea73d6.jpg,640,640,knife,437,183,480,295,43,112
244_jpg.rf.bbda75033b4f12598dba816e333cf223.jpg,640,640,knife,357,120,429,472,72,352
knife_696_jpg.rf.bbd75a748003e74d894365c1c5c4b7f1.jpg,640,640,knife,136,69,202,428,66,359
batch_6_jpg.rf.bc646c5df69f4ad3a2030c1e9a6b7f3d.jpg,640,640,gun,195,180,212,198,17,18
batch_6_jpg.rf.bc646c5df69f4ad3a2030c1e9a6b7f3d.jpg,640,640,gun,535,189,554,209,19,20
batch_6_jpg.rf.bc646c5df69f4ad3a2030c1e9a6b7f3d.jpg,640,640,gun,164,508,188,531,24,23
batch_6_jpg.rf.bc646c5df69f4ad3a2030c1e9a6b7f3d.jpg,640,640,gun,428,507,452,531,24,24
KravMagaTraining711_jpg.rf.bc57d6be9204586d79942c5fc7815322.jpg,640,640,knife,217,230,260,343,43,113
batch_211_jpg.rf.bbbd9b53787836326d6ce15a645d754a.jpg,640,640,knife,143,197,186,230,43,33
batch_211_jpg.rf.bbbd9b53787836326d6ce15a645d754a.jpg,640,640,knife,464,199,506,226,42,27
batch_211_jpg.rf.bbbd9b53787836326d6ce15a645d754a.jpg,640,640,knife,39,499,54,565,15,66
batch_211_jpg.rf.bbbd9b53787836326d6ce15a645d754a.jpg,640,640,knife,556,446,570,532,14,86
DefenseKnifeAttack0173_jpg.rf.bc29889fca19f06556bc77fa0b536e99.jpg,640,640,knife,151,432,252,485,101,53
37_jpg.rf.bc6ef54487bd0798a94ee9626300f22d.jpg,640,640,knife,77,0,638,457,561,457
2022-04-15_4_jpg.rf.bc21b39133d23c6fc263d372a55a4ca7.jpg,640,640,knife,357,606,395,640,38,34
127_jpg.rf.bc3ff214d5c50a9e5799a5a415a9863e.jpg,640,640,knife,329,522,365,605,36,83
35_jpg.rf.bc75615c3d2169819a6145732a8ffea9.jpg,640,640,knife,177,442,386,633,209,191
knife_450_jpg.rf.bc729e5661c1c0f2d58689933088710f.jpg,640,640,knife,22,156,108,616,86,460
batch_334_jpg.rf.bc7a22545b916cf79d6aa4ff4d3c8513.jpg,640,640,gun,45,48,108,186,63,138
batch_334_jpg.rf.bc7a22545b916cf79d6aa4ff4d3c8513.jpg,640,640,gun,498,116,538,269,40,153
batch_334_jpg.rf.bc7a22545b916cf79d6aa4ff4d3c8513.jpg,640,640,gun,6,323,318,632,312,309
batch_334_jpg.rf.bc7a22545b916cf79d6aa4ff4d3c8513.jpg,640,640,gun,446,519,492,637,46,118
knife_422_jpg.rf.bc7bc7491b6e076f80e12b5cd53e3c84.jpg,640,640,knife,54,408,417,545,363,137
knife_422_jpg.rf.bc7bc7491b6e076f80e12b5cd53e3c84.jpg,640,640,knife,142,299,443,426,301,127
knife_422_jpg.rf.bc7bc7491b6e076f80e12b5cd53e3c84.jpg,640,640,knife,275,240,403,302,128,62
Nbk-g19c_jpg.rf.bc1973e2369bef50652d3b3ff90fea5f.jpg,640,640,gun,338,148,500,392,162,244
knife_26_jpg.rf.bc606de2dda2f6eb0c4b8eff2c95aa31.jpg,640,640,knife,231,42,317,266,86,224
batch_276_jpg.rf.bc995c961dc907d1cef7feb714e3700e.jpg,640,640,knife,167,26,209,176,42,150
batch_276_jpg.rf.bc995c961dc907d1cef7feb714e3700e.jpg,640,640,knife,492,2,522,199,30,197
batch_276_jpg.rf.bc995c961dc907d1cef7feb714e3700e.jpg,640,640,knife,172,320,212,531,40,211
batch_276_jpg.rf.bc995c961dc907d1cef7feb714e3700e.jpg,640,640,knife,522,496,592,583,70,87
102535958_2090_jpg.rf.bc47960c0a0759c7e48cada01a0a3d46.jpg,640,640,gun,233,233,298,315,65,82
knife_39_jpg.rf.bc8b4d2b6b46ae4d2a485a55a18e174d.jpg,640,640,knife,112,9,512,577,400,568
MB_06_jpg.rf.bca5ef972579d4f89437c75636fe64eb.jpg,640,640,gun,267,550,342,615,75,65
DSC_0050_JPG_jpg.rf.bc9f2e5c7e9f811597128fe2b66d79be.jpg,640,640,knife,289,307,344,444,55,137
knife_819_jpg.rf.bc8a5ffe25c2496398b4722acf25c87b.jpg,640,640,knife,157,477,289,612,132,135
gun1_6m_static_0001288_jpg.rf.bc353f73026747c1177c388263b1aea8.jpg,640,640,gun,484,238,528,335,44,97
7_7_asd_00131346_jpg.rf.bc9c5031ab5845b93c2362c60b2fc48d.jpg,640,640,gun,3,353,71,471,68,118
L-Honneur_d-un_capitaine-M1Carbine-5_jpg.rf.bcaea12d45cde55af010d29ae7fb858a.jpg,640,640,gun,445,272,602,507,157,235
KravMagaTraining21185_jpg.rf.bc4ecec8ae289081e2ce1c0dc9932615.jpg,640,640,knife,303,479,409,543,106,64
KnifeDefenseKrav042_jpg.rf.bc9a301e89b128ed52de49a56ed39d3c.jpg,640,640,knife,268,45,337,112,69,67
PKJ_036_jpg.rf.bcab743b0628c8bd4c9bafd96279438a.jpg,640,640,gun,328,251,403,467,75,216
batch_160_jpg.rf.bc8b856ba9725aa166817cc887311c2b.jpg,640,640,knife,235,70,255,156,20,86
batch_160_jpg.rf.bc8b856ba9725aa166817cc887311c2b.jpg,640,640,knife,413,66,632,317,219,251
batch_160_jpg.rf.bc8b856ba9725aa166817cc887311c2b.jpg,640,640,knife,93,386,312,637,219,251
batch_160_jpg.rf.bc8b856ba9725aa166817cc887311c2b.jpg,640,640,knife,458,367,491,488,33,121
knife_542_jpg.rf.bcc02253b080c59db2dcd058501265bd.jpg,640,640,knife,115,151,391,526,276,375
Smith_-_Wesson_59_jpg.rf.bcbbac3b3a60953eb9d248accac3dcd6.jpg,640,640,gun,9,19,622,630,613,611
batch_342_jpg.rf.bd019c100a8f8e564c2d953979b12a6e.jpg,640,640,knife,167,95,205,206,38,111
batch_342_jpg.rf.bd019c100a8f8e564c2d953979b12a6e.jpg,640,640,knife,486,95,524,205,38,110
batch_342_jpg.rf.bd019c100a8f8e564c2d953979b12a6e.jpg,640,640,knife,116,479,195,638,79,159
batch_342_jpg.rf.bd019c100a8f8e564c2d953979b12a6e.jpg,640,640,knife,373,401,457,606,84,205
knife_573_jpg.rf.bcc799ecd4f2e2649e2caf17c19d6cbd.jpg,640,640,knife,38,67,276,506,238,439
knife_86_jpg.rf.bd28ff7afa1c7364dde5b314a566cff2.jpg,640,640,knife,208,7,619,639,411,632
1649338714-845636_jpg.rf.bcde17a6a039d069ddc2295922261bb8.jpg,640,640,knife,229,302,457,391,228,89
batch_328_jpg.rf.bd11a40a7faea8bfa5683a12b314f08d.jpg,640,640,knife,147,73,253,181,106,108
batch_328_jpg.rf.bd11a40a7faea8bfa5683a12b314f08d.jpg,640,640,knife,481,0,535,260,54,260
batch_328_jpg.rf.bd11a40a7faea8bfa5683a12b314f08d.jpg,640,640,knife,147,387,266,502,119,115
batch_328_jpg.rf.bd11a40a7faea8bfa5683a12b314f08d.jpg,640,640,knife,464,382,590,492,126,110
gun_3_3_1__0000880_jpg.rf.bd5b71901e3fdf767cf42b2598c51a33.jpg,640,640,gun,248,258,303,438,55,180
11_12_2348_jpg.rf.bd6e421c6a5a2682e90fdf576d267d9f.jpg,640,640,gun,0,0,620,613,620,613
DefenseAndSurvive05_jpg.rf.bcdb57dbe4684375d4e6691dcd175409.jpg,640,640,knife,190,412,281,617,91,205
Gun_1606_jpg.rf.bdbd7e3b89ded21f51338eea78336008.jpg,640,640,gun,67,36,550,609,483,573
gun_3_1_1__0003180_jpg.rf.bdb4fe824517e508da12d1342a715dfc.jpg,640,640,gun,246,313,301,557,55,244
BSSAA-4_jpg.rf.bd0d45c0de19dbedcbe364d056f6cf8d.jpg,640,640,gun,217,321,338,639,121,318
BSSAA-4_jpg.rf.bd0d45c0de19dbedcbe364d056f6cf8d.jpg,640,640,gun,451,326,575,639,124,313
00001024_jpg.rf.bcdf76603ef9ee046253e0e0ca07adf4.jpg,640,640,gun,3,262,632,498,629,236
knife_131_jpg.rf.bcf876f2453477446e8fe006f72af52a.jpg,640,640,knife,277,219,506,533,229,314
1649338745-1481144_jpg.rf.bd75645c3d18c8f1b4d6699efb369930.jpg,640,640,knife,210,28,299,574,89,546
SanAntonio-003_jpg.rf.bde4da74322153e9073bc39c827b8953.jpg,640,640,gun,67,2,225,636,158,634
Best_29_jpg.rf.bd38e34ce200dd653195a869b1b7d622.jpg,640,640,gun,383,177,587,412,204,235
Gun_2104_jpg.rf.bde26342d9084798e28463992a8c7e82.jpg,640,640,gun,0,0,624,619,624,619
gun_3_1_1__0002028_jpg.rf.be1c4faae8dd2287579aab6381f4fea9.jpg,640,640,gun,260,323,313,516,53,193
KravMagaTraining21026_jpg.rf.bdc760d8b37e6d7d02e7f27f7e1dcdf3.jpg,640,640,knife,227,484,319,547,92,63
331_jpg.rf.bd3d8d3850bb56a8bbca00dddbbac6d3.jpg,640,640,knife,311,159,531,386,220,227
DSC_00041_JPG_jpg.rf.bdc842c2e70d76c5f83abe135d55a489.jpg,640,640,knife,283,463,328,520,45,57
PBreak-00108_jpg.rf.bda073e1f77173e0f6ad5a2105f047f5.jpg,640,640,gun,136,194,293,602,157,408
knife_503_jpg.rf.bd32ffd4d698642fbd395442a470ce0e.jpg,640,640,knife,17,246,457,525,440,279
image173_jpg.rf.be389191dfbfa1b2d7d0ff5918592616.jpg,640,640,gun,44,42,588,604,544,562
Mirrors_04_jpg.rf.bdd5cacd613b03f40d2287436b2d19bb.jpg,640,640,gun,182,434,368,639,186,205
DSC_0060_JPG_jpg.rf.bd6bac4c05f6a526ce2862f0952eaed9.jpg,640,640,knife,282,409,345,448,63,39
Kentucky_percussion_Rifle_jpg.rf.be2a59bd80410d0e18cf169cf3a5a7c5.jpg,640,640,gun,3,13,637,611,634,598
knife_495_jpg.rf.bddb6df978bd394273ee080f7bbb48e7.jpg,640,640,knife,207,144,436,531,229,387
19_jpg.rf.be2595a8e2febf6c8a593e7990179f0f.jpg,640,640,knife,303,520,354,582,51,62
gun_3_1_1__0002836_jpg.rf.be128e8750c3ad022605445e32c51745.jpg,640,640,gun,231,352,302,588,71,236
BdDP-Luger-4_jpg.rf.bde165d6c56ca2a00947df30f0260372.jpg,640,640,gun,360,187,477,371,117,184
TF_33_jpg.rf.bdf86872b175c6e70194be81a04442f9.jpg,640,640,gun,300,374,361,509,61,135
knife_143_jpg.rf.be49272579416bc9a0a0a17597095e23.jpg,640,640,knife,239,10,560,598,321,588
knife_555_jpg.rf.bd7d62713be66cddbe2e6f9ccebb2dad.jpg,640,640,knife,32,102,537,429,505,327
DSC_0038_JPG_jpg.rf.be452f3e996b8a92d179198ca93bc5b9.jpg,640,640,knife,276,389,296,493,20,104
DSC_0038_JPG_jpg.rf.be452f3e996b8a92d179198ca93bc5b9.jpg,640,640,knife,370,344,404,474,34,130
102391213_648_jpg.rf.be5b7dbc029a237f2cf2af8370378426.jpg,640,640,gun,428,208,456,249,28,41
Gun_1928_jpg.rf.be765029628e2a4047cccb54096ecd08.jpg,640,640,gun,45,141,640,617,595,476
11_12_441_jpg.rf.be8579184f97947de6b4a68afbd5a91d.jpg,640,640,gun,5,237,603,588,598,351
278_jpg.rf.be590105e679bdbb66d50ca820018aff.jpg,640,640,knife,342,137,448,458,106,321
knife_81_jpg.rf.be84911bd1a239d129fd8188442ba26f.jpg,640,640,knife,0,0,479,449,479,449
6_22_3_0002592_jpg.rf.bed5e1479a8b0bb963a4f277a0fd19c7.jpg,640,640,gun,248,161,342,250,94,89
knife_523_jpg.rf.bf01540d792f0638ea036da46c0195d5.jpg,640,640,knife,11,73,177,430,166,357
batch_53_jpg.rf.bf1421d7f6b78c0bf415e23bfed48164.jpg,640,640,knife,64,101,88,184,24,83
batch_53_jpg.rf.bf1421d7f6b78c0bf415e23bfed48164.jpg,640,640,knife,328,168,473,314,145,146
batch_53_jpg.rf.bf1421d7f6b78c0bf415e23bfed48164.jpg,640,640,knife,9,488,153,635,144,147
batch_53_jpg.rf.bf1421d7f6b78c0bf415e23bfed48164.jpg,640,640,knife,329,426,466,618,137,192
BELCM16c_jpg.rf.be55886a8f0ea38bb3afa779406baaae.jpg,640,640,gun,164,64,593,311,429,247
knife_243_jpg.rf.bf44ba3902c84efb640183ecfedbdb0a.jpg,640,640,knife,7,123,490,536,483,413
142_jpg.rf.be8daa73408f57a149c253b78f9eac62.jpg,640,640,knife,332,94,494,432,162,338
BB2inox_jpg.rf.bec17721c3dd6d357cae134675147afe.jpg,640,640,gun,288,142,461,527,173,385
knife_230_jpg.rf.bf1584608674223209ab9f7f76df78f8.jpg,640,640,knife,122,51,596,533,474,482
batch_23_jpg.rf.becdb06ea80384244c751c84a421f7f1.jpg,640,640,gun,21,79,299,261,278,182
batch_23_jpg.rf.becdb06ea80384244c751c84a421f7f1.jpg,640,640,gun,410,11,528,284,118,273
batch_23_jpg.rf.becdb06ea80384244c751c84a421f7f1.jpg,640,640,gun,84,356,184,621,100,265
batch_23_jpg.rf.becdb06ea80384244c751c84a421f7f1.jpg,640,640,gun,415,413,536,539,121,126
1649338735-4832015_jpg.rf.beeaa8fd2309f7137900ef6f8e99b04b.jpg,640,640,knife,309,244,413,640,104,396
gun_4m_static_0001648_jpg.rf.bed69c138c11c168e27c51ed490ef674.jpg,640,640,gun,564,244,638,352,74,108
RusoClases310_jpg.rf.bf0db6d2909709ff1897edae48bb4c25.jpg,640,640,knife,297,294,321,439,24,145
gun_2_1_1__0011620_jpg.rf.beb2242af8f0f3f78319a8877d39754a.jpg,640,640,gun,177,318,212,362,35,44
11_12_1475_jpg.rf.bee10dea993133ff61c313aca34aea19.jpg,640,640,gun,7,47,639,598,632,551
knife_965_jpg.rf.bf52864384a2bafb84c77e65cccd9bbe.jpg,640,640,knife,108,289,174,487,66,198
gun1_5m_run_0000328_jpg.rf.bf2cf0691760b788a2b1f7cb81c04605.jpg,640,640,gun,353,279,421,379,68,100
83_jpg.rf.bf2493145e746bbd00dc7ed04f41c12e.jpg,640,640,knife,306,443,354,500,48,57
The_Tiger_and_the_Snow_-_Beretta_92SB_-1-_jpg.rf.bf3388b3492162b29fa70ad2af2a969d.jpg,640,640,gun,383,174,441,334,58,160
AC_Erich_Luger_jpg.rf.bf1d499dffa289cd2ee4f539e045d829.jpg,640,640,gun,121,159,212,361,91,202
1015141941_2247_jpg.rf.bf72e25354c0eee032f7a1fc023f4f1d.jpg,640,640,gun,274,197,326,280,52,83
1015141941_2247_jpg.rf.bf72e25354c0eee032f7a1fc023f4f1d.jpg,640,640,gun,367,272,494,443,127,171
null_image.jpg,640,640,,,,,,0,0
2022-04-15_48_jpg.rf.bf12eed580c0610aadd4f8cef23e5f76.jpg,640,640,knife,371,458,397,514,26,56
KravMagaTraining20924_jpg.rf.bed3597dd20b4df65157cf864c6bc8ef.jpg,640,640,knife,365,426,461,493,96,67
knife_408_jpg.rf.bf5a93b2fc74f2c167ed042ba963472f.jpg,640,640,knife,44,301,257,630,213,329
11_12_2097_jpg.rf.bf5260a7af4f300efe0f379f15a6eb82.jpg,640,640,gun,231,53,550,237,319,184
DefenseKnifeAttack0002_jpg.rf.bff9873347061a0d863185999cd89928.jpg,640,640,knife,343,226,368,317,25,91
KODCHgun_jpg.rf.bf669b9694aa12689d88d80d170bf84a.jpg,640,640,gun,326,138,389,483,63,345
131_jpg.rf.bf6dc5e06da55fa3265a502a7793b258.jpg,640,640,knife,173,157,242,531,69,374
batch_61_jpg.rf.bf4ef9574668cc24aa3b148733747ace.jpg,640,640,gun,28,92,251,283,223,191
batch_61_jpg.rf.bf4ef9574668cc24aa3b148733747ace.jpg,640,640,gun,322,26,618,298,296,272
batch_61_jpg.rf.bf4ef9574668cc24aa3b148733747ace.jpg,640,640,gun,5,324,319,615,314,291
batch_61_jpg.rf.bf4ef9574668cc24aa3b148733747ace.jpg,640,640,gun,485,482,508,503,23,21
Llama_IX-A_3rd_series_jpg.rf.bff8bac42e8caccaa7737c8426bf1aa8.jpg,640,640,gun,12,7,639,639,627,632
223_jpg.rf.c0157856033cb8766c1a63827f7ec063.jpg,640,640,knife,310,367,363,640,53,273
334_jpg.rf.bf857c6418c72dc0af956e657a31f24d.jpg,640,640,knife,325,148,560,320,235,172
6_22_4_0003588_jpg.rf.c01a0a700ab3c0c456a03c6e4bc3ca18.jpg,640,640,gun,256,146,292,256,36,110
Doroga-Luger-2_jpg.rf.bfefc28c47e411d21e65ba15e4914083.jpg,640,640,gun,153,87,214,188,61,101
gun_6m_static_0000488_jpg.rf.c007bc0bc22b0b0bedfa219aa0641acf.jpg,640,640,gun,227,81,275,189,48,108
gun_3_1_1__0002232_jpg.rf.bfcedf48c45a13f846517b2ccd5369c0.jpg,640,640,gun,300,214,342,425,42,211
KnifeDefenseKrav022_jpg.rf.bfc5cdac3536c0933e47a63ff24435b3.jpg,640,640,knife,284,18,355,89,71,71
batch_90_jpg.rf.bf7dec88303a1da106af8cfec8da9875.jpg,640,640,gun,160,69,182,107,22,38
batch_90_jpg.rf.bf7dec88303a1da106af8cfec8da9875.jpg,640,640,gun,440,199,450,243,10,44
batch_90_jpg.rf.bf7dec88303a1da106af8cfec8da9875.jpg,640,640,gun,126,519,137,565,11,46
batch_90_jpg.rf.bf7dec88303a1da106af8cfec8da9875.jpg,640,640,gun,457,390,466,420,9,30
gun_2_1_1__0010105_jpg.rf.bfcd1fccc457bf403b04ebfb4d894e04.jpg,640,640,gun,325,277,364,335,39,58
batch_19_jpg.rf.c00d4a2d6dbbac570ab57d35c7c1d8d7.jpg,640,640,knife,65,157,138,243,73,86
batch_19_jpg.rf.c00d4a2d6dbbac570ab57d35c7c1d8d7.jpg,640,640,knife,428,169,562,279,134,110
batch_19_jpg.rf.c00d4a2d6dbbac570ab57d35c7c1d8d7.jpg,640,640,knife,129,528,155,561,26,33
batch_19_jpg.rf.c00d4a2d6dbbac570ab57d35c7c1d8d7.jpg,640,640,knife,432,492,559,602,127,110
batch_152_jpg.rf.bfbf9daa44fae0fa94d05a9940a51e86.jpg,640,640,gun,81,41,161,296,80,255
batch_152_jpg.rf.bfbf9daa44fae0fa94d05a9940a51e86.jpg,640,640,gun,365,90,417,143,52,53
batch_152_jpg.rf.bfbf9daa44fae0fa94d05a9940a51e86.jpg,640,640,gun,5,321,315,628,310,307
batch_152_jpg.rf.bfbf9daa44fae0fa94d05a9940a51e86.jpg,640,640,gun,351,351,617,620,266,269
MindRosPT5_jpg.rf.be8505ec072053cc61b5690fb9e3bb6e.jpg,640,640,gun,217,71,438,544,221,473
gun_2_1_1__0009395_jpg.rf.08b241d3f99ff252726a467b44440d79.jpg,640,640,gun,146,335,182,384,36,49
KravMagaTraining055_jpg.rf.08c9f43608cfcd9382ae52cb66ecf335.jpg,640,640,knife,329,111,382,260,53,149
knife24_jpg.rf.08caf74b62314e2251b74a20ae7f8b9c.jpg,640,640,knife,0,179,226,430,226,251
Gun_245_jpg.rf.08d2690ce8ff5d4d70fb43ee9d2f869f.jpg,640,640,gun,70,206,554,611,484,405
1365150_03__00164_jpg.rf.08d366cfd75d11945162687eabec6581.jpg,640,640,gun,260,217,316,355,56,138
batch_355_jpg.rf.08d81a119776be342b2006f9b283715e.jpg,640,640,gun,66,166,214,318,148,152
batch_355_jpg.rf.08d81a119776be342b2006f9b283715e.jpg,640,640,gun,95,0,257,221,162,221
batch_355_jpg.rf.08d81a119776be342b2006f9b283715e.jpg,640,640,gun,330,19,632,291,302,272
batch_355_jpg.rf.08d81a119776be342b2006f9b283715e.jpg,640,640,gun,3,322,317,636,314,314
batch_355_jpg.rf.08d81a119776be342b2006f9b283715e.jpg,640,640,gun,413,476,487,524,74,48
knife_971_jpg.rf.08d971229fe7d96536804c57830f738b.jpg,640,640,knife,63,492,129,640,66,148
gun_3_2_1__0000168_jpg.rf.09130f47ae63e063cf8a2ff5fc54ae12.jpg,640,640,gun,259,219,352,442,93,223
RusoClases312_jpg.rf.0918c1d2ebae5e14a2e20a12e3f393e3.jpg,640,640,knife,343,426,374,557,31,131
6_22_3_0003276_jpg.rf.091b4a0d543f7ea5be59a97639a7b5e7.jpg,640,640,gun,146,95,211,229,65,134
2022-04-15_10_jpg.rf.091f9b3a9d7f362359fb3d8a51095fe5.jpg,640,640,knife,339,518,393,551,54,33
batch_274_jpg.rf.099e87111f6ad431f2931bc13a79075d.jpg,640,640,knife,136,128,155,158,19,30
batch_274_jpg.rf.099e87111f6ad431f2931bc13a79075d.jpg,640,640,knife,465,121,478,173,13,52
batch_274_jpg.rf.099e87111f6ad431f2931bc13a79075d.jpg,640,640,knife,138,479,176,504,38,25
batch_274_jpg.rf.099e87111f6ad431f2931bc13a79075d.jpg,640,640,knife,468,446,482,505,14,59
BevCopS-W6294_jpg.rf.093c18d36201222aaa629386c9bb33d2.jpg,640,640,gun,202,279,276,465,74,186
1649338721-168841_jpg.rf.09520c5e2f51e6cd540a1e5dd78ab4e5.jpg,640,640,knife,345,125,397,548,52,423
gun_2_1_1__0003860_jpg.rf.0936523fbb8e600ee92a1c2130585924.jpg,640,640,gun,298,348,334,399,36,51
gun_2_1_1__0010275_jpg.rf.08db87bd7c354aaca361f8022ce16ae0.jpg,640,640,gun,229,279,258,339,29,60
Nick_12_jpg.rf.095c34fa80058eecfa0ec712bdf63683.jpg,640,640,gun,249,331,485,591,236,260
A_Force_of_One-M1911-1_jpg.rf.097ef351ddb8cab2f47cfa847a677e52.jpg,640,640,gun,199,394,319,617,120,223
knife_84_jpg.rf.097ceba8a6231b8bf8431657fd98a1a5.jpg,640,640,knife,125,35,365,557,240,522
Bb-SK-WP38-02_jpg.rf.09804ede20afe02fda1da87bd009b904.jpg,640,640,gun,173,282,255,602,82,320
knife_876_jpg.rf.097d872a01eee292a19c0d8921fa3d2a.jpg,640,640,knife,89,325,167,541,78,216
knife_32_jpg.rf.09ba33cfbeddee581febae1eb872d5af.jpg,640,640,knife,52,123,485,454,433,331
batch_364_jpg.rf.09b57907b141ed3cfc2a51090b680a92.jpg,640,640,gun,68,233,114,298,46,65
batch_364_jpg.rf.09b57907b141ed3cfc2a51090b680a92.jpg,640,640,gun,446,97,469,186,23,89
batch_364_jpg.rf.09b57907b141ed3cfc2a51090b680a92.jpg,640,640,gun,1,446,34,528,33,82
batch_364_jpg.rf.09b57907b141ed3cfc2a51090b680a92.jpg,640,640,gun,505,431,544,516,39,85
KravMagaTraining417_jpg.rf.09aa60581a09e0999887e935c4c140a6.jpg,640,640,knife,278,207,300,328,22,121
knife_716_jpg.rf.098f96f24d0fa001b88181f6472f337b.jpg,640,640,knife,129,300,189,486,60,186
knife_409_jpg.rf.09c613da647cb7d53fd7b23a8a8e22e8.jpg,640,640,knife,13,258,290,550,277,292
gun_2_1_1__0015605_jpg.rf.09cc34b40ad972ffac6fd5077b710243.jpg,640,640,gun,145,333,183,372,38,39
05_14_0000733_jpg.rf.09c65cb4ee4a8bccf5b7f2e82c70219f.jpg,640,640,gun,61,153,446,496,385,343
batch_73_jpg.rf.0a443cb865e7f6928a2e93de1cc87740.jpg,640,640,gun,65,216,168,275,103,59
batch_73_jpg.rf.0a443cb865e7f6928a2e93de1cc87740.jpg,640,640,gun,408,236,480,309,72,73
batch_73_jpg.rf.0a443cb865e7f6928a2e93de1cc87740.jpg,640,640,gun,89,457,153,638,64,181
batch_73_jpg.rf.0a443cb865e7f6928a2e93de1cc87740.jpg,640,640,gun,438,444,482,594,44,150
Militia19115_jpg.rf.0a218314fedb56b57f0cca54bffc9722.jpg,640,640,gun,255,445,332,616,77,171
6_22_4_0002432_jpg.rf.0a45a1701b5b504a230c382687081c07.jpg,640,640,gun,239,205,283,341,44,136
knife_368_jpg.rf.09ef983e66488634d295d5556c3fa939.jpg,640,640,knife,8,249,397,603,389,354
knife_1077_jpg.rf.0a20a36ca6d5e9fe08ac40dd898d536c.jpg,640,640,knife,43,52,237,380,194,328
KravMagaTraining367_jpg.rf.0a10e8ebc37ec2f194d492e5c9395611.jpg,640,640,knife,225,322,271,426,46,104
KravMagaTraining000_jpg.rf.0a4cfeb287e6e4adf8029ef29b561a39.jpg,640,640,knife,325,57,401,144,76,87
batch_91_jpg.rf.0a51e0e0e540c1f0f01cf0dacde05195.jpg,640,640,gun,131,68,141,101,10,33
batch_91_jpg.rf.0a51e0e0e540c1f0f01cf0dacde05195.jpg,640,640,gun,475,115,494,183,19,68
batch_91_jpg.rf.0a51e0e0e540c1f0f01cf0dacde05195.jpg,640,640,gun,168,468,181,522,13,54
batch_91_jpg.rf.0a51e0e0e540c1f0f01cf0dacde05195.jpg,640,640,gun,440,430,453,473,13,43
6_22_2_0001756_jpg.rf.0a544937bac8f47a164a58d7437d03fe.jpg,640,640,gun,275,89,300,170,25,81
knife_1078_jpg.rf.0a691285bf6df4661c3bc1a01e63c65d.jpg,640,640,knife,99,323,599,592,500,269
knife_733_jpg.rf.0a2804948f6f26bb106702b0b08d094b.jpg,640,640,knife,358,145,435,345,77,200
knife_146_jpg.rf.0a79060b3c5dd0f022289a957fddc16f.jpg,640,640,knife,154,77,270,612,116,535
gun1_5m_static_0001368_jpg.rf.0a6ecc59ae484cc8233a85ab8bdd165d.jpg,640,640,gun,301,336,322,457,21,121
Beretta_mod_85BB_nickel_jpg.rf.0a67fc61df2eb89e78d511c9a3e65554.jpg,640,640,gun,5,16,627,607,622,591
6_22_4_0004296_jpg.rf.0a61d0d8d05057b3ebb2e52c78973751.jpg,640,640,gun,401,295,435,377,34,82
knife_989_jpg.rf.0a5d1442de7395c9a2ea81b90d33d122.jpg,640,640,knife,59,499,129,639,70,140
gun_2_1_1__0001710_jpg.rf.09ee9bff47783a37e25e7ba6305318f2.jpg,640,640,gun,246,282,282,318,36,36
knife_328_jpg.rf.0a98d549912abcd8acd8f9fa2679cf82.jpg,640,640,knife,3,139,639,625,636,486
knife19_jpg.rf.0a8479373219b93256cc73609edbc653.jpg,640,640,knife,29,175,426,428,397,253
MarineTaurusPT92AFS-1_jpg.rf.0abc9d16faa408c358c7354c5a22661f.jpg,640,640,gun,55,451,188,625,133,174
MarineTaurusPT92AFS-1_jpg.rf.0abc9d16faa408c358c7354c5a22661f.jpg,640,640,gun,427,297,510,589,83,292
Keeper-Beretta92-3_jpg.rf.0b150e48ad58111346547ce37b67f224.jpg,640,640,gun,350,187,394,279,44,92
knife_1001_jpg.rf.0b1391de17d393d3c2bbf0c035c79461.jpg,640,640,knife,70,506,133,640,63,134
6_22_4_0005064_jpg.rf.0b18e08bc6c15b5a7a3ac9a4ba20afee.jpg,640,640,gun,310,83,358,209,48,126
Belly_of_the_Beast-UnknownPistol-6_jpg.rf.0aaff058f2cf752d02d8e89f8b24fac7.jpg,640,640,gun,400,194,585,581,185,387
null_image.jpg,640,640,,,,,,0,0
batch_225_jpg.rf.0ad925027d1667520dac455704b2d8e5.jpg,640,640,knife,145,269,165,309,20,40
batch_225_jpg.rf.0ad925027d1667520dac455704b2d8e5.jpg,640,640,knife,482,282,492,315,10,33
batch_225_jpg.rf.0ad925027d1667520dac455704b2d8e5.jpg,640,640,knife,27,569,63,639,36,70
batch_225_jpg.rf.0ad925027d1667520dac455704b2d8e5.jpg,640,640,knife,350,570,386,639,36,69
gun_3_1_1__0002424_jpg.rf.0ac67537ef41d8a7f4161f6a2c9d233f.jpg,640,640,gun,270,296,320,453,50,157
DSDGB-SAA-7_jpg.rf.0ae813f6b5defef36d583df5eb6ee5df.jpg,640,640,gun,387,208,490,292,103,84
Kingsman_62_jpg.rf.0aa3ec87b635590bb2bc7883df776f11.jpg,640,640,gun,260,219,410,415,150,196
knife_420_jpg.rf.0ad17380a9d934dd497fe851d742100f.jpg,640,640,knife,339,42,585,329,246,287
knife_824_jpg.rf.0b1bec566b345cb6fa451f5c23165bcc.jpg,640,640,knife,142,263,198,445,56,182
1649338741-1588738_jpg.rf.0b2f2be5ddbd8e263a4e45ec83248db9.jpg,640,640,knife,250,0,332,638,82,638
KravMagaTraining21334_jpg.rf.0ae4895ce6918899d6d21cdd50ce196a.jpg,640,640,knife,289,362,434,493,145,131
knife_74_jpg.rf.0aec5b13e98aa7e992ea1ea7bffa4cb6.jpg,640,640,knife,114,55,460,511,346,456
6_22_2_0005088_jpg.rf.0b22107f5ec7642d8e9b32692d22bd42.jpg,640,640,gun,55,110,97,202,42,92
gun_2_1_1__0015125_jpg.rf.0b4ea9a52472d1c355dadc7dca929fde.jpg,640,640,gun,295,396,353,443,58,47
knife_1081_jpg.rf.0b3c3c2fc7b6413b86b6756e09be53b0.jpg,640,640,knife,26,0,171,523,145,523
102572226_3648_jpg.rf.0b40e82711a1c91ef6a61c1cb5c65780.jpg,640,640,gun,118,252,519,603,401,351
knife_1106_jpg.rf.0b5289b2a225f4bc84d7671de3f45dd8.jpg,640,640,knife,273,352,413,471,140,119
null_image.jpg,640,640,,,,,,0,0
KravMagaTraining21027_jpg.rf.0ae656f7d570101d55792f15208538a9.jpg,640,640,knife,219,468,313,539,94,71
gun_3_1_1__0000796_jpg.rf.0b52e0bb3da318d7dae583535a5f170b.jpg,640,640,gun,244,359,282,528,38,169
knife_136_jpg.rf.0b5a085e346a2b9fc8ec5217dfe13792.jpg,640,640,knife,119,60,426,503,307,443
6_22_4_0004216_jpg.rf.0b99d50074d8375d735ece9cdda4a23c.jpg,640,640,gun,410,288,437,377,27,89
KravMagaTraining493_jpg.rf.0ba937848d8c73bac01873db9f64b2f6.jpg,640,640,knife,188,392,248,445,60,53
TL_001_jpg.rf.0ba31d6662bcb3153d218cb7a1d1f0d9.jpg,640,640,gun,289,177,520,478,231,301
Krushenie_emirata-MauserC96-7_jpg.rf.0baaedb3111b31b538c7af0586751c19.jpg,640,640,gun,405,422,607,563,202,141
gun_3_2_1__0002732_jpg.rf.0b5c36e72335f9782b03823abdf2a556.jpg,640,640,gun,310,444,371,607,61,163
Unthinkable_S-W_2_jpg.rf.0bced4e9fcfb63f5c6e35c5e42e353b5.jpg,640,640,gun,324,94,397,232,73,138
gun1_7m_run_0000352_jpg.rf.0ba63a6436708b3f1947b9e55d27c61f.jpg,640,640,gun,70,194,112,281,42,87
6_22_1_0001184_jpg.rf.0be43b755c8149d422a6fb47633b2acb.jpg,640,640,gun,160,108,292,366,132,258
F5M14-2_jpg.rf.0b53385a85faea179d2f2aa16390d3b2.jpg,640,640,gun,194,38,440,352,246,314
batch_298_jpg.rf.0b67304047119f9288cbb359c76da501.jpg,640,640,knife,163,250,185,278,22,28
batch_298_jpg.rf.0b67304047119f9288cbb359c76da501.jpg,640,640,knife,324,163,464,216,140,53
batch_298_jpg.rf.0b67304047119f9288cbb359c76da501.jpg,640,640,knife,129,461,265,611,136,150
batch_298_jpg.rf.0b67304047119f9288cbb359c76da501.jpg,640,640,knife,458,386,634,545,176,159
7_7_asd_00024678_jpg.rf.0c18e95b0265363e9ad1dac646b84c7b.jpg,640,640,gun,126,309,154,358,28,49
7_7_asd_00127076_jpg.rf.0bf5df8b60d88c758b1b4c3396452777.jpg,640,640,gun,285,265,338,366,53,101
gun1_4m_static_0002176_jpg.rf.0bf4fcb7dfe27fbe3dd0fd8ac1982bdd.jpg,640,640,gun,374,302,396,407,22,105
knife_457_jpg.rf.0be2c647a558b1777fd75b3ba1694ea6.jpg,640,640,knife,8,263,362,634,354,371
KravMagaTraining019_jpg.rf.0bd7dad98275ea2a8fc9b2107a68e825.jpg,640,640,knife,334,74,416,152,82,78
gun_1_621_jpg.rf.0b90a6a24ecb9e465833cb8e25e29bf6.jpg,640,640,gun,181,46,576,596,395,550
knife_258_jpg.rf.0c187c6d24ac19d5ddeee25ee616d0d9.jpg,640,640,knife,56,263,626,587,570,324
PB98_PPK_02_jpg.rf.0c3ef9d2270e711729d6b57c6b77215c.jpg,640,640,gun,224,365,298,494,74,129
knife_350_jpg.rf.0c3804cf8e675cfa655cc101de77e77b.jpg,640,640,knife,6,320,320,578,314,258
1649338707-4874501_jpg.rf.0c7481d975a9a37d81325c5a1aab9161.jpg,640,640,knife,245,157,434,540,189,383
51_jpg.rf.0c805b643de7a0332621cbc7fb88126d.jpg,640,640,knife,251,454,326,531,75,77
knife_365_jpg.rf.0c83c795466ba6944d90659e3f895d85.jpg,640,640,knife,15,2,270,256,255,254
39Steps78_Mauser_02_jpg.rf.0c67e9ce2364615c24678824087f0d1e.jpg,640,640,gun,146,213,630,427,484,214
gun_5m_static_0001456_jpg.rf.0c8080f7752b7b6b30dfca72cd4fb4cd.jpg,640,640,gun,294,187,321,283,27,96
Kisskissbangbangjericho941_jpg.rf.0c86805c1d2cfbaf69c32e8f73703979.jpg,640,640,gun,279,318,317,484,38,166
61_jpg.rf.0c8c2698fea8bd33a756ba241d5c7bda.jpg,640,640,knife,148,457,169,528,21,71
knife_18_jpg.rf.0caab5242a09156c6be6a2ff1249c3d0.jpg,640,640,knife,38,266,600,554,562,288
Bataan13_jpg.rf.0cb14e2bc30a66e7476dffde2eaa51ac.jpg,640,640,gun,72,279,206,428,134,149
DSC_0025_JPG_jpg.rf.0cb79137587f248f7d0b92bc09d424ce.jpg,640,640,knife,342,223,378,281,36,58
6_22_4_0004292_jpg.rf.0c8f9b824384c0bee1e895e3a0915ede.jpg,640,640,gun,402,291,434,370,32,79
knife_1303_jpg.rf.0cd80348af8e847a3f5d01d5f925ca91.jpg,640,640,knife,211,178,301,324,90,146
KravMagaTraining617_jpg.rf.0ca26ff2595ff4929744455b478480dc.jpg,640,640,knife,345,142,429,193,84,51
gun_3_2_1__0002776_jpg.rf.0cc9430d2ff5af1ec4bc265a2a070a09.jpg,640,640,gun,290,465,342,637,52,172
48_jpg.rf.0ccb852f880d28bd99488dcf0aa31eaf.jpg,640,640,knife,392,162,465,208,73,46
6_22_4_0004528_jpg.rf.0cdc2b502b355b8e18eeec7403f29166.jpg,640,640,gun,402,389,468,463,66,74
knife_283_jpg.rf.0ce930763be725636a7f1c9783637ca9.jpg,640,640,knife,264,15,450,317,186,302
batch_226_jpg.rf.0cd80fae3b5307622b3816117bcfa80a.jpg,640,640,gun,179,125,319,281,140,156
batch_226_jpg.rf.0cd80fae3b5307622b3816117bcfa80a.jpg,640,640,gun,476,132,501,207,25,75
batch_226_jpg.rf.0cd80fae3b5307622b3816117bcfa80a.jpg,640,640,gun,211,366,239,452,28,86
batch_226_jpg.rf.0cd80fae3b5307622b3816117bcfa80a.jpg,640,640,gun,477,388,516,448,39,60
6_22_2_0007000_jpg.rf.0d4642fa05c57119020d4dd2be7f7ece.jpg,640,640,gun,184,235,232,327,48,92
ColtPatterson-LoadingLever_jpg.rf.0ce9df5ffc62159fb298728ae55429c3.jpg,640,640,gun,4,6,636,624,632,618
1649338742-8284862_jpg.rf.0d239d812a6ca6b7c7c5bbd344d5530c.jpg,640,640,knife,230,6,299,599,69,593
Foxcatcher_06_jpg.rf.0d80dadfbc2baa09538068a0d87c5c71.jpg,640,640,gun,466,182,517,238,51,56
Foxcatcher_06_jpg.rf.0d80dadfbc2baa09538068a0d87c5c71.jpg,640,640,gun,406,150,450,206,44,56
Foxcatcher_06_jpg.rf.0d80dadfbc2baa09538068a0d87c5c71.jpg,640,640,gun,314,141,348,182,34,41
knife_430_jpg.rf.0d4a61a03210ba07ebda5b4341f38aaf.jpg,640,640,knife,16,26,445,200,429,174
10178238_1944_jpg.rf.0d709bf10fd4d28382d232e67f7842a8.jpg,640,640,gun,54,55,612,591,558,536
1024184538_658_jpg.rf.0d5077310dfc3eeb6eb913a74cd338e2.jpg,640,640,gun,145,108,500,543,355,435
Gun_1377_jpg.rf.0d84c9f0405b3c5d836eb02f6ab5907b.jpg,640,640,gun,2,2,638,634,636,632
knife_182_jpg.rf.0d011ad9b155390835ba65542f1b1158.jpg,640,640,knife,121,95,214,600,93,505
KravMagaKnifeDefenseTechniques172_jpg.rf.0d235cfed7109b38bd7388400daca962.jpg,640,640,knife,218,177,299,278,81,101
21JS2012_XD_04_jpg.rf.0d8c227d8614b37f57f37f8901337505.jpg,640,640,gun,231,40,370,343,139,303
137_jpg.rf.0d0bc64505257b46cca14ca05de33784.jpg,640,640,knife,288,360,309,462,21,102
DH2ColtPython-9_jpg.rf.0d9be0b76a48153bff12540ab8768e92.jpg,640,640,gun,312,250,376,396,64,146
11_12_34_jpg.rf.0d43d88df425ab83a5eac99ffa30c15a.jpg,640,640,gun,16,34,627,588,611,554
knife_134_jpg.rf.0dbe9acbfd9dbfaa7946ccb6f15e476d.jpg,640,640,knife,382,168,500,562,118,394
300_jpg.rf.0d56a7038d5e5543f8533d814d4d0ede.jpg,640,640,knife,202,231,449,403,247,172
Paper_Tiger-Revolver-1_jpg.rf.0dc16a2254deb95a8f7fa7fd9129bb35.jpg,640,640,gun,186,25,347,423,161,398
101721226_1839_jpg.rf.0d6c093c891423640630486ed4d4e9fd.jpg,640,640,gun,61,291,385,463,324,172
knife_586_jpg.rf.0db625b91c801c2c7666daf5b94356c8.jpg,640,640,knife,80,60,343,488,263,428
null_image.jpg,640,640,,,,,,0,0
gun_3_2_1__0000476_jpg.rf.0ddd404ee580f2596eab8458ab4bc3da.jpg,640,640,gun,251,105,339,377,88,272
95_jpg.rf.0e0048641ca153572b00567209e6043d.jpg,640,640,knife,253,382,290,429,37,47
CCTH-rev-2_jpg.rf.0e056fa797668de48133644d3704880b.jpg,640,640,gun,296,384,364,474,68,90
DSC_0001_JPG_jpg.rf.0e29fa94055c1e30ea5bf60eaf3fbd1f.jpg,640,640,knife,291,325,359,379,68,54
102515222_350_jpg.rf.0dff9f589fd7134507443c7cda0c3ed7.jpg,640,640,gun,42,100,639,613,597,513
41_jpg.rf.0e13e6f4b6cdbcb3b88ac7ecbd6050ce.jpg,640,640,knife,305,425,340,529,35,104
7_7_asd_00138494_jpg.rf.0e0c56e67dfe16edcb8192258d2b1ad4.jpg,640,640,gun,398,291,530,564,132,273
7_7_asd_00131632_jpg.rf.0e0751e4dabe607f0e4d414cf0c21dcc.jpg,640,640,gun,0,280,54,402,54,122
knife_676_jpg.rf.0dcda427af48d9d984063e86101b40da.jpg,640,640,knife,295,231,460,302,165,71
KravMagaTraining21226_jpg.rf.0e3fb7af9626c306f9acf53e8db5286c.jpg,640,640,knife,328,468,400,503,72,35
knife_561_jpg.rf.0e51f47179a2d8382b2fe656f1bf519d.jpg,640,640,knife,168,185,391,546,223,361
batch_206_jpg.rf.0e4f1f9a5994436c3342e4a711d7fe31.jpg,640,640,knife,93,55,302,319,209,264
batch_206_jpg.rf.0e4f1f9a5994436c3342e4a711d7fe31.jpg,640,640,knife,452,59,566,202,114,143
batch_206_jpg.rf.0e4f1f9a5994436c3342e4a711d7fe31.jpg,640,640,knife,132,379,246,522,114,143
batch_206_jpg.rf.0e4f1f9a5994436c3342e4a711d7fe31.jpg,640,640,knife,460,383,566,504,106,121
79_jpg.rf.0e9bbce3aebe12a6d447b0880e8fb224.jpg,640,640,knife,281,592,337,640,56,48
101514453_1332_jpg.rf.0e9c3aad113e0577c922c52f4d349eaa.jpg,640,640,gun,303,263,373,516,70,253
knife_838_jpg.rf.0e64aa26d579041edb08e4fdca06dc5c.jpg,640,640,knife,106,517,174,638,68,121
2022-04-21_415_jpg.rf.0ee3c30809b91f8a0f09efc752780d12.jpg,640,640,knife,282,368,302,412,20,44
The_Quiet_American-M1911-3_jpg.rf.0efd5fa129b09c362d4351fe9a94e272.jpg,640,640,gun,227,466,263,575,36,109
KravMagaTraining720_jpg.rf.0ef0a404713663e39fd5ddb19f7efa85.jpg,640,640,knife,376,177,429,268,53,91
knife5_jpg.rf.0e627fc7f78cf39174098af5e61a469d.jpg,640,640,knife,0,62,457,520,457,458
batch_363_jpg.rf.0ed7e560aeaa7d778a35b29a44aaab7c.jpg,640,640,gun,150,152,199,293,49,141
batch_363_jpg.rf.0ed7e560aeaa7d778a35b29a44aaab7c.jpg,640,640,gun,423,200,455,287,32,87
batch_363_jpg.rf.0ed7e560aeaa7d778a35b29a44aaab7c.jpg,640,640,gun,76,432,112,583,36,151
batch_363_jpg.rf.0ed7e560aeaa7d778a35b29a44aaab7c.jpg,640,640,gun,411,481,466,598,55,117
knife_324_jpg.rf.0f2e29c4c1eca5b1f94615984eba4bad.jpg,640,640,knife,26,275,328,596,302,321
DSC_0014_JPG_jpg.rf.0f15fe747eccf6a17fa9c7bb0b5a3e83.jpg,640,640,knife,257,411,352,475,95,64
knife_963_jpg.rf.0e563865f0cad794fb79466a9fc303f5.jpg,640,640,knife,77,502,145,639,68,137
DSC_00581_JPG_jpg.rf.0ec52cb6c3c88a0bf4d1eea42131367d.jpg,640,640,knife,216,395,250,514,34,119
179_jpg.rf.0f0754557a667db2b2c9c153eee0a463.jpg,640,640,knife,248,194,469,246,221,52
KravMagaKnifeDefenseTechniques215_jpg.rf.0e7be8150198b0eb92f5f3c832cd1913.jpg,640,640,knife,259,252,349,348,90,96
batch_87_jpg.rf.0ed578c304e958a65f8f4d463b89d6a3.jpg,640,640,gun,140,190,162,229,22,39
batch_87_jpg.rf.0ed578c304e958a65f8f4d463b89d6a3.jpg,640,640,gun,475,142,503,177,28,35
batch_87_jpg.rf.0ed578c304e958a65f8f4d463b89d6a3.jpg,640,640,gun,31,319,196,639,165,320
batch_87_jpg.rf.0ed578c304e958a65f8f4d463b89d6a3.jpg,640,640,gun,445,326,568,610,123,284
knife_890_jpg.rf.0e68c09076be31c08de6144a23c41c28.jpg,640,640,knife,127,302,188,538,61,236
124_jpg.rf.0eea426e973fac8e8dcfecfb2c0f8a20.jpg,640,640,knife,255,439,451,576,196,137
sharpenKnife242_jpg.rf.0ef7b216717d912d85294fbf37aaf6ae.jpg,640,640,knife,247,463,325,502,78,39
KravMagaKnifeDefenseTechniques211_jpg.rf.0ee41cc38e2ceaf95977d16c4943a21e.jpg,640,640,knife,256,243,345,335,89,92
KravMagaTraining21185_jpg.rf.0f49960fce85c41965159ec2ada60971.jpg,640,640,knife,303,478,409,543,106,65
113_jpg.rf.0f179189fa1c2f0c81519599926039ac.jpg,640,640,knife,238,396,434,639,196,243
KravMagaKnifeDefenseTechniques126_jpg.rf.0f5699d1f21c5fda0ccd8d02c7a0b438.jpg,640,640,knife,147,177,229,267,82,90
Kingsman_29_jpg.rf.0f5acdc063dfc2387f5f621261e266f5.jpg,640,640,gun,360,326,410,462,50,136
Dhoom_2_pistol_5_5_jpg.rf.0f3437c2932a7165c7fd0c8369ecf3a0.jpg,640,640,gun,178,275,291,559,113,284
1649338722-167989_jpg.rf.0f4b0f688607e955a8c42f8f797c5551.jpg,640,640,knife,320,302,362,639,42,337
knife_534_jpg.rf.0f05a3ba35197a193bacd82d3aedbcc3.jpg,640,640,knife,344,39,475,388,131,349
RN-JER941_jpg.rf.0f582f9377908feb8b85d29ac8c9d359.jpg,640,640,gun,188,424,274,638,86,214
6_22_1_0004640_jpg.rf.0f5faecc74797141613e45821aafbdfc.jpg,640,640,gun,65,97,129,347,64,250
KillerElite-92FS_1_jpg.rf.0f66dd10f3b1dff0c14dfa4c38e32d16.jpg,640,640,gun,253,182,325,326,72,144
batch_168_jpg.rf.0f056baff1002aaf863823f0e5672e0b.jpg,640,640,knife,139,242,149,274,10,32
batch_168_jpg.rf.0f056baff1002aaf863823f0e5672e0b.jpg,640,640,knife,479,241,503,262,24,21
batch_168_jpg.rf.0f056baff1002aaf863823f0e5672e0b.jpg,640,640,knife,156,541,172,571,16,30
batch_168_jpg.rf.0f056baff1002aaf863823f0e5672e0b.jpg,640,640,knife,475,557,492,576,17,19
knife_912_jpg.rf.0f1c2f1d5e9cc2e877dd388648a8eddd.jpg,640,640,knife,110,502,172,639,62,137
52_jpg.rf.0f7a436baeb0d334954054119f1389b0.jpg,640,640,knife,246,456,272,533,26,77
knife_262_jpg.rf.0f8ae9e9dfa7bcc254807b158d6c00fb.jpg,640,640,knife,3,45,591,614,588,569
JW2_M4_jpg.rf.0f9414d6e2faf59c368cda0c6c5777ab.jpg,640,640,gun,530,235,601,332,71,97
JW2_M4_jpg.rf.0f9414d6e2faf59c368cda0c6c5777ab.jpg,640,640,gun,90,133,276,226,186,93
JW2_M4_jpg.rf.0f9414d6e2faf59c368cda0c6c5777ab.jpg,640,640,gun,26,209,153,308,127,99
RusoClases263_jpg.rf.0f8cb064569c077b06d5ef0bc62d4b5b.jpg,640,640,knife,218,361,272,489,54,128
KravMagaTraining21102_jpg.rf.0fbd21c2c87a7d5b1a7dcbd27bb02415.jpg,640,640,knife,242,431,333,498,91,67
sharpenKnife111_jpg.rf.0fc5e6ed40a0792a56c87408627a4516.jpg,640,640,knife,92,286,585,439,493,153
null_image.jpg,640,640,,,,,,0,0
knife_582_jpg.rf.102bfaf8296eb06ada99e86d0322019f.jpg,640,640,knife,201,163,528,616,327,453
knife_1339_jpg.rf.0fdda903441a468c4475b084bd446a0d.jpg,640,640,knife,323,305,365,463,42,158
TK_Maka_jpg.rf.0fd1bb57a0b8bd5e60fba137933dce76.jpg,640,640,gun,151,43,317,378,166,335
gun_2_1_1__0003210_jpg.rf.100f7c6e16146ce161bf229bc1de6db0.jpg,640,640,gun,331,404,372,437,41,33
knife_1168_jpg.rf.0f6775ed21af76fab501b06067de5a96.jpg,640,640,knife,245,414,302,503,57,89
790_jpg.rf.1002e3d7724c3001056cd78ab1465bcb.jpg,640,640,knife,157,445,215,597,58,152
knife_949_jpg.rf.105047ea7a176d49f86b74e3ad651b9e.jpg,640,640,knife,56,499,136,639,80,140
knife_543_jpg.rf.0ffee7eba07d9f6c0e0c8d54817c1ab4.jpg,640,640,knife,240,304,423,500,183,196
Etat_de_siege-Revolver-4_jpg.rf.0fa16f2eb0100d15d689b1ddb2a63a0e.jpg,640,640,gun,317,191,504,443,187,252
KravMagaTraining4408_jpg.rf.105161b184b434f7e1c8252c4c1d1d87.jpg,640,640,knife,243,203,323,254,80,51
knife_123_jpg.rf.104fae01b246781cdf9d7470e0f51340.jpg,640,640,knife,148,6,239,631,91,625
knife_928_jpg.rf.103b081884a8c45f87a2dd1b7621cec9.jpg,640,640,knife,137,371,198,589,61,218
1025691_26_jpg.rf.109bf5e33b66fe2ed413e2bdfd6379de.jpg,640,640,gun,216,411,548,612,332,201
Le_Doulos-P38-3_jpg.rf.108d555dba6f26b19b21cd8c9b59608c.jpg,640,640,gun,204,422,404,614,200,192
KravMagaKnifeDefenseTechniques658_jpg.rf.1072db500fab3f604bd81a617ff4eef4.jpg,640,640,knife,200,439,276,524,76,85
1011185041_1383_jpg.rf.104de3c5b1d2d1e083660f5044eba11f.jpg,640,640,gun,33,13,639,585,606,572
knife_708_jpg.rf.103629bf3fa8b860a51507057468bb99.jpg,640,640,knife,291,214,448,301,157,87
D13-Ph-REV-1_jpg.rf.107fc9097917863609cc7418d3d746b9.jpg,640,640,gun,504,445,636,639,132,194
gun_2_1_1__0000485_jpg.rf.105727d97fd27c53b351545b0a8d934f.jpg,640,640,gun,67,315,106,351,39,36
54_jpg.rf.109588ad97e440d7fafbe615485e8254.jpg,640,640,knife,274,3,415,549,141,546
39Steps2008_WM6_02_jpg.rf.10a09f1e5b05e645860fa56ede28a2e9.jpg,640,640,gun,88,249,523,480,435,231
knife_1082_jpg.rf.1039f00f373074afc0196dead1a68090.jpg,640,640,knife,0,43,220,471,220,428
gun_3_1_1__0003824_jpg.rf.106f1332a43ce93de41ccddf76ec268e.jpg,640,640,gun,310,184,356,442,46,258
Gun_2041_jpg.rf.10a8dd668ec2206e45373aaa05e5e9b1.jpg,640,640,gun,0,91,624,549,624,458
64_jpg.rf.0f93425b65599a0688f847217d508931.jpg,640,640,knife,292,325,451,577,159,252
7400wd-1-_jpg.rf.10c591932320a61b561eba00342ddece.jpg,640,640,gun,4,32,633,589,629,557
gun_2_1_1__0014630_jpg.rf.10c70df725289dca5f17b72147bff6ba.jpg,640,640,gun,232,369,270,404,38,35
1011133951_64_jpg.rf.11494d31e7b25dbefcf4448b36d31e3a.jpg,640,640,gun,425,265,550,438,125,173
1011133951_64_jpg.rf.11494d31e7b25dbefcf4448b36d31e3a.jpg,640,640,gun,80,256,216,436,136,180
6_22_2_0004728_jpg.rf.10f4fbfd77b73c26f6900350a4fc0a51.jpg,640,640,gun,2,139,41,209,39,70
gun_3_2_1__0000536_jpg.rf.10db65443e3aacf2e69cdc53f248f2c7.jpg,640,640,gun,249,129,307,422,58,293
batch_48_jpg.rf.10e297df2116e95ad77dc95d4d34a1a3.jpg,640,640,gun,146,45,188,95,42,50
batch_48_jpg.rf.10e297df2116e95ad77dc95d4d34a1a3.jpg,640,640,gun,399,59,444,127,45,68
batch_48_jpg.rf.10e297df2116e95ad77dc95d4d34a1a3.jpg,640,640,gun,130,463,168,507,38,44
batch_48_jpg.rf.10e297df2116e95ad77dc95d4d34a1a3.jpg,640,640,gun,479,367,521,424,42,57
1649338720-8463445_jpg.rf.10eba256e2e77a7719197c15f5951652.jpg,640,640,knife,326,143,409,526,83,383
knife_525_jpg.rf.10ff2ee7d0ac574150e1cc872c996416.jpg,640,640,knife,232,254,608,472,376,218
6_22_1_0000360_jpg.rf.10fb559df179cc1f95de3baf775e6c80.jpg,640,640,gun,275,91,365,353,90,262
Recoil-MP5-17_jpg.rf.116eedabb296179e3c83a680745a2228.jpg,640,640,gun,225,314,378,561,153,247
102312311_5262_jpg.rf.11807fbbfef5eb49c0d725f65c9632a7.jpg,640,640,gun,360,204,382,256,22,52
102413410_4628_jpg.rf.115c7b295c78aea9cb3d5d8fa47ed66e.jpg,640,640,gun,109,235,579,417,470,182
RITB34_jpg.rf.112a972698eb43e921cf1e9f579ac8be.jpg,640,640,gun,247,352,285,455,38,103
knife_826_jpg.rf.1104b9a2ff1fe17d4b5b6870bb7f81b2.jpg,640,640,knife,139,471,279,551,140,80
Astra902_jpg.rf.116416fc592a64dccd4374f6fe6a6b27.jpg,640,640,gun,25,73,622,603,597,530
null_image.jpg,640,640,,,,,,0,0
gun_2_1_1__0003925_jpg.rf.110a0e5b98fb1a5fe0dfd6f1449d751c.jpg,640,640,gun,345,351,387,408,42,57
81_jpg.rf.1167bae9743ba83b94d0ab59152b0142.jpg,640,640,knife,203,394,402,640,199,246
Beretta_Inox_Modern_jpg.rf.114b7a849866da4703a083f447f8e9cb.jpg,640,640,gun,5,6,623,632,618,626
knife_1158_jpg.rf.11a236864230125297c82f256b9e0af5.jpg,640,640,knife,405,20,565,126,160,106
7_7_asd_00140896_jpg.rf.117ddc97ee332b78ff8fbc2e2bbdb271.jpg,640,640,gun,181,265,513,417,332,152
6_22_2_0001440_jpg.rf.117610fffcd9052ee9464f6e92f06b68.jpg,640,640,gun,316,252,354,326,38,74
knife_723_jpg.rf.1196bbf760896c0dbf32b40155dd10f5.jpg,640,640,knife,85,76,139,305,54,229
null_image.jpg,640,640,,,,,,0,0
NavNicoWin_jpg.rf.117d61f16065f4130e0912278eccb685.jpg,640,640,gun,19,10,175,634,156,624
batch_304_jpg.rf.118d471a92e4856e09ce8c20071ade84.jpg,640,640,gun,36,139,67,233,31,94
batch_304_jpg.rf.118d471a92e4856e09ce8c20071ade84.jpg,640,640,gun,433,130,460,216,27,86
batch_304_jpg.rf.118d471a92e4856e09ce8c20071ade84.jpg,640,640,gun,203,438,273,561,70,123
batch_304_jpg.rf.118d471a92e4856e09ce8c20071ade84.jpg,640,640,gun,333,321,627,636,294,315
282_jpg.rf.113e3a5bdd919f9967543c488970c9f9.jpg,640,640,knife,395,8,448,439,53,431
11_12_2456_jpg.rf.114dedce453f56893201b81323b4f0aa.jpg,640,640,gun,4,11,612,613,608,602
gun_3_1_1__0001256_jpg.rf.11a9c83ec91c8307a8c30591218cec0f.jpg,640,640,gun,245,219,308,478,63,259
6_22_4_0008276_jpg.rf.11b4a4fd64c6ff8927b1d75c75eff041.jpg,640,640,gun,262,236,315,310,53,74
knife_580_jpg.rf.11ab2cdc3df21cbf41a8e8f95e1d073e.jpg,640,640,knife,50,273,283,553,233,280
knife_91_jpg.rf.11b91ff4635d60439da3fdb3cde89285.jpg,640,640,knife,6,165,492,486,486,321
NT-CG-CPR-1_jpg.rf.11c12dcacceacea626b8c5e2cbe43753.jpg,640,640,gun,248,157,360,361,112,204
DefenseKnifeAttack0183_jpg.rf.11d55768bfcdb4f53cacf277f0194c63.jpg,640,640,knife,169,357,254,455,85,98
6_22_3_0002860_jpg.rf.115a5b12e6a9ca7b6d8629c810e41311.jpg,640,640,gun,102,82,188,144,86,62
Gun_2837_jpg.rf.11cc38d54e4c9866e06ab46197954faf.jpg,640,640,gun,39,92,600,439,561,347
knife_832_jpg.rf.11d39525b2aec00275f6d82325e8047f.jpg,640,640,knife,82,339,164,516,82,177
knife_578_jpg.rf.126137410e00d7e06a395ab117b9427c.jpg,640,640,knife,117,63,451,497,334,434
168_jpg.rf.127d7c8ad4573b389f64d0d1afe78070.jpg,640,640,knife,315,509,343,600,28,91
20_jpg.rf.126d25f4e1561b5c624dc0a452c41d81.jpg,640,640,knife,307,427,452,640,145,213
6_22_4_0003440_jpg.rf.1276e1422e9c753b3d74961d24af0eba.jpg,640,640,gun,305,228,358,309,53,81
74_jpg.rf.11d6a064a77c33ba7d03dc95867728be.jpg,640,640,knife,197,197,458,409,261,212
knife_866_jpg.rf.12df16803c722e6e9ace1b99cbe4498c.jpg,640,640,knife,107,365,165,543,58,178
05_14_0000825_jpg.rf.12e09c533440a8a7beb347a4151519c0.jpg,640,640,gun,13,99,596,609,583,510
knife_280_jpg.rf.13004c6bc2adca202e8e331bde4367ea.jpg,640,640,knife,0,251,352,639,352,388
Page72-1029-full_jpg.rf.1204d19d22c8646baebbc6ea92234617.jpg,640,640,gun,75,236,224,302,149,66
batch_352_jpg.rf.1251732f65bef606fdee6b42bfe15ee6.jpg,640,640,gun,244,144,269,221,25,77
batch_352_jpg.rf.1251732f65bef606fdee6b42bfe15ee6.jpg,640,640,gun,170,110,188,189,18,79
batch_352_jpg.rf.1251732f65bef606fdee6b42bfe15ee6.jpg,640,640,gun,385,201,563,266,178,65
batch_352_jpg.rf.1251732f65bef606fdee6b42bfe15ee6.jpg,640,640,gun,155,403,166,430,11,27
batch_352_jpg.rf.1251732f65bef606fdee6b42bfe15ee6.jpg,640,640,gun,222,404,232,424,10,20
batch_352_jpg.rf.1251732f65bef606fdee6b42bfe15ee6.jpg,640,640,gun,141,436,153,456,12,20
batch_352_jpg.rf.1251732f65bef606fdee6b42bfe15ee6.jpg,640,640,gun,55,430,63,448,8,18
batch_352_jpg.rf.1251732f65bef606fdee6b42bfe15ee6.jpg,640,640,gun,442,462,458,487,16,25
knife_244_jpg.rf.12e79b5535735f0c6403873611f7ca00.jpg,640,640,knife,117,146,438,623,321,477
DSC_0015_JPG_jpg.rf.12800fdf411e1c16712a561813dd51a8.jpg,640,640,knife,259,319,410,396,151,77
161_jpg.rf.11d9e7ae1ecfca263960392c0cbe4a16.jpg,640,640,knife,243,117,405,469,162,352
gun_2_1_1__0002245_jpg.rf.12f56d9fcf245249ffc62c47397965bb.jpg,640,640,gun,137,368,172,404,35,36
null_image.jpg,640,640,,,,,,0,0
6_22_4_0007164_jpg.rf.1306f542c03b43518c1cbf5ed2788587.jpg,640,640,gun,392,183,447,266,55,83
null_image.jpg,640,640,,,,,,0,0
1649338706-1677463_jpg.rf.12c67169d2352655e4d3d1c680c11425.jpg,640,640,knife,257,174,428,528,171,354
knife_496_jpg.rf.126e56c5ffe29a3f86629e283e206c1f.jpg,640,640,knife,31,88,325,275,294,187
11_12_1884_jpg.rf.128a650b640103f7330d2102cab0faad.jpg,640,640,gun,116,138,447,485,331,347
knife_475_jpg.rf.12a97f94341aa589cd8284e9d6b34a30.jpg,640,640,knife,16,305,362,628,346,323
knife_662_jpg.rf.126c4ed98beb2133e4c1deb53eef8c0d.jpg,640,640,knife,304,171,390,491,86,320
ValmetM71S_jpg.rf.1300824897e55b7aea52252ae3a0ac93.jpg,640,640,gun,10,22,638,615,628,593
knife_1151_jpg.rf.130120653b511a3a9ffd8890eb3bbf1a.jpg,640,640,knife,135,312,603,548,468,236
165_jpg.rf.1329a5d5ba1932cbc18463232a75866a.jpg,640,640,knife,383,63,534,483,151,420
711_jpg.rf.12cccd7119fbd99f0c0450f6ad585aa4.jpg,640,640,knife,164,261,226,640,62,379
Tickle_Me-SW-7_jpg.rf.132a86ab89a11bb61a38f3f88d77f3c3.jpg,640,640,gun,465,432,537,571,72,139
195_jpg.rf.131006b3eb3812cb370537fe7f49949e.jpg,640,640,knife,71,276,542,350,471,74
La_legion_saute_sur_Kolwezi-MAS49-2_jpg.rf.12feb8cad4ee5f31c59b376b30580c1a.jpg,640,640,gun,334,322,488,471,154,149
La_legion_saute_sur_Kolwezi-MAS49-2_jpg.rf.12feb8cad4ee5f31c59b376b30580c1a.jpg,640,640,gun,250,472,461,552,211,80
batch_320_jpg.rf.13392b1ae3e971778856cd74b49487cc.jpg,640,640,gun,23,35,303,290,280,255
batch_320_jpg.rf.13392b1ae3e971778856cd74b49487cc.jpg,640,640,gun,335,129,488,264,153,135
batch_320_jpg.rf.13392b1ae3e971778856cd74b49487cc.jpg,640,640,gun,111,413,129,451,18,38
batch_320_jpg.rf.13392b1ae3e971778856cd74b49487cc.jpg,640,640,gun,507,465,522,493,15,28
gun1_5m_static_0001176_jpg.rf.13573d2e31337453f13b3649ac35a65d.jpg,640,640,gun,293,341,319,423,26,82
batch_79_jpg.rf.135d8bf208f51928f1486440a53d5fda.jpg,640,640,knife,145,245,163,285,18,40
batch_79_jpg.rf.135d8bf208f51928f1486440a53d5fda.jpg,640,640,knife,482,239,504,263,22,24
batch_79_jpg.rf.135d8bf208f51928f1486440a53d5fda.jpg,640,640,knife,151,439,177,460,26,21
batch_79_jpg.rf.135d8bf208f51928f1486440a53d5fda.jpg,640,640,knife,488,579,513,600,25,21
Jarhead2_44_jpg.rf.133b19e3fce1280a1c9b62df794500a7.jpg,640,640,gun,324,24,638,477,314,453
knife_663_jpg.rf.139c76152031df25b22e8daac1790227.jpg,640,640,knife,297,220,450,303,153,83
batch_69_jpg.rf.13cde81b6987cf83472f4ab026398938.jpg,640,640,knife,142,127,289,289,147,162
batch_69_jpg.rf.13cde81b6987cf83472f4ab026398938.jpg,640,640,knife,462,127,609,289,147,162
batch_69_jpg.rf.13cde81b6987cf83472f4ab026398938.jpg,640,640,knife,6,447,156,633,150,186
batch_69_jpg.rf.13cde81b6987cf83472f4ab026398938.jpg,640,640,knife,389,396,639,612,250,216
knife_574_jpg.rf.135274dd980b312b5436eb20b939e45b.jpg,640,640,knife,225,242,572,453,347,211
9_jpg.rf.13bd49a146d59c94ec93cf5305ef8c30.jpg,640,640,knife,251,470,286,519,35,49
knife_1329_jpg.rf.135d68380d24d2675c3f724b0d27d37b.jpg,640,640,knife,211,83,286,237,75,154
11_12_1900_jpg.rf.1348bcbc0ee16bd907a1482b929e1619.jpg,640,640,gun,99,84,471,382,372,298
gun_2_1_1__0007710_jpg.rf.13ee1ffe6973fe8005512b2b65013770.jpg,640,640,gun,398,320,450,359,52,39
Le_Battant-HiPower-4_jpg.rf.13dc5c95261014a238b4ccb3cb07992c.jpg,640,640,gun,248,363,381,495,133,132
DefenseKnifeAttack0337_jpg.rf.139a28bcc14dde14dba9b78a8d8f7ab2.jpg,640,640,knife,182,483,267,527,85,44
knife42_jpg.rf.139b76bdde2a9219eea44eb057a9b78f.jpg,640,640,knife,177,199,628,630,451,431
Gun_517_jpg.rf.13fcb2715678bde7ef6dfcc079f66355.jpg,640,640,gun,215,219,538,509,323,290
LifeLessOrdinary_21_jpg.rf.140e13b75f260af269497ef81dd7aca6.jpg,640,640,gun,267,32,336,496,69,464
knife_541_jpg.rf.13eab133a4b2b9a89b8c30ee254628b7.jpg,640,640,knife,46,113,442,635,396,522
knife_1142_jpg.rf.1402dd3747a5a4249f8f4c27cf319f75.jpg,640,640,knife,276,327,412,571,136,244
PINEAPPLE_EXP-161_jpg.rf.141af08dc39f377d1e5b9d974a91c17a.jpg,640,640,gun,237,17,339,539,102,522
batch_266_jpg.rf.13b79051b9e4bf9868da1cd9cef748e0.jpg,640,640,knife,143,206,163,268,20,62
batch_266_jpg.rf.13b79051b9e4bf9868da1cd9cef748e0.jpg,640,640,knife,424,152,551,254,127,102
batch_266_jpg.rf.13b79051b9e4bf9868da1cd9cef748e0.jpg,640,640,knife,140,370,231,496,91,126
batch_266_jpg.rf.13b79051b9e4bf9868da1cd9cef748e0.jpg,640,640,knife,352,331,628,632,276,301
batch_127_jpg.rf.13fe9ce5737674b284a0b8d72c28238f.jpg,640,640,knife,176,73,214,262,38,189
batch_127_jpg.rf.13fe9ce5737674b284a0b8d72c28238f.jpg,640,640,knife,497,73,535,262,38,189
batch_127_jpg.rf.13fe9ce5737674b284a0b8d72c28238f.jpg,640,640,knife,159,422,232,511,73,89
batch_127_jpg.rf.13fe9ce5737674b284a0b8d72c28238f.jpg,640,640,knife,362,355,389,459,27,104
knife_219_jpg.rf.140c968e864973a0b04968c750665011.jpg,640,640,knife,0,168,418,465,418,297
4373_jpg.rf.13c1a17fa339ed21afb3d26d4cc31868.jpg,640,640,knife,429,111,468,269,39,158
knife_857_jpg.rf.13d0e0e9753fb856ecab9d6d0c2fff37.jpg,640,640,knife,140,360,200,524,60,164
knife_524_jpg.rf.1370c0e1fc6daf677ca2b838a3a3d4ad.jpg,640,640,knife,154,106,559,556,405,450
BloodBrothers2007_M1911_02_jpg.rf.1426826688ac84776ab36916bad64029.jpg,640,640,gun,242,155,306,266,64,111
DH-Powell-2_jpg.rf.1424931af9997d33c41d4b9b32cb3eed.jpg,640,640,gun,295,69,490,638,195,569
1649338742-479045_jpg.rf.1409742a2eb36decb673e2f5dde1af1d.jpg,640,640,knife,222,0,299,594,77,594
batch_237_jpg.rf.142607c22a1b16de95b65a80998612a5.jpg,640,640,gun,3,44,315,316,312,272
batch_237_jpg.rf.142607c22a1b16de95b65a80998612a5.jpg,640,640,gun,321,4,633,308,312,304
batch_237_jpg.rf.142607c22a1b16de95b65a80998612a5.jpg,640,640,gun,99,362,256,613,157,251
batch_237_jpg.rf.142607c22a1b16de95b65a80998612a5.jpg,640,640,gun,325,321,629,633,304,312
123_jpg.rf.13c43cd905078d64a03ecfdd3d5ce54b.jpg,640,640,knife,322,522,339,605,17,83
DefenseKnifeAttack0169_jpg.rf.14371d6fa0cd9f1a5e46354ed8ee6650.jpg,640,640,knife,192,407,287,469,95,62
58_jpg.rf.13d26aaf6867f74828611cddcd64ca2a.jpg,640,640,knife,123,66,348,325,225,259
KravMagaTraining4081_jpg.rf.145b7d60629c6864dfe7f12f5f7e08ac.jpg,640,640,knife,242,435,356,560,114,125
320_jpg.rf.142b3c4f2132107affa6d9624fe6531d.jpg,640,640,knife,268,59,572,305,304,246
KravMagaTraining20967_jpg.rf.1444e63ec621f33df4c00f97b85828d6.jpg,640,640,knife,265,395,349,451,84,56
InvisibleTarget-SW10-3_jpg.rf.14b922f8f22efce12448f4d100121196.jpg,640,640,gun,183,282,242,348,59,66
gun_6m_static_0002336_jpg.rf.14ba73622184006f7f2302d6a070f7fe.jpg,640,640,gun,312,95,336,200,24,105
null_image.jpg,640,640,,,,,,0,0
knife_605_jpg.rf.14a63af00027b52bd32e87e98b4dd509.jpg,640,640,knife,312,181,398,520,86,339
Klass_pistol_2_2_jpg.rf.14c8793fbd760a246320ec79648d9b11.jpg,640,640,gun,326,58,470,339,144,281
KravMagaTraining747_jpg.rf.14d570425fb117e5f1b2b496b16e129e.jpg,640,640,knife,405,117,485,220,80,103
Fat_pistol_1_5_jpg.rf.148171391995903bf804bc851017de8a.jpg,640,640,gun,303,336,383,532,80,196
BTB17_jpg.rf.143227e209015360099a02b6100e014f.jpg,640,640,gun,183,60,223,101,40,41
BTB17_jpg.rf.143227e209015360099a02b6100e014f.jpg,640,640,gun,442,60,506,102,64,42
BTILC-SDB-4_jpg.rf.14fa658c2881a9dffedcde9fe41dc0a8.jpg,640,640,gun,233,196,363,631,130,435
3_jpg.rf.148b179ec91d84edbb6f379c3ee81fdd.jpg,640,640,knife,141,409,174,448,33,39
6_22_2_0003308_jpg.rf.1527c3e57155590fc365c3907ee0cf4c.jpg,640,640,gun,313,210,354,265,41,55
knife_396_jpg.rf.155245d466b423c59d2cafc61ba3713e.jpg,640,640,knife,0,71,625,577,625,506
16_jpg.rf.148c53105ce43fd402e3edf710bc7c7d.jpg,640,640,knife,240,429,275,531,35,102
gun_3_3_1__0001632_jpg.rf.1556c3cbf23f33055cb6527fc70d39ce.jpg,640,640,gun,36,211,115,396,79,185
knife_899_jpg.rf.14722ec4274f105984c074a34654530b.jpg,640,640,knife,52,499,128,639,76,140
batch_434_jpg.rf.14c64c34bed8bac6f6f0c1094f5462a5.jpg,640,640,gun,0,199,57,272,57,73
batch_434_jpg.rf.14c64c34bed8bac6f6f0c1094f5462a5.jpg,640,640,gun,319,148,343,209,24,61
batch_434_jpg.rf.14c64c34bed8bac6f6f0c1094f5462a5.jpg,640,640,gun,22,449,45,510,23,61
batch_434_jpg.rf.14c64c34bed8bac6f6f0c1094f5462a5.jpg,640,640,gun,503,431,512,452,9,21
gun_3_3_1__0001784_jpg.rf.14fd0d837d9acf1bd5b3439fba27df08.jpg,640,640,gun,73,214,139,393,66,179
Miami_Supercops-SW76-1_jpg.rf.1467a95d2eaa5c5aea30ee077e696c88.jpg,640,640,gun,263,232,357,394,94,162
knife_596_jpg.rf.151d9e85a992798b9a28d2b16ea4d82c.jpg,640,640,knife,45,172,259,520,214,348
RealityKnifeAttacks0652_jpg.rf.14b347faa654664efdebe1655ccc3d29.jpg,640,640,knife,278,266,300,351,22,85
KravMagaKnifeDefenseTechniques750_jpg.rf.1546e90bbcde708ba3860f1b24a4fb05.jpg,640,640,knife,191,459,277,553,86,94
knife_1095_jpg.rf.1582a072a24a005ed712867ec7155831.jpg,640,640,knife,46,26,219,528,173,502
KravMagaKnifeDefenseTechniques264_jpg.rf.152a2b69ee1bb6a408596bd802bf0c96.jpg,640,640,knife,352,189,463,271,111,82
knife_752_jpg.rf.157eae7e2fb5be2a9334780c7e071a43.jpg,640,640,knife,146,130,446,436,300,306
KravMagaKnifeDefenseTechniques286_jpg.rf.15af6850051f5a539b5f1b4015f88f20.jpg,640,640,knife,369,292,474,383,105,91
DH3-Uzi_jpg.rf.15a4260eec8f512b2ff3a918717ffbd1.jpg,640,640,gun,291,0,414,290,123,290
Hannie_caulder_7_jpg.rf.1600c72cc378d999122951d13fe0b8a5.jpg,640,640,gun,419,259,519,496,100,237
ADT-019_jpg.rf.1571d285ee3f00ae379a8295103cc314.jpg,640,640,gun,315,201,393,359,78,158
DefenseKnifeAttack1217_jpg.rf.15fa94f02999a717ac007bd2c473a51b.jpg,640,640,knife,456,189,490,366,34,177
MB-VG-VZ35_jpg.rf.160daafb4e5c1f23b0806657a9c31b00.jpg,640,640,gun,350,300,406,412,56,112
KravMagaTraining4402_jpg.rf.15ba973769cb5c03ffd7f3b01a232b85.jpg,640,640,knife,255,210,315,316,60,106
knife_1311_jpg.rf.15a6bbe2c0660ea41438171c35b9c81a.jpg,640,640,knife,199,172,319,250,120,78
11_12_2075_jpg.rf.15849709675236f81c807587de2925a4.jpg,640,640,gun,0,6,604,598,604,592
KravMagaKnifeDefenseTechniques054_jpg.rf.1600f97ffb4c8e246b077653c3b1a564.jpg,640,640,knife,281,343,353,405,72,62
gun_3_3_1__0003612_jpg.rf.158e16e7adf468bccf355ea8d1c1afd4.jpg,640,640,gun,300,426,342,555,42,129
Hell_on_Frisco_Bay-M1911-3_jpg.rf.15bbdb843af6eb0013288d12a48a31ad.jpg,640,640,gun,181,171,423,379,242,208
knife_1270_jpg.rf.15bb6fced1378a9096f784a3e2f1252b.jpg,640,640,knife,335,102,374,262,39,160
101415340_3849_jpg.rf.160705d72a2f5ce3384bbec2183eee23.jpg,640,640,gun,397,224,558,416,161,192
117_jpg.rf.15adbe5d5e5ff50ad942d856c7a699b9.jpg,640,640,knife,186,234,294,401,108,167
46_jpg.rf.14be1155af784138503c2fca9a22644d.jpg,640,640,knife,169,96,454,347,285,251
Gun_1045_jpg.rf.14c7d1bb90a953fb1aec7ad945a506ad.jpg,640,640,gun,28,373,190,527,162,154
111315741_302_jpg.rf.15ee167eb0b038c0720bfd8279f84d83.jpg,640,640,gun,218,238,337,391,119,153
6_22_1_0000632_jpg.rf.15a6b1a0a8dde6f9d2abe56ddcf84a4f.jpg,640,640,gun,242,30,297,294,55,264
1017858_711_jpg.rf.15bcb7fb66025d52cf3eeea4578fda6e.jpg,640,640,gun,0,12,640,539,640,527
null_image.jpg,640,640,,,,,,0,0
10251282_310_jpg.rf.15d649878ce5222b6c21cf196b242642.jpg,640,640,gun,140,394,456,614,316,220
6_22_4_0002076_jpg.rf.161ba9cc09acafe44e3c7fa96972e989.jpg,640,640,gun,278,90,306,204,28,114
gun_5m_static_0001480_jpg.rf.1621e415a47c52547d706607a41ed62b.jpg,640,640,gun,289,211,321,307,32,96
KravMagaKnifeDefenseTechniques170_jpg.rf.165975442878aaebb47c23389cc72f2d.jpg,640,640,knife,217,183,301,292,84,109
Beretta_92G_Elite_II_jpg.rf.1659d074f795aa35a5b56674a7403fa2.jpg,640,640,gun,9,12,632,614,623,602
2022-04-15_11_jpg.rf.164a1dcdf26eb225a17b8bbba87b81a9.jpg,640,640,knife,352,545,397,580,45,35
null_image.jpg,640,640,,,,,,0,0
KravMagaTraining727_jpg.rf.165d2b903172c471b48abdc74dc506e4.jpg,640,640,knife,205,222,237,346,32,124
24_jpg.rf.167423d305dfc87fa7bb43c68db61707.jpg,640,640,knife,305,474,337,506,32,32
knife_1043_jpg.rf.1697964c9bd8e89920d673e0c8bd36da.jpg,640,640,knife,79,354,622,620,543,266
batch_278_jpg.rf.1638d19721aeccb7b3f47262a70f6e66.jpg,640,640,knife,88,129,113,319,25,190
batch_278_jpg.rf.1638d19721aeccb7b3f47262a70f6e66.jpg,640,640,knife,485,101,575,265,90,164
batch_278_jpg.rf.1638d19721aeccb7b3f47262a70f6e66.jpg,640,640,knife,123,325,205,597,82,272
batch_278_jpg.rf.1638d19721aeccb7b3f47262a70f6e66.jpg,640,640,knife,420,521,519,638,99,117
1011135742_1494_jpg.rf.16a52a79bfba15aa0141151b41dd52d7.jpg,640,640,gun,227,252,545,637,318,385
batch_281_jpg.rf.1672f1e33479c08627c34c76e968859c.jpg,640,640,knife,54,158,93,247,39,89
batch_281_jpg.rf.1672f1e33479c08627c34c76e968859c.jpg,640,640,knife,467,160,500,194,33,34
batch_281_jpg.rf.1672f1e33479c08627c34c76e968859c.jpg,640,640,knife,90,387,127,433,37,46
batch_281_jpg.rf.1672f1e33479c08627c34c76e968859c.jpg,640,640,knife,410,387,447,433,37,46
KravMagaTraining319_jpg.rf.165006cbd8b2e9e016021c10ee1257ce.jpg,640,640,knife,132,454,208,503,76,49
batch_359_jpg.rf.1618dd69ec481241c63e3707674751c8.jpg,640,640,gun,19,56,219,247,200,191
batch_359_jpg.rf.1618dd69ec481241c63e3707674751c8.jpg,640,640,gun,416,8,500,50,84,42
batch_359_jpg.rf.1618dd69ec481241c63e3707674751c8.jpg,640,640,gun,413,100,469,159,56,59
batch_359_jpg.rf.1618dd69ec481241c63e3707674751c8.jpg,640,640,gun,119,390,157,408,38,18
batch_359_jpg.rf.1618dd69ec481241c63e3707674751c8.jpg,640,640,gun,164,388,213,418,49,30
batch_359_jpg.rf.1618dd69ec481241c63e3707674751c8.jpg,640,640,gun,323,321,629,620,306,299
85_jpg.rf.167d85138f9b378e6985d80545675a28.jpg,640,640,knife,277,179,421,590,144,411
knife_1243_jpg.rf.165eb12c5020ebc4a85af58063e87463.jpg,640,640,knife,300,234,544,414,244,180
1649338708-486763_jpg.rf.166620422d9c80a33ecd02ad770b0471.jpg,640,640,knife,254,154,443,434,189,280
knife_56_jpg.rf.1685c5fe49f7108b8cd8a077beec46e9.jpg,640,640,knife,228,131,535,638,307,507
102312388_5751_jpg.rf.16b6599cd645be125c3da35472e59251.jpg,640,640,gun,425,202,457,245,32,43
knife_1246_jpg.rf.165ce326880ec764afd2ee4194c31365.jpg,640,640,knife,322,265,383,426,61,161
2022-04-15_28_jpg.rf.16fe9802bce9c88580ac856a13327bb6.jpg,640,640,knife,356,365,396,400,40,35
knife_844_jpg.rf.174096e77eed2cd8bf499f8e1d4b2851.jpg,640,640,knife,147,253,219,450,72,197
DSC_00131_JPG_jpg.rf.16d57146b8df389be851f01f6e9cbd10.jpg,640,640,knife,298,491,345,517,47,26
101115197_2259_jpg.rf.16f7ca4a52bef052ff3606d2f19fa3ed.jpg,640,640,gun,117,192,483,623,366,431
35_jpg.rf.16957e3651b23b8958f7a3a01126950d.jpg,640,640,knife,122,472,197,532,75,60
KravMagaTraining21024_jpg.rf.171213ed99274d6f7120e74338320e30.jpg,640,640,knife,246,488,343,549,97,61
KravMagaKnifeDefenseTechniques695_jpg.rf.16e86c13264552651d586c695762055e.jpg,640,640,knife,282,352,368,423,86,71
40_jpg.rf.173e08cc8e94a901e80e99a6eaa3964f.jpg,640,640,knife,248,466,263,532,15,66
Rumpelstiltskin_pistol_4_jpg.rf.1712126cc75454237acfd1d7517021b1.jpg,640,640,gun,491,187,636,524,145,337
knife_183_jpg.rf.16ccdb009bf917de04955adadd414e76.jpg,640,640,knife,17,35,328,180,311,145
DSC_00091_JPG_jpg.rf.176029d2c4313697396e0b3e59d530a6.jpg,640,640,knife,321,449,372,497,51,48
batch_251_jpg.rf.16823c90328eb7e94c44e3fe6abc1a17.jpg,640,640,knife,8,146,138,208,130,62
batch_251_jpg.rf.16823c90328eb7e94c44e3fe6abc1a17.jpg,640,640,knife,327,112,366,213,39,101
batch_251_jpg.rf.16823c90328eb7e94c44e3fe6abc1a17.jpg,640,640,knife,381,78,405,194,24,116
batch_251_jpg.rf.16823c90328eb7e94c44e3fe6abc1a17.jpg,640,640,knife,425,79,445,184,20,105
batch_251_jpg.rf.16823c90328eb7e94c44e3fe6abc1a17.jpg,640,640,knife,459,82,476,177,17,95
batch_251_jpg.rf.16823c90328eb7e94c44e3fe6abc1a17.jpg,640,640,knife,502,35,532,162,30,127
batch_251_jpg.rf.16823c90328eb7e94c44e3fe6abc1a17.jpg,640,640,knife,542,92,564,185,22,93
batch_251_jpg.rf.16823c90328eb7e94c44e3fe6abc1a17.jpg,640,640,knife,10,462,147,639,137,177
batch_251_jpg.rf.16823c90328eb7e94c44e3fe6abc1a17.jpg,640,640,knife,410,322,560,576,150,254
KravMagaKnifeDefenseTechniques080_jpg.rf.17127c71807687988dc067270e25aa30.jpg,640,640,knife,268,351,337,417,69,66
6_22_1_0003480_jpg.rf.17aaa60f2daac99deeec7313fe20bd43.jpg,640,640,gun,324,287,399,604,75,317
Gun_2263_jpg.rf.17bc2aa610f3e65f4e0b37298f1537be.jpg,640,640,gun,38,43,414,622,376,579
batch_213_jpg.rf.17cfb01f7d52b4e9045494b1d67104f9.jpg,640,640,knife,141,184,180,199,39,15
batch_213_jpg.rf.17cfb01f7d52b4e9045494b1d67104f9.jpg,640,640,knife,465,166,485,186,20,20
batch_213_jpg.rf.17cfb01f7d52b4e9045494b1d67104f9.jpg,640,640,knife,130,504,149,536,19,32
batch_213_jpg.rf.17cfb01f7d52b4e9045494b1d67104f9.jpg,640,640,knife,452,390,483,416,31,26
4393_jpg.rf.1794b4b6f4be43a590743b74ab85d88c.jpg,640,640,knife,537,212,566,317,29,105
6_22_1_0004168_jpg.rf.17785d83b7cb09ef15497eca3428e86a.jpg,640,640,gun,494,122,610,414,116,292
10231344_7533_jpg.rf.17f2a69d796f7e462abafadcf08bcab2.jpg,640,640,gun,437,211,490,268,53,57
21JS2012_DE_03_jpg.rf.1785a14ce920cb7e3f8de0045f48d4f1.jpg,640,640,gun,358,182,415,428,57,246
11_12_875_jpg.rf.17b5988497cf1ec025505af9f1644d45.jpg,640,640,gun,72,86,516,562,444,476
knife_453_jpg.rf.17e30f88137688ae410e7fccbde0a728.jpg,640,640,knife,22,272,268,560,246,288
batch_45_jpg.rf.17b2b26ee33147f98bd167ce19d9816b.jpg,640,640,gun,58,19,294,260,236,241
batch_45_jpg.rf.17b2b26ee33147f98bd167ce19d9816b.jpg,640,640,gun,449,106,514,287,65,181
batch_45_jpg.rf.17b2b26ee33147f98bd167ce19d9816b.jpg,640,640,gun,92,402,254,583,162,181
batch_45_jpg.rf.17b2b26ee33147f98bd167ce19d9816b.jpg,640,640,gun,463,437,486,487,23,50
gun_2_1_1__0002035_jpg.rf.17429948338695616219b50f0b8f2bff.jpg,640,640,gun,95,408,129,448,34,40
gun_2_1_1__0003695_jpg.rf.17fe670f77f540c2b652785364ede35f.jpg,640,640,gun,164,271,191,324,27,53
knife_1_jpg.rf.17d8bb99f54d09ffd9f2cf287516da2c.jpg,640,640,knife,49,157,572,553,523,396
102313137_8157_jpg.rf.17835388c2d0d89b133c155a497da15d.jpg,640,640,gun,327,230,365,279,38,49
knife_1096_jpg.rf.182910ccf07758b6f71882fc588bcb1d.jpg,640,640,knife,105,140,325,460,220,320
240_jpg.rf.1821aa3427c45c552419dbb2209193b4.jpg,640,640,knife,246,167,483,296,237,129
knife_232_jpg.rf.182261d95f453b69c1f456a72107b880.jpg,640,640,knife,96,79,424,488,328,409
knife_1038_jpg.rf.17d1024f8253b9ade8c9e0bd78280c39.jpg,640,640,knife,331,22,532,125,201,103
null_image.jpg,640,640,,,,,,0,0
17_jpg.rf.181ffb20340a3f75262eb80e9f55f5e8.jpg,640,640,knife,292,499,331,562,39,63
KravMagaTraining4043_jpg.rf.17c5fdf6829ecd0d6e9230212951441e.jpg,640,640,knife,261,409,317,489,56,80
2022-04-21_542_jpg.rf.18130dacca80978bd95b7790c1d833c5.jpg,640,640,knife,289,508,317,577,28,69
Aviator85_104_jpg.rf.1831274e7e8804802ce5ff50f3e384f3.jpg,640,640,gun,349,183,409,320,60,137
35_jpg.rf.1867444cb2603114526e9c0223066f8a.jpg,640,640,knife,297,418,354,551,57,133
6_22_4_0011772_jpg.rf.189bdadbff2ef9c7b0ec5ac161099477.jpg,640,640,gun,396,507,429,598,33,91
279_jpg.rf.183c8f8c2220facaec60550c086fcaf8.jpg,640,640,knife,177,259,421,426,244,167
193_jpg.rf.18933a7d0c17adf26b5095966a8ec3df.jpg,640,640,knife,291,303,312,403,21,100
knife_436_jpg.rf.18386313706adba42546736774512c84.jpg,640,640,knife,45,204,358,444,313,240
knife_258_jpg.rf.1898244974843c92ccc50c1df6792b44.jpg,640,640,knife,51,372,360,586,309,214
La_Crime-Revolver-2_jpg.rf.185327cdb7c778e8f7ffad9543702b58.jpg,640,640,gun,24,157,246,472,222,315
MI6_49_jpg.rf.18a30f5264234894d478557735e10d5c.jpg,640,640,gun,92,111,317,391,225,280
MI6_49_jpg.rf.18a30f5264234894d478557735e10d5c.jpg,640,640,gun,392,263,570,591,178,328
batch_356_jpg.rf.18c1a313ae4b262b7d7cbe5a0051786e.jpg,640,640,gun,91,28,132,157,41,129
batch_356_jpg.rf.18c1a313ae4b262b7d7cbe5a0051786e.jpg,640,640,gun,342,32,402,145,60,113
batch_356_jpg.rf.18c1a313ae4b262b7d7cbe5a0051786e.jpg,640,640,gun,204,416,274,552,70,136
batch_356_jpg.rf.18c1a313ae4b262b7d7cbe5a0051786e.jpg,640,640,gun,478,380,562,490,84,110
batch_424_jpg.rf.18aad308df31da2bb5b417bdb0f5ce12.jpg,640,640,gun,70,223,129,285,59,62
batch_424_jpg.rf.18aad308df31da2bb5b417bdb0f5ce12.jpg,640,640,gun,387,202,452,279,65,77
batch_424_jpg.rf.18aad308df31da2bb5b417bdb0f5ce12.jpg,640,640,gun,83,411,142,595,59,184
batch_424_jpg.rf.18aad308df31da2bb5b417bdb0f5ce12.jpg,640,640,gun,410,446,564,524,154,78
DSC_00561_JPG_jpg.rf.18b58ac435de7cadb4c37da8479096a9.jpg,640,640,knife,221,205,250,299,29,94
2022-04-15_7_jpg.rf.18a245e451f3ca0b96ce2dc27f6bd2e7.jpg,640,640,knife,259,482,282,549,23,67
knife_563_jpg.rf.18f422cd8b93c11182d1223fb8bec640.jpg,640,640,knife,207,113,379,536,172,423
batch_373_jpg.rf.18cbb82e8851059158deff973ffc229f.jpg,640,640,knife,125,194,145,215,20,21
batch_373_jpg.rf.18cbb82e8851059158deff973ffc229f.jpg,640,640,knife,354,83,522,237,168,154
batch_373_jpg.rf.18cbb82e8851059158deff973ffc229f.jpg,640,640,knife,156,498,189,535,33,37
batch_373_jpg.rf.18cbb82e8851059158deff973ffc229f.jpg,640,640,knife,470,493,503,532,33,39
1011153322_621_jpg.rf.18de501379dd033f958c60311c56fba4.jpg,640,640,gun,51,259,398,607,347,348
1011153322_621_jpg.rf.18de501379dd033f958c60311c56fba4.jpg,640,640,gun,407,229,555,473,148,244
101_jpg.rf.19001f64a51ee4632c746ee1d75c562c.jpg,640,640,knife,202,271,636,482,434,211
gun_2_1_1__0008430_jpg.rf.18bf958085e2ec5af8b8553623726e3a.jpg,640,640,gun,317,370,374,418,57,48
knife_247_jpg.rf.18f51e06ee6502eba7d77869918e2680.jpg,640,640,knife,282,46,506,622,224,576
102513257_2786_jpg.rf.19094a6ed11fe2fb2ec1870e7b77e594.jpg,640,640,gun,0,11,634,639,634,628
19_jpg.rf.18fcc94a3bef55ad9dc6bf8bb3aadc22.jpg,640,640,knife,274,274,438,385,164,111
gun_2_1_1__0013705_jpg.rf.18b009d7de8a42e29de9134c7ea76466.jpg,640,640,gun,298,360,332,399,34,39
gun_3_3_1__0002820_jpg.rf.1913fdbfcd1632aff710ed34d6687d4d.jpg,640,640,gun,313,354,409,572,96,218
KravMagaKnifeDefenseTechniques230_jpg.rf.189c43d6fc529a9a9c71220f9eb99b43.jpg,640,640,knife,245,233,332,330,87,97
11_12_2108_jpg.rf.18eedb90c9e5d6fcbcf694276255c040.jpg,640,640,gun,305,180,562,352,257,172
knife_1139_jpg.rf.190ca2895271bb7c368881d0317fd32b.jpg,640,640,knife,439,273,478,459,39,186
MOF-MPP-1934_jpg.rf.1920838d5a73c8fc5e5cddafc0633c21.jpg,640,640,gun,314,82,598,311,284,229
knife_170_jpg.rf.19290c3cb6cff29512d2a640fb013732.jpg,640,640,knife,88,203,461,512,373,309
7_7_asd_00096374_jpg.rf.193f1a10cc13ff2df1ebc926d434f310.jpg,640,640,gun,298,258,338,317,40,59
7_7_asd_00096374_jpg.rf.193f1a10cc13ff2df1ebc926d434f310.jpg,640,640,gun,322,227,368,293,46,66
batch_120_jpg.rf.193f982ba7b8bccddb19676d35bb125e.jpg,640,640,gun,85,88,143,180,58,92
batch_120_jpg.rf.193f982ba7b8bccddb19676d35bb125e.jpg,640,640,gun,375,246,415,319,40,73
batch_120_jpg.rf.193f982ba7b8bccddb19676d35bb125e.jpg,640,640,gun,121,345,217,582,96,237
batch_120_jpg.rf.193f982ba7b8bccddb19676d35bb125e.jpg,640,640,gun,536,564,579,624,43,60
Gun_1327_jpg.rf.1931087d8a1a6d4df1a2860e7858d68c.jpg,640,640,gun,327,154,393,224,66,70
40_jpg.rf.194eeff3d4cca7a36489d72707bf355d.jpg,640,640,knife,113,149,450,583,337,434
319_jpg.rf.1928557b4443a741ad955064224b5b1e.jpg,640,640,knife,315,66,548,283,233,217
knife_1336_jpg.rf.194ffbdf4ac6e876f88b77da82ff78b5.jpg,640,640,knife,262,323,299,483,37,160
Buck-sw10a_jpg.rf.197b3c000eb5856d4639be9f215f3394.jpg,640,640,gun,225,382,268,456,43,74
DSC_0033_JPG_jpg.rf.19b3175b77a870a71b5849063d61df48.jpg,640,640,knife,171,366,243,413,72,47
gun_2_1_1__0000530_jpg.rf.1971821e40a2b7cb095383218de1cc7e.jpg,640,640,gun,135,295,186,357,51,62
RJ-02518_jpg.rf.1995aa9db0122168377ccafa4a7917b9.jpg,640,640,gun,207,281,392,618,185,337
48_jpg.rf.1a0529500725e1d5f1b21c0930613d29.jpg,640,640,knife,236,314,479,532,243,218
gun_2_1_1__0003825_jpg.rf.1a0ad85e9ad98120ca53385819da091b.jpg,640,640,gun,252,335,286,397,34,62
gun_2_1_1__0005850_jpg.rf.19c6a6358f255b3beb18cee11a2190fb.jpg,640,640,gun,202,330,229,378,27,48
batch_313_jpg.rf.1965d47150f984c7da1a912bff7f6525.jpg,640,640,knife,24,137,211,308,187,171
batch_313_jpg.rf.1965d47150f984c7da1a912bff7f6525.jpg,640,640,knife,323,131,500,316,177,185
batch_313_jpg.rf.1965d47150f984c7da1a912bff7f6525.jpg,640,640,knife,18,329,240,622,222,293
batch_313_jpg.rf.1965d47150f984c7da1a912bff7f6525.jpg,640,640,knife,471,480,605,630,134,150
109_jpg.rf.1a12e3f79685e16e5f5fc279f0a8fce2.jpg,640,640,knife,306,334,382,548,76,214
109_jpg.rf.197fdd1090d11ddc301d7cfa56b9a165.jpg,640,640,knife,182,317,289,425,107,108
1649338743-1482048_jpg.rf.19bfce5f5019c5aa0430df20aecef141.jpg,640,640,knife,240,25,314,596,74,571
Night_of_the_Sharks-Rifle-1_jpg.rf.1990765cf7a84e451271807d3f07765f.jpg,640,640,gun,458,311,635,452,177,141
Night_of_the_Sharks-Rifle-1_jpg.rf.1990765cf7a84e451271807d3f07765f.jpg,640,640,gun,31,362,85,435,54,73
Treasure_3_jpg.rf.198e1d0732413f915b09ee8932951c0c.jpg,640,640,gun,324,266,464,595,140,329
KravMagaTraining20314_jpg.rf.19c36e9df640df4fcc441620d176e039.jpg,640,640,knife,293,499,371,558,78,59
V_kvadrate_45-Astra-1_jpg.rf.1a26280be8084f0700d4145c4c42120a.jpg,640,640,gun,282,448,431,586,149,138
2022-04-15_144_jpg.rf.1971c17a0b8fd82653969314af720401.jpg,640,640,knife,329,505,397,554,68,49
gun_3_3_1__0001728_jpg.rf.199fc3aa05664343967c7f0f822b98e6.jpg,640,640,gun,46,220,111,413,65,193
gun1_4m_static_0001104_jpg.rf.1a06b2f8e274d153685325f4436dae9e.jpg,640,640,gun,551,301,615,397,64,96
10251441_4632_jpg.rf.1a290825a407f5895053b58a13a632b5.jpg,640,640,gun,111,59,565,639,454,580
LAC002_jpg.rf.1a579c344e1baf295eb5dca1e97828d3.jpg,640,640,gun,309,154,486,574,177,420
Paragraf_pistol_1_1_jpg.rf.1a395d7d8736eacf8f22a1561b1b1cd4.jpg,640,640,gun,127,226,301,587,174,361
gun_2_1_1__0012615_jpg.rf.19e4a47b0ee9788b1628e9c5c41c43ea.jpg,640,640,gun,195,359,236,401,41,42
knife_1024_jpg.rf.19ca19f01daa7d373b0f9a2499856c20.jpg,640,640,knife,0,231,316,487,316,256
DefenseKnifeAttack0315_jpg.rf.196b937e1890c620ee8c75a514480e6f.jpg,640,640,knife,408,425,449,465,41,40
knife_749_jpg.rf.1a42a2a822aba41a425815f99fe5a196.jpg,640,640,knife,311,187,403,478,92,291
batch_128_jpg.rf.1a3d624725d2915e50cb97abd127fc6f.jpg,640,640,knife,0,102,165,197,165,95
batch_128_jpg.rf.1a3d624725d2915e50cb97abd127fc6f.jpg,640,640,knife,425,77,533,195,108,118
batch_128_jpg.rf.1a3d624725d2915e50cb97abd127fc6f.jpg,640,640,knife,19,444,182,633,163,189
batch_128_jpg.rf.1a3d624725d2915e50cb97abd127fc6f.jpg,640,640,knife,490,415,539,479,49,64
knife_221_jpg.rf.1a1958abb9fb77959b7eeb4ebf74654e.jpg,640,640,knife,43,132,426,434,383,302
KravMagaTraining790_jpg.rf.199820ab874d424840fd8f4059eea138.jpg,640,640,knife,470,352,497,532,27,180
batch_208_jpg.rf.1a1c22dbca404dc94905c9faf00d9d3f.jpg,640,640,knife,88,248,139,278,51,30
batch_208_jpg.rf.1a1c22dbca404dc94905c9faf00d9d3f.jpg,640,640,knife,424,261,475,286,51,25
batch_208_jpg.rf.1a1c22dbca404dc94905c9faf00d9d3f.jpg,640,640,knife,103,581,155,606,52,25
batch_208_jpg.rf.1a1c22dbca404dc94905c9faf00d9d3f.jpg,640,640,knife,435,570,486,598,51,28
knife_416_jpg.rf.1a5111ec124968517b13dbec3c5a8635.jpg,640,640,knife,90,281,308,511,218,230
KravMagaTraining20615_jpg.rf.1a6150b9e1379f065d33a796d792c687.jpg,640,640,knife,334,446,409,499,75,53
OftM_G19_03_jpg.rf.1a45d0a0b7a5bb6cea8d1421817eb96a.jpg,640,640,gun,411,283,477,453,66,170
Ots27_jpg.rf.1a6b39891ce6ac2ec8174063ae410978.jpg,640,640,gun,22,12,639,615,617,603
knife_687_jpg.rf.1a6cf73c730eb7c39eb14fa9dc83b26d.jpg,640,640,knife,302,74,356,432,54,358
knife_60_jpg.rf.1a6bf3e637a8a8ab03ba9f25890bbbb2.jpg,640,640,knife,202,120,393,354,191,234
95_jpg.rf.1a593c512e9c09739ed035734a636953.jpg,640,640,knife,202,119,356,568,154,449
05_14_0000384_jpg.rf.1a7d406f748e514b2923737b06aef84f.jpg,640,640,gun,69,222,203,526,134,304
Taurus-85-SS-Brie-Larson-03_jpg.rf.1aa031dd4141155adeec7488e2136c21.jpg,640,640,gun,72,308,146,533,74,225
6_22_3_0003944_jpg.rf.1ac7057af35fe8c6a5a8277f642658c6.jpg,640,640,gun,210,197,252,380,42,183
58_jpg.rf.1ad42e56461b62b94b9207eb90f76ca1.jpg,640,640,knife,232,412,320,506,88,94
65_jpg.rf.1afc6e08898798c1687ad8637b783a08.jpg,640,640,knife,394,288,505,609,111,321
Gsg9-1_jpg.rf.1ad2f65ea902ecf61c23a5af11bbfea0.jpg,640,640,gun,5,6,626,633,621,627
Hawken_Flintlock_Rifle_jpg.rf.1b031069cb353d1fc64a45ad3efc1738.jpg,640,640,gun,2,11,636,638,634,627
DefenseKnifeAttack0364_jpg.rf.1ab60a2fc0b9d5a984e37a3cc72394d1.jpg,640,640,knife,146,417,227,458,81,41
knife_56_jpg.rf.1b19e8e2acc4a50fb98ee2922421f914.jpg,640,640,knife,228,132,535,639,307,507
Mirage2008-AK-5_jpg.rf.1b1b52d03b675d781506f894164bf20a.jpg,640,640,gun,133,120,393,528,260,408
HOHW_04_jpg.rf.1a541461cbee69b7d6cf9566b0369c07.jpg,640,640,gun,454,280,515,503,61,223
P226R_suppressed_jpg.rf.1acd0b9d5ffb75cbf9fb40257d396e32.jpg,640,640,gun,12,62,635,576,623,514
00000379_jpg.rf.1b4aa5f122cf32f5540cc0c8ed6ac954.jpg,640,640,gun,141,30,596,624,455,594
2022-04-15_27_jpg.rf.1a9fcdd5881ee2a5d3a18c0c36439f4f.jpg,640,640,knife,315,497,343,561,28,64
6_22_3_0003548_jpg.rf.1ad3687361729de366fc7b84711ce539.jpg,640,640,gun,150,124,212,294,62,170
knife_349_jpg.rf.1b4561beef517ec3189337076b2ef620.jpg,640,640,knife,33,295,296,597,263,302
batch_47_jpg.rf.1b7760054924e6043baa22f811ebbc1a.jpg,640,640,knife,157,169,176,237,19,68
batch_47_jpg.rf.1b7760054924e6043baa22f811ebbc1a.jpg,640,640,knife,467,193,486,252,19,59
batch_47_jpg.rf.1b7760054924e6043baa22f811ebbc1a.jpg,640,640,knife,158,508,169,582,11,74
batch_47_jpg.rf.1b7760054924e6043baa22f811ebbc1a.jpg,640,640,knife,405,516,457,550,52,34
05_14_0000770_jpg.rf.1b00abe48e584bf13ed1854d618d6cb5.jpg,640,640,gun,169,153,484,502,315,349
knife_771_jpg.rf.1b67635cdc56dd64a4cab9651c591c60.jpg,640,640,knife,373,143,439,379,66,236
knife_654_jpg.rf.1b50b95a7589ae2a0d5ecd031ad81a45.jpg,640,640,knife,294,154,389,489,95,335
batch_92_jpg.rf.1b1178bfafaf4b96e060d7515a5e7cca.jpg,640,640,knife,148,79,195,241,47,162
batch_92_jpg.rf.1b1178bfafaf4b96e060d7515a5e7cca.jpg,640,640,knife,362,37,388,151,26,114
batch_92_jpg.rf.1b1178bfafaf4b96e060d7515a5e7cca.jpg,640,640,knife,184,399,228,524,44,125
batch_92_jpg.rf.1b1178bfafaf4b96e060d7515a5e7cca.jpg,640,640,knife,387,560,476,620,89,60
6_22_3_0002764_jpg.rf.1b6be16d957487669157781d57322d38.jpg,640,640,gun,298,115,387,187,89,72
KnifeDefenseKrav188_jpg.rf.1b22c61b9105396d418732af3a2062d1.jpg,640,640,knife,397,31,448,95,51,64
knife_393_jpg.rf.1b75cc404f4ac8c53fa0740e023698da.jpg,640,640,knife,0,0,315,298,315,298
94_jpg.rf.1b70decccc5c247ad426ee1a54512089.jpg,640,640,knife,374,263,498,535,124,272
1011133951_271_jpg.rf.1b2b8e1a34ba6e2c0fab3e2c02e1f110.jpg,640,640,gun,221,124,326,352,105,228
gun_4m_static_0001240_jpg.rf.1b78e35d822ae40bc6e2d4b5d4b0214b.jpg,640,640,gun,286,261,335,398,49,137
Gun_2649_jpg.rf.1b25005fbd8211e7425baf91985d3584.jpg,640,640,gun,76,140,544,531,468,391
6_22_4_0006528_jpg.rf.1ba6c7820746a2b9291fe4bdf6de5e9b.jpg,640,640,gun,246,15,296,147,50,132
7_7_asd_00127098_jpg.rf.1b6ae549278e23f5f3712fbb439b8a47.jpg,640,640,gun,225,274,312,407,87,133
1649338729-4761136_jpg.rf.1bbd45f3ecc1a5cbfcbb55db7b612832.jpg,640,640,knife,385,126,446,640,61,514
Bad_Blood-Glock-1_jpg.rf.1ba2153d8740bc5eb1afb57b36e40753.jpg,640,640,gun,282,145,502,467,220,322
KravMagaTraining20348_jpg.rf.1bd96897c92a510c367202006bbf8865.jpg,640,640,knife,446,284,532,338,86,54
102114233_735_jpg.rf.1bed442294821f1029e172de093a9b08.jpg,640,640,gun,184,126,278,340,94,214
1649338730-4768605_jpg.rf.1bcf111f6573dde8a3c86eddf473b785.jpg,640,640,knife,372,99,460,622,88,523
null_image.jpg,640,640,,,,,,0,0
424_jpg.rf.1bbd97694e5e34d415434bcdd3a79e03.jpg,640,640,knife,25,289,317,454,292,165
RusoClases338_jpg.rf.1bbe1e50707a01c2f1dc04bfb1d8dd42.jpg,640,640,knife,250,268,316,373,66,105
Gun_1899_jpg.rf.1c4456cee3aeed1fcc04d7b5fdab047a.jpg,640,640,gun,1,5,635,610,634,605
knife_1014_jpg.rf.1c26219e05755d807d145291efb0de5d.jpg,640,640,knife,151,310,209,492,58,182
Ho-Revolver2-7_jpg.rf.1c4bbfb3a8f41ee5631b9e6844d08733.jpg,640,640,gun,31,203,261,409,230,206
17_jpg.rf.1c476edfa1ffb5978ca26d160dc7dd98.jpg,640,640,knife,285,35,426,620,141,585
batch_334_jpg.rf.1bf026938ec4e065fa184bb5f0b215ad.jpg,640,640,knife,72,74,106,185,34,111
batch_334_jpg.rf.1bf026938ec4e065fa184bb5f0b215ad.jpg,640,640,knife,508,80,539,155,31,75
batch_334_jpg.rf.1bf026938ec4e065fa184bb5f0b215ad.jpg,640,640,knife,210,373,232,462,22,89
batch_334_jpg.rf.1bf026938ec4e065fa184bb5f0b215ad.jpg,640,640,knife,531,380,552,452,21,72
Kazachya_zastava-Winchester95-7_jpg.rf.1c5b1cde5dbe6d16c57832dbd9e56317.jpg,640,640,gun,378,0,446,539,68,539
Kazachya_zastava-Winchester95-7_jpg.rf.1c5b1cde5dbe6d16c57832dbd9e56317.jpg,640,640,gun,262,3,342,629,80,626
1649338744-8289142_jpg.rf.1ca0a4456c69c654b329dcb1e2118eed.jpg,640,640,knife,217,22,285,583,68,561
knife_241_jpg.rf.1c06ea13e7356258ccd0cf9d35cfcf75.jpg,640,640,knife,170,401,457,604,287,203
DefenseKnifeAttack0475_jpg.rf.1c5712121e5dd76364ae6575e2ce222d.jpg,640,640,knife,226,423,300,562,74,139
Gun_1176_jpg.rf.1c6f1f0bcfcef0fc9397f13a29d3b06c.jpg,640,640,gun,0,0,624,592,624,592
KingsmanAPC92_jpg.rf.1c5c8c7240c0c1b6df361834bdcad9e4.jpg,640,640,gun,22,68,611,583,589,515
knife_1320_jpg.rf.1c54484f0980992442c61e4564d5d27f.jpg,640,640,knife,243,180,305,368,62,188
1649338750-8287158_jpg.rf.1cc4ac558546cd9554fc297fdfc27d38.jpg,640,640,knife,230,20,336,583,106,563
KravMagaTraining20627_jpg.rf.1bc08ced7f6c90d0985ed0e70a6afd9a.jpg,640,640,knife,269,395,343,457,74,62
null_image.jpg,640,640,,,,,,0,0
DSC_00391_JPG_jpg.rf.1cce0485c4ea00d7296f5ffc1889555d.jpg,640,640,knife,302,315,317,371,15,56
50_jpg.rf.1cc5dedd70c2d5b1060a6cb21cbb114c.jpg,640,640,knife,249,543,274,614,25,71
11_12_322_jpg.rf.1c75bcd35809299fef38ee678e819509.jpg,640,640,gun,0,8,636,630,636,622
knife_1321_jpg.rf.1ce14bcfa2eb07334f94c59a9d5d305b.jpg,640,640,knife,305,113,346,256,41,143
knife_1321_jpg.rf.1ce14bcfa2eb07334f94c59a9d5d305b.jpg,640,640,knife,346,75,368,274,22,199
knife_1040_jpg.rf.1c270ad78a5ff2541b3447bdf749f650.jpg,640,640,knife,71,442,231,604,160,162
101774613_1788_jpg.rf.1bf947dc48642702ff866e12521c3011.jpg,640,640,gun,16,201,560,425,544,224
HILN-003_jpg.rf.1cd0100b8678bcf006d04fb8e8296734.jpg,640,640,gun,37,32,319,501,282,469
BB_Tech9_jpg.rf.1cb084e72379f09eec384ff1a304dbf0.jpg,640,640,gun,372,228,546,450,174,222
90_jpg.rf.1cc3f852609cdb0d94c86e125816aefd.jpg,640,640,knife,254,8,378,639,124,631
Simonov-Russian-SKS45_jpg.rf.1c581aa6a838f75a0cc718b659f8387f.jpg,640,640,gun,1,10,634,631,633,621
6_22_4_0004124_jpg.rf.1cdf9e1923f6031c08eaeeb8d502a08a.jpg,640,640,gun,422,373,482,453,60,80
batch_278_jpg.rf.1d12ae42429b7a0b5e7ad49fe1413b2b.jpg,640,640,gun,174,161,194,185,20,24
batch_278_jpg.rf.1d12ae42429b7a0b5e7ad49fe1413b2b.jpg,640,640,gun,558,159,576,179,18,20
batch_278_jpg.rf.1d12ae42429b7a0b5e7ad49fe1413b2b.jpg,640,640,gun,176,460,198,485,22,25
batch_278_jpg.rf.1d12ae42429b7a0b5e7ad49fe1413b2b.jpg,640,640,gun,482,464,498,481,16,17
1649338728-8361065_jpg.rf.1cd45f1484df06d19b83d216887b8652.jpg,640,640,knife,343,39,435,550,92,511
knife_1169_jpg.rf.1cff09de022886bb9cfde1e80c14965a.jpg,640,640,knife,199,236,287,358,88,122
sharpenKnife227_jpg.rf.1cec2a3cee2047232fb780fd6c9f7bce.jpg,640,640,knife,206,449,266,517,60,68
1649338715-8466198_jpg.rf.1ce80e82fdbdcac85a5b8f514eb77d83.jpg,640,640,knife,245,233,440,442,195,209
batch_168_jpg.rf.1d1ff3f14b1c57fe74faf24c6a935858.jpg,640,640,gun,13,23,313,300,300,277
batch_168_jpg.rf.1d1ff3f14b1c57fe74faf24c6a935858.jpg,640,640,gun,336,70,372,108,36,38
batch_168_jpg.rf.1d1ff3f14b1c57fe74faf24c6a935858.jpg,640,640,gun,146,448,274,486,128,38
batch_168_jpg.rf.1d1ff3f14b1c57fe74faf24c6a935858.jpg,640,640,gun,506,398,564,442,58,44
knife_177_jpg.rf.1ce7b1a73180e3cb26bd3b7f77529679.jpg,640,640,knife,9,99,637,459,628,360
2022-04-21_1039_jpg.rf.1cf58d571ef9ff4792c2c8170b2e2769.jpg,640,640,knife,325,369,376,454,51,85
7_Seconds_2005_Dracula_-7-_jpg.rf.1c50e16bfb03faa74685bf788804eb5a.jpg,640,640,gun,178,410,267,599,89,189
knife_898_jpg.rf.1d733faaa636d09184e032e2f98826dc.jpg,640,640,knife,86,329,161,518,75,189
batch_55_jpg.rf.1d2e94be3f2ac3f943969f4443063592.jpg,640,640,knife,228,123,255,241,27,118
batch_55_jpg.rf.1d2e94be3f2ac3f943969f4443063592.jpg,640,640,knife,470,174,491,239,21,65
batch_55_jpg.rf.1d2e94be3f2ac3f943969f4443063592.jpg,640,640,knife,127,430,179,494,52,64
batch_55_jpg.rf.1d2e94be3f2ac3f943969f4443063592.jpg,640,640,knife,422,376,509,588,87,212
M29S-W4_jpg.rf.1d6c18cc42d5555d858078bfd5def278.jpg,640,640,gun,3,6,636,621,633,615
image100_jpg.rf.1d7e1b8dcc1219066a5131682c108371.jpg,640,640,gun,186,211,448,544,262,333
KravMagaTraining076_jpg.rf.1d22bafa368168888cd8c3129941a7c3.jpg,640,640,knife,369,0,488,142,119,142
FBW-006_jpg.rf.1d9cef9b11fea5f96e6f5bc4a200d21a.jpg,640,640,gun,0,140,167,639,167,499
knife_1177_jpg.rf.1d409a31c5f0ba6c455607bdf7d12eb9.jpg,640,640,knife,301,451,382,529,81,78
gun1_4m_static_0000936_jpg.rf.1d9fbe962b29a603b6169128482341b2.jpg,640,640,gun,273,337,330,467,57,130
2022-04-15_66_jpg.rf.1d5324505135fadba9b1ed0c915a9f08.jpg,640,640,knife,223,458,275,497,52,39
102415302_1808_jpg.rf.1d60c3400c27b289ea7d2fdeb9ecf51f.jpg,640,640,gun,88,206,419,566,331,360
KravMagaTraining493_jpg.rf.1d66c3f78025079639c86ee9e1646615.jpg,640,640,knife,190,411,263,443,73,32
MIGP-PeggP226_jpg.rf.1d89fb5e92fb1f41e199b22c4746cb8f.jpg,640,640,gun,372,237,490,465,118,228
batch_116_jpg.rf.1d3fc0f000f6c7254d2b2e8e9e21952d.jpg,640,640,gun,172,113,207,281,35,168
batch_116_jpg.rf.1d3fc0f000f6c7254d2b2e8e9e21952d.jpg,640,640,gun,124,144,170,276,46,132
batch_116_jpg.rf.1d3fc0f000f6c7254d2b2e8e9e21952d.jpg,640,640,gun,379,216,496,316,117,100
batch_116_jpg.rf.1d3fc0f000f6c7254d2b2e8e9e21952d.jpg,640,640,gun,186,479,221,578,35,99
batch_116_jpg.rf.1d3fc0f000f6c7254d2b2e8e9e21952d.jpg,640,640,gun,63,319,148,459,85,140
batch_116_jpg.rf.1d3fc0f000f6c7254d2b2e8e9e21952d.jpg,640,640,gun,151,323,231,458,80,135
batch_116_jpg.rf.1d3fc0f000f6c7254d2b2e8e9e21952d.jpg,640,640,gun,419,412,455,506,36,94
7_7_asd_00140872_jpg.rf.1da07e7bd68dd41ac57d2a1497949f88.jpg,640,640,gun,185,275,519,425,334,150
batch_351_jpg.rf.1d43a0dfb5144d801cd0b0fccd532e38.jpg,640,640,gun,42,68,109,154,67,86
batch_351_jpg.rf.1d43a0dfb5144d801cd0b0fccd532e38.jpg,640,640,gun,357,137,417,211,60,74
batch_351_jpg.rf.1d43a0dfb5144d801cd0b0fccd532e38.jpg,640,640,gun,348,65,440,177,92,112
batch_351_jpg.rf.1d43a0dfb5144d801cd0b0fccd532e38.jpg,640,640,gun,97,460,120,489,23,29
batch_351_jpg.rf.1d43a0dfb5144d801cd0b0fccd532e38.jpg,640,640,gun,395,467,421,498,26,31
KravMagaTraining331_jpg.rf.1d5c0049c02229647f510d440485ef3e.jpg,640,640,knife,277,11,345,78,68,67
DefenseAndSurvive09_jpg.rf.1d5afc86a4d5ddc9617887d728204037.jpg,640,640,knife,221,346,279,593,58,247
knife_476_jpg.rf.1d3dfa3a3ac8f14e9e6e815d3d2a7205.jpg,640,640,knife,11,291,357,625,346,334
KravMagaKnifeDefenseTechniques211_jpg.rf.1d91706cc53ff374689b79aedbed6a1f.jpg,640,640,knife,255,243,345,335,90,92
knife_247_jpg.rf.1d713ff60fe057bba629989773997d7b.jpg,640,640,knife,281,46,506,622,225,576
69_jpg.rf.1dbb6d33cada5316d112686cf23a4480.jpg,640,640,knife,153,456,176,530,23,74
Nbk-ber92b_jpg.rf.1dbe44d435b530735c8a619c375be292.jpg,640,640,gun,378,322,551,623,173,301
Nbk-ber92b_jpg.rf.1dbe44d435b530735c8a619c375be292.jpg,640,640,gun,258,287,293,356,35,69
batch_143_jpg.rf.1dd36e8c2338a83b9b110caf9a63fbce.jpg,640,640,gun,106,57,132,102,26,45
batch_143_jpg.rf.1dd36e8c2338a83b9b110caf9a63fbce.jpg,640,640,gun,419,57,440,102,21,45
batch_143_jpg.rf.1dd36e8c2338a83b9b110caf9a63fbce.jpg,640,640,gun,136,448,155,484,19,36
batch_143_jpg.rf.1dd36e8c2338a83b9b110caf9a63fbce.jpg,640,640,gun,456,504,482,601,26,97
knife_825_jpg.rf.1dc07ae2749a53f9f4a2d802cea1a565.jpg,640,640,knife,102,323,162,517,60,194
107_jpg.rf.1e017e545d525a6d42170a6bdd006c3e.jpg,640,640,knife,365,256,445,567,80,311
knife_822_jpg.rf.1db246d22a988fa6f1c4c14af6f3fc70.jpg,640,640,knife,101,369,163,554,62,185
knife_760_jpg.rf.1dea23dbce6e146586a48b723893b680.jpg,640,640,knife,299,73,357,410,58,337
294352_00__36992_jpg.rf.1de7f1b3ab1a8d69e0b30c96e40fc10e.jpg,640,640,gun,367,221,469,426,102,205
294352_00__36992_jpg.rf.1de7f1b3ab1a8d69e0b30c96e40fc10e.jpg,640,640,gun,540,547,640,618,100,71
294352_00__36992_jpg.rf.1de7f1b3ab1a8d69e0b30c96e40fc10e.jpg,640,640,gun,240,510,324,566,84,56
gun_3_2_1__0000372_jpg.rf.1e28ff38a6ac74d7bd7ef81055c34972.jpg,640,640,gun,268,154,330,519,62,365
21JS2012_G17_04_jpg.rf.1e3df45879fd94debeec2463fff67666.jpg,640,640,gun,129,362,231,513,102,151
21JS2012_G17_04_jpg.rf.1e3df45879fd94debeec2463fff67666.jpg,640,640,gun,432,536,497,639,65,103
7_7_asd_00095600_jpg.rf.1e3bdb9d9abb4a19a44959031727cd7b.jpg,640,640,gun,130,201,270,352,140,151
gun_3_1_1__0003876_jpg.rf.1df12a3531ea97b8c35dc53720f45c25.jpg,640,640,gun,250,171,325,401,75,230
knife_38_jpg.rf.1e139eddbac0ae22ba0e2a07ba75a123.jpg,640,640,knife,182,5,480,512,298,507
batch_446_jpg.rf.1e52cc9fabdb1a9a04d39dcf76543056.jpg,640,640,gun,127,109,180,279,53,170
batch_446_jpg.rf.1e52cc9fabdb1a9a04d39dcf76543056.jpg,640,640,gun,449,124,474,252,25,128
batch_446_jpg.rf.1e52cc9fabdb1a9a04d39dcf76543056.jpg,640,640,gun,75,489,112,575,37,86
batch_446_jpg.rf.1e52cc9fabdb1a9a04d39dcf76543056.jpg,640,640,gun,476,490,524,597,48,107
sharpenKnife028_jpg.rf.1e37342e2f9a0f1f7d1ec5ea69b5301b.jpg,640,640,knife,320,389,463,471,143,82
00000096_jpg.rf.1de7571f523c63031ba7dfbe15a437e5.jpg,640,640,gun,190,260,596,606,406,346
00000096_jpg.rf.1de7571f523c63031ba7dfbe15a437e5.jpg,640,640,gun,190,260,596,606,406,346
batch_196_jpg.rf.1e3a6b838b93d9ea672ea6d512e2a24c.jpg,640,640,gun,74,101,90,145,16,44
batch_196_jpg.rf.1e3a6b838b93d9ea672ea6d512e2a24c.jpg,640,640,gun,536,75,556,143,20,68
batch_196_jpg.rf.1e3a6b838b93d9ea672ea6d512e2a24c.jpg,640,640,gun,103,403,121,440,18,37
batch_196_jpg.rf.1e3a6b838b93d9ea672ea6d512e2a24c.jpg,640,640,gun,506,546,525,604,19,58
684_jpg.rf.1e6acd89451afbc77785f931c33c1d08.jpg,640,640,knife,155,263,223,640,68,377
7_7_asd_00114882_jpg.rf.1e30ea18e539dd489fa27627d0ffcad5.jpg,640,640,gun,296,173,321,223,25,50
7_7_asd_00114882_jpg.rf.1e30ea18e539dd489fa27627d0ffcad5.jpg,640,640,gun,431,166,451,208,20,42
7_7_asd_00114882_jpg.rf.1e30ea18e539dd489fa27627d0ffcad5.jpg,640,640,gun,267,232,289,269,22,37
7_7_asd_00114882_jpg.rf.1e30ea18e539dd489fa27627d0ffcad5.jpg,640,640,gun,97,221,113,256,16,35
batch_39_jpg.rf.1dfde648a1c06b1ed20a191e04aed5af.jpg,640,640,gun,125,128,155,268,30,140
batch_39_jpg.rf.1dfde648a1c06b1ed20a191e04aed5af.jpg,640,640,gun,426,159,474,315,48,156
batch_39_jpg.rf.1dfde648a1c06b1ed20a191e04aed5af.jpg,640,640,gun,86,460,121,611,35,151
batch_39_jpg.rf.1dfde648a1c06b1ed20a191e04aed5af.jpg,640,640,gun,444,532,464,587,20,55
Casino-rev2_jpg.rf.1e581c50438c56874ba5a4aac4352622.jpg,640,640,gun,208,37,299,243,91,206
KravMagaKnifeDefenseTechniques068_jpg.rf.1e86dd6c58862cf25ed142ffaa72233e.jpg,640,640,knife,270,346,344,420,74,74
2022-04-15_60_jpg.rf.1e75b1ac50c47cf028072f456cd42678.jpg,640,640,knife,252,486,285,540,33,54
11_12_2794_jpg.rf.1e4cb48c1e5fbc71194a1abc1073ce5c.jpg,640,640,gun,6,7,633,632,627,625
knife_1256_jpg.rf.1e07426c1353d9032ce4c976dcb1ba20.jpg,640,640,knife,349,225,448,319,99,94
Tick-Tock-SAAhandoffA_jpg.rf.1e0bf599cb1123d0e5eedfa68d6d7839.jpg,640,640,gun,34,268,243,514,209,246
6_22_1_0004176_jpg.rf.1deafb12a46ced9ec0c27062e208e6c8.jpg,640,640,gun,471,135,582,420,111,285
31_jpg.rf.1e855fddce695b9d95a5e45d9c62b7e0.jpg,640,640,knife,183,402,408,593,225,191
6_22_4_0005624_jpg.rf.1ea8e9d364f01a0188909c051ddfcb74.jpg,640,640,gun,192,104,233,227,41,123
47_jpg.rf.1e52cea270968b4b66bf410a8896563a.jpg,640,640,knife,227,512,308,625,81,113
DSC_0040_JPG_jpg.rf.1eed2909f8dc1764db8db86fdc454076.jpg,640,640,knife,255,319,342,363,87,44
KravMagaTraining21222_jpg.rf.1e92c6a9e7186b4c453e2abab048aaf5.jpg,640,640,knife,311,447,388,485,77,38
6_22_4_0004912_jpg.rf.1ee98302e2c5824fc39679cd77e34c3e.jpg,640,640,gun,374,102,423,243,49,141
Mara008_jpg.rf.1f21fd8bce70b50f10232654fa2662d4.jpg,640,640,gun,330,277,480,539,150,262
null_image.jpg,640,640,,,,,,0,0
6_22_4_0005276_jpg.rf.1e97103135c35c216b850a4e596525bd.jpg,640,640,gun,336,269,385,353,49,84
batch_94_jpg.rf.1f0ea0ba997207299116382ecbf4b298.jpg,640,640,gun,199,190,232,253,33,63
batch_94_jpg.rf.1f0ea0ba997207299116382ecbf4b298.jpg,640,640,gun,509,184,537,259,28,75
batch_94_jpg.rf.1f0ea0ba997207299116382ecbf4b298.jpg,640,640,gun,233,500,251,566,18,66
batch_94_jpg.rf.1f0ea0ba997207299116382ecbf4b298.jpg,640,640,gun,528,403,548,439,20,36
knife_510_jpg.rf.1ee70c891838b9c14baf24a372d70f4e.jpg,640,640,knife,185,291,508,517,323,226
batch_285_jpg.rf.1ef675f301aebbbc9a43a5af9aa48d18.jpg,640,640,gun,229,107,243,146,14,39
batch_285_jpg.rf.1ef675f301aebbbc9a43a5af9aa48d18.jpg,640,640,gun,182,114,197,163,15,49
batch_285_jpg.rf.1ef675f301aebbbc9a43a5af9aa48d18.jpg,640,640,gun,85,93,101,137,16,44
batch_285_jpg.rf.1ef675f301aebbbc9a43a5af9aa48d18.jpg,640,640,gun,54,86,73,135,19,49
batch_285_jpg.rf.1ef675f301aebbbc9a43a5af9aa48d18.jpg,640,640,gun,2,73,18,122,16,49
batch_285_jpg.rf.1ef675f301aebbbc9a43a5af9aa48d18.jpg,640,640,gun,357,196,396,319,39,123
batch_285_jpg.rf.1ef675f301aebbbc9a43a5af9aa48d18.jpg,640,640,gun,150,336,179,450,29,114
batch_285_jpg.rf.1ef675f301aebbbc9a43a5af9aa48d18.jpg,640,640,gun,513,344,563,453,50,109
431_jpg.rf.1eaf0093780fe3198f78de89d6842cff.jpg,640,640,knife,188,312,334,454,146,142
DefenseKnifeAttack0122_jpg.rf.1f3d7a459a1dce083ea0299db4064d92.jpg,640,640,knife,324,369,367,404,43,35
Gun_2059_jpg.rf.1f364e211b51bb157e16db84582fc3d9.jpg,640,640,gun,157,164,280,350,123,186
knife_1337_jpg.rf.1f4a20badeaddb71e6c7de86341f03a1.jpg,640,640,knife,186,232,260,297,74,65
63_jpg.rf.1ea8636472ecb362450d82d848079469.jpg,640,640,knife,231,0,280,95,49,95
83_jpg.rf.1f3e5d07e98275851dea72bfc4dde95a.jpg,640,640,knife,192,231,480,488,288,257
null_image.jpg,640,640,,,,,,0,0
knife_23_jpg.rf.1f74e6b431742922a7ab2cc8bbf24375.jpg,640,640,knife,223,388,628,631,405,243
18_jpg.rf.1f55197b350185141304b51157693bd9.jpg,640,640,knife,293,430,333,556,40,126
11_12_1253_jpg.rf.1f68e95dede93a9b6c7b7af346dff2a2.jpg,640,640,gun,125,35,541,547,416,512
Judith-014_jpg.rf.1f75244f7663ed609962e463f280b0ce.jpg,640,640,gun,345,387,551,492,206,105
Judith-014_jpg.rf.1f75244f7663ed609962e463f280b0ce.jpg,640,640,gun,78,363,250,471,172,108
262_jpg.rf.1fa108e501d03d4c66b5ad8c14dcaedf.jpg,640,640,knife,291,475,338,591,47,116
1023131353_8208_jpg.rf.1f9d68a5ce5e8f4e4d40336f496ac1bb.jpg,640,640,gun,420,173,459,215,39,42
2022-04-15_131_jpg.rf.1fb55f1ff7f5ecceabf0bd13f9e6ded8.jpg,640,640,knife,346,526,397,566,51,40
knife_110_jpg.rf.1fb5977234da1d27110b5e262ac97f5a.jpg,640,640,knife,138,172,623,601,485,429
KravMagaTraining351_jpg.rf.1fd2ee6c5164e72f966aec0c76dc3840.jpg,640,640,knife,176,94,220,206,44,112
null_image.jpg,640,640,,,,,,0,0
knife_816_jpg.rf.1fa52be7ee4d217a2af3eab0d6300eff.jpg,640,640,knife,103,348,166,554,63,206
null_image.jpg,640,640,,,,,,0,0
KravMagaTraining4280_jpg.rf.1fec66f2d55e2dfa151ec0e11eb52678.jpg,640,640,knife,333,391,370,482,37,91
Gun_1280_jpg.rf.1fda27693968f5b7a404e05e4a83e504.jpg,640,640,gun,283,241,354,612,71,371
The_Last_Run-M1911-5_jpg.rf.1fcf4aec191e84f976889c9f4fbd0184.jpg,640,640,gun,308,385,394,533,86,148
2022-04-21_465_jpg.rf.1fed93b09086e2b5625f57a72ca17980.jpg,640,640,knife,202,511,223,591,21,80
6_22_3_0002288_jpg.rf.202f9c683f298a40f4ea13dcb39f9376.jpg,640,640,gun,224,196,262,323,38,127
101416331_5796_jpg.rf.203cc91f30e80a10ec0b6ccaea2743e0.jpg,640,640,gun,0,98,562,634,562,536
knife_190_jpg.rf.202cc49652b6995e2a9aa98da2ab56f8.jpg,640,640,knife,19,103,295,450,276,347
Placebeyondthepinesglock6_jpg.rf.20010e1eefcd96eab02c3d44fcf41bd2.jpg,640,640,gun,481,101,612,367,131,266
batch_229_jpg.rf.20130d2696a986bbbee70d567c25b17b.jpg,640,640,knife,164,25,207,229,43,204
batch_229_jpg.rf.20130d2696a986bbbee70d567c25b17b.jpg,640,640,knife,170,367,198,569,28,202
batch_229_jpg.rf.20130d2696a986bbbee70d567c25b17b.jpg,640,640,knife,468,571,502,619,34,48
batch_229_jpg.rf.20130d2696a986bbbee70d567c25b17b.jpg,640,640,knife,438,71,563,252,125,181
knife_1049_jpg.rf.20210d15e59b2e421577a1277bb43898.jpg,640,640,knife,212,488,341,580,129,92
gun_3_2_1__0002764_jpg.rf.2036814b85f12d4793aba4e50100c123.jpg,640,640,gun,227,437,304,632,77,195
11_12_1390_jpg.rf.201d16e94d30d427d494224537a2005d.jpg,640,640,gun,7,27,628,598,621,571
0_jpg.rf.2031ce34e5e0cbc0f9036e960c93f5b9.jpg,640,640,knife,315,23,554,386,239,363
knife_515_jpg.rf.1ffc709cb59dffa8792affa42ceb9641.jpg,640,640,knife,0,326,260,609,260,283
sharpenKnife030_jpg.rf.1ff2906d20261af7936524216e31835e.jpg,640,640,knife,325,395,457,477,132,82
gun_2_1_1__0010975_jpg.rf.20883b04d178ce3df55ed2509b40b9a6.jpg,640,640,gun,220,288,242,336,22,48
gun_2_1_1__0001535_jpg.rf.20b684f98952314917071a3d2f67033a.jpg,640,640,gun,491,316,529,351,38,35
batch_184_jpg.rf.2095669830766ba33da457f36447de4c.jpg,640,640,gun,189,139,209,167,20,28
batch_184_jpg.rf.2095669830766ba33da457f36447de4c.jpg,640,640,gun,436,38,496,153,60,115
batch_184_jpg.rf.2095669830766ba33da457f36447de4c.jpg,640,640,gun,74,459,116,591,42,132
batch_184_jpg.rf.2095669830766ba33da457f36447de4c.jpg,640,640,gun,509,423,569,583,60,160
6_22_2_0004396_jpg.rf.20bc796083d66187c38d36979f2da78c.jpg,640,640,gun,17,65,41,151,24,86
6_22_4_0011548_jpg.rf.20bd6ec29f5dede40bbc6eabd1e3359f.jpg,640,640,gun,229,4,262,91,33,87
knife_675_jpg.rf.20a7acf0af56902cc7763e88933f199d.jpg,640,640,knife,320,206,466,383,146,177
2022-04-15_135_jpg.rf.20b8ff2bc006ea9c10ec9286502dc719.jpg,640,640,knife,359,536,406,576,47,40
DefenseKnifeAttack0122_jpg.rf.20fd3842542d5b0b5ac1fc190479cf3e.jpg,640,640,knife,321,367,364,405,43,38
Makarov_pm_jpg.rf.20c0b0d8ceb2d6619e1254a76f6c706b.jpg,640,640,gun,3,2,636,638,633,636
No_Way_Back-Sauer-4_jpg.rf.20db0df134d5a7e7e0f32382335889c0.jpg,640,640,gun,177,453,285,590,108,137
DefenseKnifeAttack0984_jpg.rf.20cea53639267ea6b3da5d67fc65f4bb.jpg,640,640,knife,391,269,442,468,51,199
knife_1047_jpg.rf.2068bb2cf7e569fa3ef0e5384b033795.jpg,640,640,knife,55,37,223,519,168,482
batch_448_jpg.rf.20f93a2680a7a4b63ad3611be89cc8c6.jpg,640,640,gun,186,126,211,158,25,32
batch_448_jpg.rf.20f93a2680a7a4b63ad3611be89cc8c6.jpg,640,640,gun,509,124,529,168,20,44
batch_448_jpg.rf.20f93a2680a7a4b63ad3611be89cc8c6.jpg,640,640,gun,176,443,185,492,9,49
batch_448_jpg.rf.20f93a2680a7a4b63ad3611be89cc8c6.jpg,640,640,gun,448,371,484,639,36,268
Gun_2883_jpg.rf.210f6a6d4917deb07d0d96a79457b643.jpg,640,640,gun,5,135,637,519,632,384
Gun_2499_jpg.rf.20d529be87eebf17eb63f24538df8f88.jpg,640,640,gun,6,14,629,614,623,600
Man5862_jpg.rf.20e3c2085575e74608aa870aee0ef535.jpg,640,640,gun,128,215,481,631,353,416
RealityKnifeAttacks0650_jpg.rf.214beb443047f388c91814f1e026354d.jpg,640,640,knife,274,263,292,343,18,80
sharpenKnife099_jpg.rf.2177db239b73edcd49d7c66ab59b236b.jpg,640,640,knife,256,132,409,313,153,181
sharpenKnife099_jpg.rf.2177db239b73edcd49d7c66ab59b236b.jpg,640,640,knife,123,107,203,316,80,209
354_jpg.rf.213b0a167d7e8c2ef0673889f7faa4d8.jpg,640,640,knife,0,269,205,466,205,197
KravMagaTraining636_jpg.rf.1f78ad283af8e2a163439638f089c585.jpg,640,640,knife,561,396,610,523,49,127
knife_322_jpg.rf.2154b73d76581c0fcdc4b92fad0283d8.jpg,640,640,knife,8,29,289,281,281,252
25_jpg.rf.213cb9b9f2490e5101cb081d2b39dd97.jpg,640,640,knife,290,20,419,618,129,598
2022-04-15_37_jpg.rf.211c5594c2d43aec18e35d33307a9705.jpg,640,640,knife,329,480,371,535,42,55
Gun_2638_jpg.rf.218bcc4d5944e87ee33b2bc4409cb7c2.jpg,640,640,gun,68,324,303,625,235,301
Dhoom_3_rifle_1_2_jpg.rf.2110053eed8b8d272aa72e1875da28cd.jpg,640,640,gun,350,181,379,339,29,158
KnifeDefenseKrav249_jpg.rf.2193d0749bdd5ec425b955741ac45692.jpg,640,640,knife,414,353,458,467,44,114
2022-04-15_57_jpg.rf.2128ba2581db9f72650bab9b15bae5a7.jpg,640,640,knife,305,323,352,377,47,54
Edcoy-sw27b_jpg.rf.21bcc4e14294e82bce5c2675c9bd9fe6.jpg,640,640,gun,178,0,356,575,178,575
6_22_2_0004792_jpg.rf.21a8a0a16c93e390faba8476f2867182.jpg,640,640,gun,211,150,256,221,45,71
knife_1197_jpg.rf.213d78d91c65a03846620a721925f624.jpg,640,640,knife,191,237,309,352,118,115
DefenseKnifeAttack0762_jpg.rf.21c1abbcc44911964831a002bcc725bc.jpg,640,640,knife,271,409,357,498,86,89
knife_655_jpg.rf.21bdc67384b1a57b6875761ae213e466.jpg,640,640,knife,54,196,106,386,52,190
7_7_asd_00133396_jpg.rf.21a7c73873bf993ba201dce7edb14ecf.jpg,640,640,gun,532,199,626,325,94,126
knife_287_jpg.rf.21845bc0e29f012c9321f7197f5ed43c.jpg,640,640,knife,3,106,589,583,586,477
251_jpg.rf.21cd1214c6c24749d86b65f09e5e93a1.jpg,640,640,knife,338,85,414,526,76,441
KravMagaKnifeDefenseTechniques590_jpg.rf.21d7d472b442996a4e16c4e19573c26f.jpg,640,640,knife,172,462,280,525,108,63
knife_127_jpg.rf.212e27bfb77b8bfbe522e5771c6028f1.jpg,640,640,knife,34,28,505,610,471,582
BS78-Colt03a_jpg.rf.213f84708b5ff23422bb647091cc51fb.jpg,640,640,gun,297,366,356,473,59,107
166_jpg.rf.21d74f15c7a74c894a2cdfb2a68f554c.jpg,640,640,knife,422,85,516,528,94,443
152_jpg.rf.21ec27e8589b41747c2320ab8cdb80a7.jpg,640,640,knife,298,361,357,417,59,56
gun_2_1_1__0006840_jpg.rf.220ab04e856c72af39b518ea034b4631.jpg,640,640,gun,197,309,225,343,28,34
KravMagaTraining620_jpg.rf.21e4e7eb1e594be653e68885a5c0b6cb.jpg,640,640,knife,552,227,598,360,46,133
BHaH-BAR5_jpg.rf.2146eb4292b002182ddd0bb9fe4d8dd2.jpg,640,640,gun,335,65,514,569,179,504
NBT-CAR-15-3_jpg.rf.21f47c6704d1cdd3bf2142c383aeba40.jpg,640,640,gun,54,300,312,475,258,175
Djinns-Chatellerault3_jpg.rf.223cdb7e49182d2004fc0a854d275f55.jpg,640,640,gun,198,50,567,617,369,567
gun_2_1_1__0012560_jpg.rf.224f5d7ca78907b8c2d4d0965fff62ba.jpg,640,640,gun,143,378,188,422,45,44
Hatchet_4_jpg.rf.2286917f55139435d567ccfb1633d356.jpg,640,640,gun,441,196,485,281,44,85
gun_3_3_1__0003652_jpg.rf.22aa0f9c57f76a3e8b373854e170c81d.jpg,640,640,gun,277,397,317,529,40,132
knife_671_jpg.rf.2252bc663ce6ad8ecac677c96fd8d7eb.jpg,640,640,knife,303,168,394,502,91,334
DefenseKnifeAttack0155_jpg.rf.21f8517016fe116f7cd4a93f55c99802.jpg,640,640,knife,66,526,157,612,91,86
MBH_MP40_01_jpg.rf.22b017d3a1e9d6ca3d28efcb128b8ba9.jpg,640,640,gun,49,234,487,639,438,405
KravMagaTraining21306_jpg.rf.229160c2248705df155fedf836b92468.jpg,640,640,knife,300,455,382,502,82,47
gun_5m_static_0000520_jpg.rf.224ec555a1f192d52766c2580d679a1e.jpg,640,640,gun,238,217,297,336,59,119
108_jpg.rf.22b6804e59d66e02ef99bb4a59df9028.jpg,640,640,knife,240,265,469,639,229,374
26_jpg.rf.22af5cb3d136fe80a8b11e2d39fd38f1.jpg,640,640,knife,320,571,400,615,80,44
Gun_441_jpg.rf.224a0a9183399bececcf43ba11bda5cc.jpg,640,640,gun,4,232,606,595,602,363
6_22_2_0005984_jpg.rf.225f255cea657d6cf7d10f1421d4cdda.jpg,640,640,gun,83,125,118,216,35,91
knife_135_jpg.rf.223e2bbd1b996b35f67e771c50e5f4ad.jpg,640,640,knife,32,95,524,622,492,527
6_22_1_0002028_jpg.rf.221210196c6ee492bcb2432d0601fafb.jpg,640,640,gun,296,333,395,581,99,248
batch_339_jpg.rf.228a023ef95b98283a0f5d4980f9ab53.jpg,640,640,gun,0,33,276,200,276,167
batch_339_jpg.rf.228a023ef95b98283a0f5d4980f9ab53.jpg,640,640,gun,391,198,470,319,79,121
batch_339_jpg.rf.228a023ef95b98283a0f5d4980f9ab53.jpg,640,640,gun,75,480,222,607,147,127
batch_339_jpg.rf.228a023ef95b98283a0f5d4980f9ab53.jpg,640,640,gun,391,411,445,526,54,115
batch_249_jpg.rf.228804e23a7855f8d961ccb170254987.jpg,640,640,knife,57,39,226,316,169,277
batch_249_jpg.rf.228804e23a7855f8d961ccb170254987.jpg,640,640,knife,379,51,636,315,257,264
batch_249_jpg.rf.228804e23a7855f8d961ccb170254987.jpg,640,640,knife,4,432,207,570,203,138
batch_249_jpg.rf.228804e23a7855f8d961ccb170254987.jpg,640,640,knife,366,475,510,630,144,155
batch_249_jpg.rf.228804e23a7855f8d961ccb170254987.jpg,640,640,knife,324,402,476,555,152,153
batch_230_jpg.rf.22d442bd0332381b0c7a279cc9cfcf69.jpg,640,640,knife,102,229,142,260,40,31
batch_230_jpg.rf.22d442bd0332381b0c7a279cc9cfcf69.jpg,640,640,knife,499,233,545,270,46,37
batch_230_jpg.rf.22d442bd0332381b0c7a279cc9cfcf69.jpg,640,640,knife,122,563,171,594,49,31
batch_230_jpg.rf.22d442bd0332381b0c7a279cc9cfcf69.jpg,640,640,knife,436,558,483,593,47,35
null_image.jpg,640,640,,,,,,0,0
null_image.jpg,640,640,,,,,,0,0
Gun_740_jpg.rf.231781bd0616a227c85f69d53372cf31.jpg,640,640,gun,0,16,628,608,628,592
batch_238_jpg.rf.22d98d22f9d50a4b6e33b414feeb340e.jpg,640,640,knife,156,206,187,248,31,42
batch_238_jpg.rf.22d98d22f9d50a4b6e33b414feeb340e.jpg,640,640,knife,459,138,491,199,32,61
batch_238_jpg.rf.22d98d22f9d50a4b6e33b414feeb340e.jpg,640,640,knife,154,446,175,516,21,70
batch_238_jpg.rf.22d98d22f9d50a4b6e33b414feeb340e.jpg,640,640,knife,461,560,545,600,84,40
null_image.jpg,640,640,,,,,,0,0
gun_2_1_1__0014745_jpg.rf.2332751fa7d7c585ea9ff27fdd1b6f55.jpg,640,640,gun,208,336,244,371,36,35
FNTT-SAA-Civilian-3_jpg.rf.236e4d41e84dbc2f3913f7a8db8b784e.jpg,640,640,gun,298,213,377,427,79,214
batch_348_jpg.rf.23a690d36222150b47481801ca5bc3df.jpg,640,640,gun,167,221,201,274,34,53
batch_348_jpg.rf.23a690d36222150b47481801ca5bc3df.jpg,640,640,gun,434,159,485,243,51,84
batch_348_jpg.rf.23a690d36222150b47481801ca5bc3df.jpg,640,640,gun,113,352,155,456,42,104
batch_348_jpg.rf.23a690d36222150b47481801ca5bc3df.jpg,640,640,gun,325,324,623,628,298,304
gun_3_3_1__0003800_jpg.rf.232d046894986f1e23bcb0eb0632a5dc.jpg,640,640,gun,257,423,295,541,38,118
DefenseKnifeAttack1123_jpg.rf.238828b82f4b28cfd7e61b5331f617fc.jpg,640,640,knife,257,362,299,436,42,74
knife_1212_jpg.rf.23363911d7d7854efbf26efb12e5fd09.jpg,640,640,knife,280,397,355,471,75,74
118_jpg.rf.22e032d28d910bf327bcc26e6f568707.jpg,640,640,knife,314,423,361,462,47,39
knife_1021_jpg.rf.23dc469168efc2bf88103f14d6cc79bf.jpg,640,640,knife,273,170,313,279,40,109
knife_402_jpg.rf.2379a4b9e3a362c2b0595fb0f61fec39.jpg,640,640,knife,342,215,626,550,284,335
U900-PPK2_jpg.rf.2350f96e409276901f5e44b9083cda65.jpg,640,640,gun,412,298,521,535,109,237
Gun_184_jpg.rf.237d52ed5f6262511806762beff95fcb.jpg,640,640,gun,61,202,421,569,360,367
Rtp-guns1_jpg.rf.23a02c3ce3b00bd59018ffbcafbcb060.jpg,640,640,gun,523,443,617,607,94,164
Rtp-guns1_jpg.rf.23a02c3ce3b00bd59018ffbcafbcb060.jpg,640,640,gun,218,444,371,598,153,154
batch_147_jpg.rf.238cd80813444403adf6e094d953c35b.jpg,640,640,gun,118,107,172,277,54,170
batch_147_jpg.rf.238cd80813444403adf6e094d953c35b.jpg,640,640,gun,326,5,632,298,306,293
batch_147_jpg.rf.238cd80813444403adf6e094d953c35b.jpg,640,640,gun,204,369,263,449,59,80
batch_147_jpg.rf.238cd80813444403adf6e094d953c35b.jpg,640,640,gun,418,378,462,511,44,133
La_legion_saute_sur_Kolwezi-FAL-4_jpg.rf.23ea86d2b7064c43a1c1add3adae54bf.jpg,640,640,gun,0,353,140,446,140,93
BSM-B92F-02_jpg.rf.2355b8dfe4de77eecd8f73f64295f2a5.jpg,640,640,gun,147,103,251,445,104,342
1021104728_5907_jpg.rf.23cd4bd5b1a1d4197aa1076a4337a770.jpg,640,640,gun,253,193,343,439,90,246
gun_2_1_1__0008720_jpg.rf.23deb690794e7babb8221d82fc0e314a.jpg,640,640,gun,238,370,291,418,53,48
null_image.jpg,640,640,,,,,,0,0
PiratesXX_M1928Thompson3_jpg.rf.23bcd934de56cbeae40b0f6f0c4d4c5b.jpg,640,640,gun,165,284,352,622,187,338
Classic60_jpg.rf.23d30df830de1ef7ed513386b4b3e555.jpg,640,640,gun,11,48,601,588,590,540
1649338713-8452766_jpg.rf.23f58f6aafc162fc55282da7822e9b44.jpg,640,640,knife,233,296,456,390,223,94
batch_240_jpg.rf.24213eee45f00b8dc54bb30b9bf5bdeb.jpg,640,640,knife,21,85,71,201,50,116
batch_240_jpg.rf.24213eee45f00b8dc54bb30b9bf5bdeb.jpg,640,640,knife,338,32,458,252,120,220
batch_240_jpg.rf.24213eee45f00b8dc54bb30b9bf5bdeb.jpg,640,640,knife,111,440,285,545,174,105
batch_240_jpg.rf.24213eee45f00b8dc54bb30b9bf5bdeb.jpg,640,640,knife,414,345,455,394,41,49
batch_447_jpg.rf.23f917580a6f5aedf553c5fc939e88fb.jpg,640,640,gun,123,226,145,308,22,82
batch_447_jpg.rf.23f917580a6f5aedf553c5fc939e88fb.jpg,640,640,gun,319,10,630,289,311,279
batch_447_jpg.rf.23f917580a6f5aedf553c5fc939e88fb.jpg,640,640,gun,49,499,140,631,91,132
batch_447_jpg.rf.23f917580a6f5aedf553c5fc939e88fb.jpg,640,640,gun,321,446,446,639,125,193
batch_15_jpg.rf.231a45375a30dd6933ab71aec8a54ed4.jpg,640,640,gun,1,172,236,275,235,103
batch_15_jpg.rf.231a45375a30dd6933ab71aec8a54ed4.jpg,640,640,gun,532,143,568,187,36,44
batch_15_jpg.rf.231a45375a30dd6933ab71aec8a54ed4.jpg,640,640,gun,75,536,142,606,67,70
batch_15_jpg.rf.231a45375a30dd6933ab71aec8a54ed4.jpg,640,640,gun,554,487,592,624,38,137
78_jpg.rf.241c71f7e045c3e57558807022270e38.jpg,640,640,knife,368,428,417,459,49,31
knife_288_jpg.rf.2404e13111811409b276e4fe18ee8d15.jpg,640,640,knife,288,176,639,299,351,123
KravMagaTraining753_jpg.rf.242a1efcf2a2027e2d4cc0278ba560a7.jpg,640,640,knife,472,257,503,429,31,172
2022-04-15_120_jpg.rf.2308668a3398fc77970ab0012b557dd6.jpg,640,640,knife,335,577,397,621,62,44
batch_243_jpg.rf.23bf9aa18fba6f74f38ec07200dec6f3.jpg,640,640,gun,102,121,191,307,89,186
batch_243_jpg.rf.23bf9aa18fba6f74f38ec07200dec6f3.jpg,640,640,gun,448,38,576,162,128,124
batch_243_jpg.rf.23bf9aa18fba6f74f38ec07200dec6f3.jpg,640,640,gun,145,378,195,460,50,82
batch_243_jpg.rf.23bf9aa18fba6f74f38ec07200dec6f3.jpg,640,640,gun,118,438,175,540,57,102
batch_243_jpg.rf.23bf9aa18fba6f74f38ec07200dec6f3.jpg,640,640,gun,357,415,540,621,183,206
knife54_jpg.rf.245f11c7fb4f5fc43a7e393daa5dae8a.jpg,640,640,knife,11,6,365,357,354,351
batch_119_jpg.rf.235d3e69bdedb28ea7bae3c2adfec624.jpg,640,640,gun,80,135,94,156,14,21
batch_119_jpg.rf.235d3e69bdedb28ea7bae3c2adfec624.jpg,640,640,gun,341,135,356,164,15,29
batch_119_jpg.rf.235d3e69bdedb28ea7bae3c2adfec624.jpg,640,640,gun,39,457,54,482,15,25
batch_119_jpg.rf.235d3e69bdedb28ea7bae3c2adfec624.jpg,640,640,gun,389,447,520,509,131,62
6_22_2_0001056_jpg.rf.24468729311421e11f136dc8b8d3007f.jpg,640,640,gun,292,362,346,434,54,72
Rh2-ppk4_jpg.rf.24234f51971182533fe8e1f8a2d2418b.jpg,640,640,gun,248,342,323,459,75,117
knife_571_jpg.rf.249511bbeb3c6ca0ca873998006de24b.jpg,640,640,knife,43,171,143,403,100,232
Gun_185_jpg.rf.243a0a954cc2507bed1d5ebc89ef5df4.jpg,640,640,gun,105,162,488,609,383,447
null_image.jpg,640,640,,,,,,0,0
KravMagaTraining21102_jpg.rf.24340c7ee74ba386886dd3f78b7517e7.jpg,640,640,knife,241,430,331,499,90,69
DIzL-Mosin-6_jpg.rf.2456efca2fa68e91f0fd029b4da6a788.jpg,640,640,gun,27,394,466,511,439,117
knife_446_jpg.rf.2438be33727ccd91531062afc73c69ba.jpg,640,640,knife,320,217,622,525,302,308
gun_2_1_1__0001840_jpg.rf.24ec9725066fe51d5e12bc03c9a9df53.jpg,640,640,gun,278,376,314,411,36,35
DefenseKnifeAttack0667_jpg.rf.24e41be89ec33e7ab5e87b959c6641d7.jpg,640,640,knife,163,235,228,594,65,359
498_jpg.rf.24827b91e1e85374697d1cb976af6cf1.jpg,640,640,knife,228,175,555,403,327,228
null_image.jpg,640,640,,,,,,0,0
knife_142_jpg.rf.245d1681612a5ea9ad651b4ec8ce44f2.jpg,640,640,knife,211,33,629,453,418,420
knife_248_jpg.rf.24ad090f471f1d9873b24f6309bf1703.jpg,640,640,knife,257,35,563,403,306,368
batch_70_jpg.rf.24819bca717c764dccb115e0da9e4abc.jpg,640,640,knife,0,113,138,318,138,205
batch_70_jpg.rf.24819bca717c764dccb115e0da9e4abc.jpg,640,640,knife,331,138,481,309,150,171
batch_70_jpg.rf.24819bca717c764dccb115e0da9e4abc.jpg,640,640,knife,29,542,62,639,33,97
batch_70_jpg.rf.24819bca717c764dccb115e0da9e4abc.jpg,640,640,knife,375,575,405,639,30,64
189_jpg.rf.24894dc68a0cf93f3c9d5d0a56dfc1de.jpg,640,640,knife,354,20,415,423,61,403
2022-04-15_36_jpg.rf.24bf1081e53a1d763d9e0d51d93a4ceb.jpg,640,640,knife,340,472,378,531,38,59
batch_197_jpg.rf.24cb1e7517897089887620a2c40519fa.jpg,640,640,knife,104,90,308,306,204,216
batch_197_jpg.rf.24cb1e7517897089887620a2c40519fa.jpg,640,640,knife,425,90,628,306,203,216
batch_197_jpg.rf.24cb1e7517897089887620a2c40519fa.jpg,640,640,knife,22,470,128,635,106,165
batch_197_jpg.rf.24cb1e7517897089887620a2c40519fa.jpg,640,640,knife,326,448,465,594,139,146
50_jpg.rf.242734a452615d09611078078a483b08.jpg,640,640,knife,179,52,623,380,444,328
knife_75_jpg.rf.24fa251f50422b33f8bbd7c3060ac48a.jpg,640,640,knife,208,217,323,573,115,356
knife_317_jpg.rf.24a83bd23cfce46eb6cceaee98c7d0a2.jpg,640,640,knife,16,228,336,439,320,211
DKRCatwomanPoster_jpg.rf.247c6ab335ee9f4c70128027c407e784.jpg,640,640,gun,114,23,268,140,154,117
1649338727-836733_jpg.rf.24d3818cf0aae21050798736078ce546.jpg,640,640,knife,381,77,454,515,73,438
knife_756_jpg.rf.2515c0ce4d74e79355ad3b63a8c44bb1.jpg,640,640,knife,357,142,436,475,79,333
Hills_have_eyes_1911_jpg.rf.2513a6a829b913122ba2c7436930564f.jpg,640,640,gun,368,173,521,371,153,198
KravMagaKnifeDefenseTechniques757_jpg.rf.2535049c03219064678f1522434799ad.jpg,640,640,knife,225,432,317,514,92,82
12_jpg.rf.24fa09a5638190bab34eb50b859140c1.jpg,640,640,knife,342,600,388,640,46,40
batch_134_jpg.rf.239f499aa800923bcb02239effa9c789.jpg,640,640,knife,131,87,226,262,95,175
batch_134_jpg.rf.239f499aa800923bcb02239effa9c789.jpg,640,640,knife,106,486,181,573,75,87
batch_134_jpg.rf.239f499aa800923bcb02239effa9c789.jpg,640,640,knife,429,483,502,571,73,88
batch_134_jpg.rf.239f499aa800923bcb02239effa9c789.jpg,640,640,knife,439,87,542,274,103,187
6_22_2_0006684_jpg.rf.257778bf217daa36466c5c5efeafb835.jpg,640,640,gun,0,203,33,302,33,99
batch_20_jpg.rf.254a430a6533424bfb337d33e85677ba.jpg,640,640,gun,187,85,200,107,13,22
batch_20_jpg.rf.254a430a6533424bfb337d33e85677ba.jpg,640,640,gun,507,80,522,110,15,30
batch_20_jpg.rf.254a430a6533424bfb337d33e85677ba.jpg,640,640,gun,157,375,178,414,21,39
batch_20_jpg.rf.254a430a6533424bfb337d33e85677ba.jpg,640,640,gun,492,404,510,434,18,30
knife_196_jpg.rf.253aeea9c7834db946fd63e540267251.jpg,640,640,knife,72,236,474,398,402,162
6_22_3_0000720_jpg.rf.2524e1bfbfa7f849814cbf59359e1a86.jpg,640,640,gun,301,89,349,180,48,91
null_image.jpg,640,640,,,,,,0,0
knife_841_jpg.rf.25649a35ea8176cda4b7f68d8d452ab9.jpg,640,640,knife,84,234,168,428,84,194
knife_242_jpg.rf.25263c6b2ac6595ac9aee430e8527ae6.jpg,640,640,knife,12,16,355,474,343,458
gun_3_2_1__0001276_jpg.rf.24eca337ceab3f5fcd29b2b05760b662.jpg,640,640,gun,247,217,345,537,98,320
null_image.jpg,640,640,,,,,,0,0
knife_394_jpg.rf.24f6afffb8d49155d611426bb46d2dcf.jpg,640,640,knife,92,379,339,607,247,228
gun_2_1_1__0013580_jpg.rf.25b02120ebd632926e0dd2edb6066756.jpg,640,640,gun,197,354,234,394,37,40
265_jpg.rf.25cb15506a3c454d08ff30e4f6e16cb4.jpg,640,640,knife,288,34,443,363,155,329
Kandahar-AK-74_jpg.rf.25a624dab7a3f3ee6adb5ad1f985515d.jpg,640,640,gun,134,126,435,583,301,457
knife_604_jpg.rf.25b339a010855d15d7a42d599be92fc6.jpg,640,640,knife,232,292,580,436,348,144
11_12_2858_jpg.rf.25ee0debd6e42015ea1c2b1231009172.jpg,640,640,gun,169,273,293,514,124,241
11_12_2858_jpg.rf.25ee0debd6e42015ea1c2b1231009172.jpg,640,640,gun,39,295,144,476,105,181
11_12_2858_jpg.rf.25ee0debd6e42015ea1c2b1231009172.jpg,640,640,gun,312,261,415,456,103,195
11_12_2858_jpg.rf.25ee0debd6e42015ea1c2b1231009172.jpg,640,640,gun,416,275,526,543,110,268
11_12_2858_jpg.rf.25ee0debd6e42015ea1c2b1231009172.jpg,640,640,gun,533,290,639,490,106,200
knife_827_jpg.rf.25a4764bb6731fba17cf32bd667f7a37.jpg,640,640,knife,57,487,128,640,71,153
gun_2_1_1__0006855_jpg.rf.25f4b7ae722aac0eecc70e6481b62456.jpg,640,640,gun,191,311,217,345,26,34
KravMagaTraining467_jpg.rf.25edfda8b37c2d09befbd42ff8e530a1.jpg,640,640,knife,136,412,198,502,62,90
Kingsman_65_jpg.rf.25a429b9172fb921a096add2b666d90a.jpg,640,640,gun,28,1,141,545,113,544
1364442_00__01192_jpg.rf.266e2f18b3ed5a0bec13ba871081145a.jpg,640,640,gun,154,316,201,454,47,138
1365116_02__02664_jpg.rf.25ea566a812732c1ab7c29cf2594dbd4.jpg,640,640,gun,288,312,362,487,74,175
10231249_3420_jpg.rf.253de025a63a7f6e28c2dbdc5672bbae.jpg,640,640,gun,346,382,368,446,22,64
Hk-usp45tac_jpg.rf.25b1cc409a67fbb2bbf8b356ae8dae99.jpg,640,640,gun,7,8,629,640,622,632
KravMagaTraining21141_jpg.rf.2597156420dc54e6dd774b4f381955f7.jpg,640,640,knife,374,295,459,413,85,118
knife_67_jpg.rf.26087fa86363119abaf7686ebab79546.jpg,640,640,knife,15,160,459,573,444,413
11_12_2284_jpg.rf.26906c69a5b4249a0b64bb023f8f5149.jpg,640,640,gun,23,96,615,387,592,291
11_12_2284_jpg.rf.26906c69a5b4249a0b64bb023f8f5149.jpg,640,640,gun,150,303,455,585,305,282
FA-JD-CM1900_jpg.rf.25b5fd221032a9d0c66370970473da4e.jpg,640,640,gun,383,450,453,639,70,189
160_jpg.rf.265a24728544eeb0b31d87772a31a81f.jpg,640,640,knife,179,40,310,517,131,477
78_jpg.rf.26aaa2c31940a62257d2274773d25d5c.jpg,640,640,knife,235,78,434,640,199,562
KravMagaTraining20609_jpg.rf.26a1cc6053d9ff25d2f394cbf3c75829.jpg,640,640,knife,213,451,279,515,66,64
120_jpg.rf.25eeff32848d88b14be183cd24c05eb4.jpg,640,640,knife,289,355,317,457,28,102
2022-04-21_423_jpg.rf.26864fa29c7991064d528d6d6dc62a69.jpg,640,640,knife,272,383,303,486,31,103
101763135_414_jpg.rf.269b03069d2b5dfc778eb97d62c55dba.jpg,640,640,gun,473,28,545,224,72,196
101763135_414_jpg.rf.269b03069d2b5dfc778eb97d62c55dba.jpg,640,640,knife,67,141,129,298,62,157
10258146_6456_jpg.rf.26317e44abd3cce47b00573c5592f9b6.jpg,640,640,gun,279,182,527,634,248,452
Mechanik_92FS_6_jpg.rf.264b6e154871e71ad58dd51b479f51da.jpg,640,640,gun,117,376,370,640,253,264
gun1_4m_static_0002720_jpg.rf.26c60448e5bcbbe0d2b260383558b744.jpg,640,640,gun,357,447,389,594,32,147
DefenseKnifeAttack1312_jpg.rf.26d1a9fb731c3ecfa49a513703453fd7.jpg,640,640,knife,175,32,275,100,100,68
batch_412_jpg.rf.268d47cc5d6774982e1f8d3eae78f6db.jpg,640,640,gun,68,167,193,249,125,82
batch_412_jpg.rf.268d47cc5d6774982e1f8d3eae78f6db.jpg,640,640,gun,332,21,626,294,294,273
batch_412_jpg.rf.268d47cc5d6774982e1f8d3eae78f6db.jpg,640,640,gun,145,465,170,600,25,135
batch_412_jpg.rf.268d47cc5d6774982e1f8d3eae78f6db.jpg,640,640,gun,361,319,461,601,100,282
gun1_5m_static_0000976_jpg.rf.267e54dabdc850120b67f7eeeafab8f6.jpg,640,640,gun,307,321,331,450,24,129
knife_912_jpg.rf.261ad0c6304327dcfba8578ffe75d97c.jpg,640,640,knife,110,503,173,640,63,137
1011133951_151_jpg.rf.26d044b4b2a055b2be6ab7998521d7e9.jpg,640,640,gun,251,175,545,244,294,69
batch_29_jpg.rf.2671480ea2577d3d7530a66201b07736.jpg,640,640,knife,188,60,255,206,67,146
batch_29_jpg.rf.2671480ea2577d3d7530a66201b07736.jpg,640,640,knife,367,50,493,220,126,170
batch_29_jpg.rf.2671480ea2577d3d7530a66201b07736.jpg,640,640,knife,139,502,155,554,16,52
batch_29_jpg.rf.2671480ea2577d3d7530a66201b07736.jpg,640,640,knife,375,385,471,532,96,147
11_12_2512_jpg.rf.260e20a5afdc2ee3c9b0b4c42454b072.jpg,640,640,gun,425,134,563,316,138,182
knife_373_jpg.rf.26a797c843d10d0682b786073bf246dd.jpg,640,640,knife,5,222,277,400,272,178
gun_2_1_1__0009815_jpg.rf.26f37499e4f7b239b4b4d10232a714bd.jpg,640,640,gun,439,271,482,329,43,58
null_image.jpg,640,640,,,,,,0,0
11_12_1357_jpg.rf.270fcbcd6d022179b9cbf968596d7a59.jpg,640,640,gun,202,263,264,318,62,55
null_image.jpg,640,640,,,,,,0,0
batch_297_jpg.rf.271e973e93caa2423bfc8d3cc73b5fca.jpg,640,640,gun,6,321,317,640,311,319
batch_297_jpg.rf.271e973e93caa2423bfc8d3cc73b5fca.jpg,640,640,gun,326,344,599,613,273,269
batch_297_jpg.rf.271e973e93caa2423bfc8d3cc73b5fca.jpg,640,640,gun,94,103,147,150,53,47
batch_297_jpg.rf.271e973e93caa2423bfc8d3cc73b5fca.jpg,640,640,gun,325,13,622,85,297,72
batch_297_jpg.rf.271e973e93caa2423bfc8d3cc73b5fca.jpg,640,640,gun,333,86,611,157,278,71
batch_297_jpg.rf.271e973e93caa2423bfc8d3cc73b5fca.jpg,640,640,gun,340,165,612,233,272,68
batch_297_jpg.rf.271e973e93caa2423bfc8d3cc73b5fca.jpg,640,640,gun,330,238,552,313,222,75
15_jpg.rf.271d0b642ca655f3aa886f70d458f9b6.jpg,640,640,knife,86,65,505,616,419,551
DSC_00491_JPG_jpg.rf.273e4be7c049fa64c04b9d09677e114c.jpg,640,640,knife,175,377,251,409,76,32
Bulletproofci8_jpg.rf.266176d15d092c3ef7effc601bfadedb.jpg,640,640,gun,213,275,314,339,101,64
8_jpg.rf.270ef3274e78dd0ac57d65ca74c5b430.jpg,640,640,knife,8,125,389,466,381,341
gun_3_1_1__0002596_jpg.rf.26f9b47d0c9172385c118fab44fc4a2d.jpg,640,640,gun,233,308,308,531,75,223
batch_81_jpg.rf.271fabeef893a71beade146efafc9fad.jpg,640,640,gun,166,77,191,118,25,41
batch_81_jpg.rf.271fabeef893a71beade146efafc9fad.jpg,640,640,gun,432,79,450,127,18,48
batch_81_jpg.rf.271fabeef893a71beade146efafc9fad.jpg,640,640,gun,156,367,167,418,11,51
batch_81_jpg.rf.271fabeef893a71beade146efafc9fad.jpg,640,640,gun,470,407,480,461,10,54
knife_1343_jpg.rf.2710563a7901f74d978e631c64c52d91.jpg,640,640,knife,248,232,332,334,84,102
OGC_21_jpg.rf.2743bc08cb47640a5ff092813e2348f6.jpg,640,640,gun,171,137,434,415,263,278
knife_290_jpg.rf.2784f136044e548798d962acd7f0209d.jpg,640,640,knife,6,2,399,398,393,396
KravMagaKnifeDefenseTechniques233_jpg.rf.27a006014033c685d098d990f3a0fad7.jpg,640,640,knife,222,231,312,338,90,107
7_7_asd_00134926_jpg.rf.2746f19386db723e585caa7f4e2bfc8a.jpg,640,640,gun,220,149,242,191,22,42
knife_31_jpg.rf.27be7daa31169f68c3718468e1099de9.jpg,640,640,knife,24,37,518,583,494,546
6_22_4_0007076_jpg.rf.27bfec990dde7a7774e04465d3d55c6e.jpg,640,640,gun,370,332,421,451,51,119
Gun_490_jpg.rf.27cdf6e2018132326d3779a51b1b306e.jpg,640,640,gun,12,0,632,629,620,629
KravMagaTraining754_jpg.rf.27c111a3b25e5d764181f9a4fc6e77ca.jpg,640,640,knife,465,300,491,477,26,177
KerberosC965_jpg.rf.27a8746c8f4fe52db1f5b1de96d5ffaf.jpg,640,640,gun,309,247,588,609,279,362
127_jpg.rf.2760526687a8ef68ba90fc4d70a73f5f.jpg,640,640,knife,383,419,522,522,139,103
2022-04-15_83_jpg.rf.27f0932b198ed9f38a0dd1e6f8636381.jpg,640,640,knife,283,468,314,531,31,63
knife_979_jpg.rf.274715b733ab23a8494d87cf1475cd7c.jpg,640,640,knife,136,306,205,459,69,153
169_jpg.rf.27c8edc9389ff006b1d75d2cf6fe11fc.jpg,640,640,knife,308,509,340,611,32,102
Tranter_M1868_jpg.rf.27a68d828ab362501073aa1cc352dce5.jpg,640,640,gun,49,59,603,616,554,557
6_22_4_0005152_jpg.rf.280dad8c01a3e37b6a2aa6fcf2bd1708.jpg,640,640,gun,304,276,350,318,46,42
knife_290_jpg.rf.27e683c338756ef082b1f59e9c358376.jpg,640,640,knife,6,2,400,399,394,397
DSC_00391_JPG_jpg.rf.27cadb458ac5628b1b76d5a5d9ca5ddc.jpg,640,640,knife,301,316,317,373,16,57
ColtGoldCupNatMatchSS_jpg.rf.27e949a2a713692259ccbb485614df24.jpg,640,640,gun,8,19,624,614,616,595
Inception11_jpg.rf.2813ae32e382a9468975bddf03e18a78.jpg,640,640,gun,344,227,436,448,92,221
11_12_1382_jpg.rf.27c2512fa6c0cb780127d13035f117db.jpg,640,640,gun,300,289,420,481,120,192
11_12_1382_jpg.rf.27c2512fa6c0cb780127d13035f117db.jpg,640,640,gun,398,293,567,485,169,192
knife21_jpg.rf.27fe8e19665c64f6af9a05f62827971a.jpg,640,640,knife,290,23,353,613,63,590
batch_287_jpg.rf.27f5c88b0be2002797fd9607bafe8b2d.jpg,640,640,gun,32,83,81,206,49,123
batch_287_jpg.rf.27f5c88b0be2002797fd9607bafe8b2d.jpg,640,640,gun,197,245,212,311,15,66
batch_287_jpg.rf.27f5c88b0be2002797fd9607bafe8b2d.jpg,640,640,gun,324,34,632,242,308,208
batch_287_jpg.rf.27f5c88b0be2002797fd9607bafe8b2d.jpg,640,640,gun,279,467,309,535,30,68
batch_287_jpg.rf.27f5c88b0be2002797fd9607bafe8b2d.jpg,640,640,gun,532,496,569,553,37,57
246_jpg.rf.281a597f5122568469de48d1e82419ac.jpg,640,640,knife,233,449,282,563,49,114
DSC_0054_JPG_jpg.rf.282e176baa5993415130c51b211bda5e.jpg,640,640,knife,297,294,358,403,61,109
352_jpg.rf.28052a806ed6134bc768b3d040dc046b.jpg,640,640,knife,0,286,226,472,226,186
knife_188_jpg.rf.27e9959eb0fc379cd4349c1c9b99994c.jpg,640,640,knife,46,31,186,489,140,458
gun_3_1_1__0001008_jpg.rf.2836bdd729933382096d3e3d2658430d.jpg,640,640,gun,228,346,282,510,54,164
57_jpg.rf.282f3cdca1fc81ce26296fb6beb656a4.jpg,640,640,knife,325,375,360,483,35,108
Mannlicher_M1893_rifle_jpg.rf.28a3c7e6acd1aa2c60f9b058bfa26dd4.jpg,640,640,gun,5,20,635,616,630,596
325_jpg.rf.2873cda933b402f4d71eb3abb4144908.jpg,640,640,knife,291,197,492,360,201,163
Deux_hommes_dans_la_ville-2_jpg.rf.280f35005af682a8e1d9a58a8ede4d58.jpg,640,640,gun,304,456,397,624,93,168
batch_157_jpg.rf.2821a646cb53fde8b164467ba04d7e07.jpg,640,640,gun,159,112,173,167,14,55
batch_157_jpg.rf.2821a646cb53fde8b164467ba04d7e07.jpg,640,640,gun,479,111,492,169,13,58
batch_157_jpg.rf.2821a646cb53fde8b164467ba04d7e07.jpg,640,640,gun,157,448,170,503,13,55
batch_157_jpg.rf.2821a646cb53fde8b164467ba04d7e07.jpg,640,640,gun,425,403,447,433,22,30
null_image.jpg,640,640,,,,,,0,0
Gun_1587_jpg.rf.28924a863080c2d1d3990c7b4b03ac29.jpg,640,640,gun,21,298,190,398,169,100
2022-04-21_414_jpg.rf.283de3b12f4bf8e4ade86a932036e8b3.jpg,640,640,knife,297,365,338,439,41,74
1011133951_191_jpg.rf.2881303e3ebfa18c0d8e3a3afa0d28f8.jpg,640,640,gun,352,337,489,583,137,246
39Steps2008_C96_01_jpg.rf.28949a27e26ddae5fcea765539bd6c55.jpg,640,640,gun,394,318,485,414,91,96
knife_819_jpg.rf.2812b6cf706f735800f433abdfcf1361.jpg,640,640,knife,157,477,289,612,132,135
101516411_3015_jpg.rf.28b3dabef250d4400b4d0f541a857eb3.jpg,640,640,gun,371,212,438,279,67,67
201_jpg.rf.28b9d272f485908baadeb35197b8811f.jpg,640,640,knife,340,14,412,360,72,346
1649338721-848876_jpg.rf.27886b334f1a950723dc7ccbeb8e403e.jpg,640,640,knife,326,288,368,639,42,351
119_jpg.rf.28a63a86020dc3cc8543192bfc45fc6c.jpg,640,640,knife,137,168,235,560,98,392
gun_2_1_1__0007020_jpg.rf.28555c89714a3ed741795e2d2ec9cb2e.jpg,640,640,gun,76,348,112,387,36,39
null_image.jpg,640,640,,,,,,0,0
44_jpg.rf.28c3da1383d3da4a642e9f3b1d007280.jpg,640,640,knife,162,380,425,585,263,205
TKtaurusStainless_jpg.rf.28bc466d541d6a6d05a6f6ea14d3d78b.jpg,640,640,gun,64,61,640,639,576,578
gun_3_3_1__0002940_jpg.rf.28d1687f8e3f80b3a4dcb6fa11164288.jpg,640,640,gun,307,389,366,609,59,220
Marine4_27_jpg.rf.28dae88847964353949901d878784b98.jpg,640,640,gun,97,216,352,595,255,379
131_jpg.rf.291262d939493b42f445d006613e6617.jpg,640,640,knife,136,139,305,413,169,274
BatmanR_2309_jpg.rf.28c98e518b544079b9defd0f51ba72f1.jpg,640,640,gun,267,334,323,450,56,116
BatmanR_2309_jpg.rf.28c98e518b544079b9defd0f51ba72f1.jpg,640,640,gun,449,345,481,478,32,133
ColtThunderer_jpg.rf.28bc0b0a9684c7b78e4101a5896cf669.jpg,640,640,gun,1,3,636,624,635,621
7_7_asd_00134786_jpg.rf.29270b85a6cc1dd7db3d960c80ae8af9.jpg,640,640,gun,523,314,549,345,26,31
null_image.jpg,640,640,,,,,,0,0
107154_00__04419_jpg.rf.29838ff7e52bd67dc68cbf3c91f94fd6.jpg,640,640,gun,284,314,340,439,56,125
Newsmakers-P99-3_jpg.rf.2902f8bdd30bfa630e5848ef4fd23184.jpg,640,640,gun,11,140,116,349,105,209
1024142245_2982_jpg.rf.298017190489cf42d6e295bafb0f3bc1.jpg,640,640,gun,326,279,421,639,95,360
knife_1178_jpg.rf.29916edbff349ffb73966dd304d1629c.jpg,640,640,knife,314,291,361,423,47,132
knife_1178_jpg.rf.29916edbff349ffb73966dd304d1629c.jpg,640,640,knife,371,275,417,423,46,148
Mech11_103_jpg.rf.29d89fd04b0a33f0df08e5c76ead602a.jpg,640,640,gun,329,58,544,620,215,562
batch_380_jpg.rf.2946e0f91700cdc12fd0e07e5a0bffbc.jpg,640,640,gun,207,149,258,241,51,92
batch_380_jpg.rf.2946e0f91700cdc12fd0e07e5a0bffbc.jpg,640,640,gun,381,47,556,135,175,88
batch_380_jpg.rf.2946e0f91700cdc12fd0e07e5a0bffbc.jpg,640,640,gun,98,546,118,604,20,58
batch_380_jpg.rf.2946e0f91700cdc12fd0e07e5a0bffbc.jpg,640,640,gun,337,445,458,583,121,138
Gun_2006_jpg.rf.29a1c6c73f8739c5cf1861de6ef6b090.jpg,640,640,gun,252,256,338,433,86,177
KravMagaKnifeDefenseTechniques724_jpg.rf.29d57a06cca25794badaeb02110f9499.jpg,640,640,knife,290,395,379,454,89,59
6_22_1_0001168_jpg.rf.293c6b41fa22bc371116138b046b2f73.jpg,640,640,gun,106,92,238,339,132,247
knife_465_jpg.rf.28d185378692c09b3d158d975228111d.jpg,640,640,knife,297,85,603,311,306,226
11_12_839_jpg.rf.292ef1b51da689f0f150b783ad150172.jpg,640,640,gun,193,75,508,486,315,411
Barbershop-006_jpg.rf.2958d61b8b83bf6c12d8e307947d31bd.jpg,640,640,gun,164,20,334,619,170,599
53_jpg.rf.29706a740c0b88afd1060ed3e0fb47ab.jpg,640,640,knife,263,8,414,520,151,512
7_7_asd_00113356_jpg.rf.291c6f6b0c09688fa1bda4a58cf24e99.jpg,640,640,gun,226,359,254,438,28,79
92_jpg.rf.29adb6ea93c48d60f39a8e0596254d64.jpg,640,640,knife,305,580,357,625,52,45
DAD_1074_jpg.rf.29bd5ca18048a7b20b4f4870b2703755.jpg,640,640,gun,106,206,484,617,378,411
DefenseKnifeAttack0511_jpg.rf.28ddfd93fb18074d3ee6d71628921d21.jpg,640,640,knife,109,406,209,505,100,99
knife_68_jpg.rf.29e542fc49fcbf98000af58ba51a3035.jpg,640,640,knife,239,65,639,518,400,453
3411_jpg.rf.29d94e4e3c46a03a4b8a68667d94bec2.jpg,640,640,knife,353,80,430,391,77,311
knife_577_jpg.rf.29d361f0197582572c5f23ed21f62e8a.jpg,640,640,knife,17,89,431,454,414,365
gun_2_1_1__0006525_jpg.rf.28cecd319b68088c99266a1b66e68e7a.jpg,640,640,gun,410,320,454,359,44,39
knife_904_jpg.rf.295e555203f4a9ec3cc1e78e800085a5.jpg,640,640,knife,79,405,139,562,60,157
knife_1291_jpg.rf.29982ba9e166a7b359ae00c3bbaf89c8.jpg,640,640,knife,323,255,395,380,72,125
1011133951_221_jpg.rf.29dcf01a3b1643cd844836d3e3ec1f4f.jpg,640,640,gun,289,180,444,511,155,331
69_jpg.rf.29f7c5c3daeaebb78591b1635b89d8cd.jpg,640,640,knife,258,3,400,563,142,560
2022-04-15_47_jpg.rf.29d1001f90fa48376caa8367db62d4b9.jpg,640,640,knife,355,587,388,636,33,49
Gun_2505_jpg.rf.29fcfa96af60e1a184bda6832b61ec84.jpg,640,640,gun,74,53,544,562,470,509
KravMagaTraining547_jpg.rf.29fa80878e673d3e54850f538525aed8.jpg,640,640,knife,9,436,74,525,65,89
gun_3_3_1__0002972_jpg.rf.29f6769372ec5b32156abee406f5d450.jpg,640,640,gun,317,383,374,597,57,214
knife_88_jpg.rf.2a62f76aa7508b913a27d7b79f95ad35.jpg,640,640,knife,0,0,473,501,473,501
Okovani_soferi-Flare-2_jpg.rf.2a863c99d13712a81b63286013c65bd8.jpg,640,640,gun,272,0,437,261,165,261
6_22_3_0006092_jpg.rf.2a801a3f8e9e21178c0729429c476440.jpg,640,640,gun,296,220,337,361,41,141
batch_72_jpg.rf.2aa477e3f66b41019b285a1d7de46e8e.jpg,640,640,knife,145,265,162,284,17,19
batch_72_jpg.rf.2aa477e3f66b41019b285a1d7de46e8e.jpg,640,640,knife,418,113,464,197,46,84
batch_72_jpg.rf.2aa477e3f66b41019b285a1d7de46e8e.jpg,640,640,knife,162,366,249,543,87,177
batch_72_jpg.rf.2aa477e3f66b41019b285a1d7de46e8e.jpg,640,640,knife,379,379,476,523,97,144
batch_159_jpg.rf.2a0329353a9342e5329bdd0c69fe923e.jpg,640,640,gun,15,0,308,313,293,313
batch_159_jpg.rf.2a0329353a9342e5329bdd0c69fe923e.jpg,640,640,gun,536,125,609,258,73,133
batch_159_jpg.rf.2a0329353a9342e5329bdd0c69fe923e.jpg,640,640,gun,233,515,260,604,27,89
batch_159_jpg.rf.2a0329353a9342e5329bdd0c69fe923e.jpg,640,640,gun,465,557,482,598,17,41
5_jpg.rf.2a5c61d2e507684c413231f5c6077b14.jpg,640,640,knife,272,188,334,377,62,189
gun_3_1_1__0000924_jpg.rf.2aee70b4ca74df3e0aff7f0b7ed51d56.jpg,640,640,gun,235,339,288,500,53,161
TheBigHeat_2_jpg.rf.291c3b1ff67949bda33e6d4a86104015.jpg,640,640,gun,183,288,478,574,295,286
KravMagaTraining20102_jpg.rf.2a5bb49236380919ca19a665f046d39b.jpg,640,640,knife,145,375,225,434,80,59
batch_346_jpg.rf.2abc75aef2a7756d5f616c3afc1f2547.jpg,640,640,knife,96,85,168,275,72,190
batch_346_jpg.rf.2abc75aef2a7756d5f616c3afc1f2547.jpg,640,640,knife,439,177,542,285,103,108
batch_346_jpg.rf.2abc75aef2a7756d5f616c3afc1f2547.jpg,640,640,knife,120,429,201,507,81,78
batch_346_jpg.rf.2abc75aef2a7756d5f616c3afc1f2547.jpg,640,640,knife,325,327,537,536,212,209
NBT-HOLSTERED-2_jpg.rf.2a7161f4da708e19e9c3ed4a2fa0e672.jpg,640,640,gun,320,75,421,385,101,310
knife_806_jpg.rf.2a8e212992e8c39031531e28fa32608c.jpg,640,640,knife,87,342,133,548,46,206
11_12_2301_jpg.rf.2aaccf9f7af51763832ddd4eeea77389.jpg,640,640,gun,132,220,215,356,83,136
knife_660_jpg.rf.2a6531e80fef7f9ec2e3f9bc1086aefd.jpg,640,640,knife,112,207,588,369,476,162
270_jpg.rf.2a9a049a187223aba9d2b6a637b3cb63.jpg,640,640,knife,122,392,249,503,127,111
2022-04-21_450_jpg.rf.2aeb5996c0735302311bbdd2095ed0c4.jpg,640,640,knife,210,486,233,582,23,96
11_12_1721_jpg.rf.2ac74c723d9d2cc7a2cba513fbb62a36.jpg,640,640,gun,115,34,529,477,414,443
knife_1017_jpg.rf.2a539de900701cf7b5398e932f00f785.jpg,640,640,knife,459,247,511,483,52,236
6_22_1_0005528_jpg.rf.2a8b142fb721bf69e9a3fa736dd8ae58.jpg,640,640,gun,379,138,442,412,63,274
BlueDahlia-1911a_jpg.rf.2abd32396109d1977f4cbb6f33f63511.jpg,640,640,gun,202,460,323,585,121,125
DSC_00111_JPG_jpg.rf.2b3add827898d59b0a127ac77304ff5e.jpg,640,640,knife,346,335,371,440,25,105
49_jpg.rf.2b4bc2dfe9cbf118e4c52ffc0f06e609.jpg,640,640,knife,268,509,322,554,54,45
gun_3_3_1__0000952_jpg.rf.2afb843b9d2e499a6751c710f49f53ed.jpg,640,640,gun,244,272,298,425,54,153
DuM-00Z_jpg.rf.2b12ad45cc37bae6fd25a0c5e8b34973.jpg,640,640,gun,157,263,463,485,306,222
MT_revolver_05_jpg.rf.2b50169e1c8fe0c3d33c81976fa7f887.jpg,640,640,gun,181,72,225,200,44,128
7_7_asd_00140766_jpg.rf.2b23434c7a4d3b5461828ab140e76971.jpg,640,640,gun,183,273,481,409,298,136
DH2S-W19snub-1_jpg.rf.2b0a701ee89938f5a2b49e3bcfbfc26a.jpg,640,640,gun,351,289,394,477,43,188
batch_312_jpg.rf.2b8cd35d8cdf0eef441c0ceda8101d89.jpg,640,640,knife,10,135,133,279,123,144
batch_312_jpg.rf.2b8cd35d8cdf0eef441c0ceda8101d89.jpg,640,640,knife,546,90,580,157,34,67
batch_312_jpg.rf.2b8cd35d8cdf0eef441c0ceda8101d89.jpg,640,640,knife,133,390,163,415,30,25
batch_312_jpg.rf.2b8cd35d8cdf0eef441c0ceda8101d89.jpg,640,640,knife,463,515,501,546,38,31
IthacaM37_jpg.rf.2afa700ca03068834e23c6b21f8d17a1.jpg,640,640,gun,5,21,632,582,627,561
DefenseKnifeAttack0377_jpg.rf.2b8721ac5d8500832b92bfaed0cc889c.jpg,640,640,knife,73,469,170,543,97,74
knife_678_jpg.rf.2bc16de0cc025c562f8981363b10c84b.jpg,640,640,knife,98,149,138,292,40,143
96_jpg.rf.2b30a1a2fc2335e069682daafabd0f34.jpg,640,640,knife,206,137,357,517,151,380
gun1_6m_run_0001128_jpg.rf.2b67b883b5dd824a76ad300f01883f5d.jpg,640,640,gun,181,271,228,368,47,97
68_jpg.rf.2b1ba0b3917620dfacce673af17bd9d6.jpg,640,640,knife,294,12,389,574,95,562
DefenseKnifeAttack0567_jpg.rf.2bad8c57573b94b36cb23dff9adcfcc4.jpg,640,640,knife,214,372,421,531,207,159
knife_13_jpg.rf.2ba77fc10b906510d218dd84289f3595.jpg,640,640,knife,172,44,399,564,227,520
6_22_3_0002816_jpg.rf.2b82d5364bdac968ed158441069b004c.jpg,640,640,gun,289,114,365,178,76,64
2022-04-21_531_jpg.rf.2bf25f1eecff98d131067ba3b6970d44.jpg,640,640,knife,285,502,303,599,18,97
gun_3_1_1__0002460_jpg.rf.2bec730afade2439d38aed1da7ac33bb.jpg,640,640,gun,270,295,313,467,43,172
gun_2_1_1__0000520_jpg.rf.2c14dbf286ee40b21387e3a685dfce04.jpg,640,640,gun,124,304,167,349,43,45
batch_67_jpg.rf.2c007de7fc81a5c4d43242d008196d58.jpg,640,640,gun,30,103,122,272,92,169
batch_67_jpg.rf.2c007de7fc81a5c4d43242d008196d58.jpg,640,640,gun,335,110,416,213,81,103
batch_67_jpg.rf.2c007de7fc81a5c4d43242d008196d58.jpg,640,640,gun,32,369,262,555,230,186
batch_67_jpg.rf.2c007de7fc81a5c4d43242d008196d58.jpg,640,640,gun,443,392,524,473,81,81
gun_3_1_1__0002888_jpg.rf.2b4125c07c42142baff04bed0243fecf.jpg,640,640,gun,249,311,308,555,59,244
Pe2-thom2_jpg.rf.2c18f7b1141d59fa5debdad9d3b7fa34.jpg,640,640,gun,8,237,297,639,289,402
136441_00__00630_jpg.rf.2bc16ba3c39ffa3be3dd8ee15ba1d948.jpg,640,640,gun,175,279,252,371,77,92
sharpenKnife193_jpg.rf.2c2464eb838465cd889594305bb72a1e.jpg,640,640,knife,310,345,433,429,123,84
Placebeyondthepinesruger4_jpg.rf.2c0cab768c4a396b454e95a32cd03ebd.jpg,640,640,gun,331,200,627,589,296,389
Gun_1881_jpg.rf.2bc395261430ffebbd71226bab0c75f2.jpg,640,640,gun,315,174,377,251,62,77
Ending_2_jpg.rf.2c171fbc2bda564c254606ad202c4e77.jpg,640,640,gun,389,219,534,569,145,350
DefenseKnifeAttack1322_jpg.rf.2c2d68373d2d61d1f5e793f0fdf374ff.jpg,640,640,knife,217,36,308,113,91,77
batch_425_jpg.rf.2c40935f6d24a06e31a1b59efdd43031.jpg,640,640,gun,84,136,241,203,157,67
batch_425_jpg.rf.2c40935f6d24a06e31a1b59efdd43031.jpg,640,640,gun,401,133,563,206,162,73
batch_425_jpg.rf.2c40935f6d24a06e31a1b59efdd43031.jpg,640,640,gun,9,384,125,497,116,113
batch_425_jpg.rf.2c40935f6d24a06e31a1b59efdd43031.jpg,640,640,gun,444,421,476,547,32,126
ASAU-05_jpg.rf.2c24907e0965fe52589023558c26c8c8.jpg,640,640,gun,122,49,499,550,377,501
2022-04-15_97_jpg.rf.2c418c6ef37a93341f8768d8d890de69.jpg,640,640,knife,311,461,349,497,38,36
knife_29_jpg.rf.2bfa17a36a2f55fca55ae44e5075ba9b.jpg,640,640,knife,161,7,545,517,384,510
knife_1084_jpg.rf.2c2795aca95417cccdb99f0796ab9628.jpg,640,640,knife,166,180,243,496,77,316
BrowningBPS_jpg.rf.2c7f888324e1a21facac7f784eab6498.jpg,640,640,gun,2,0,636,626,634,626
KravMagaTraining690_jpg.rf.2c22fa4b96fa75969dd6c118afdf7b79.jpg,640,640,knife,318,260,346,384,28,124
batch_149_jpg.rf.2c96f84b818aa6b25dd532c74f6e7a6b.jpg,640,640,knife,0,0,319,319,319,319
batch_149_jpg.rf.2c96f84b818aa6b25dd532c74f6e7a6b.jpg,640,640,knife,326,130,491,319,165,189
batch_149_jpg.rf.2c96f84b818aa6b25dd532c74f6e7a6b.jpg,640,640,knife,123,424,291,632,168,208
batch_149_jpg.rf.2c96f84b818aa6b25dd532c74f6e7a6b.jpg,640,640,knife,443,425,611,632,168,207
gun_2_1_1__0014525_jpg.rf.2c3463221612ac21f48396e5ab19e8ec.jpg,640,640,gun,185,371,236,416,51,45
Gun_161_jpg.rf.2c62694204e45af579306ec0c97c305b.jpg,640,640,gun,0,0,631,615,631,615
Kavkazskiy_plennik-Shotgun-6_jpg.rf.2c3336fe36c87e46e8c35f1a84d4cdfc.jpg,640,640,gun,299,228,452,327,153,99
knife_1006_jpg.rf.2c7438f1e4b0b3982dcbfa5668142399.jpg,640,640,knife,84,523,154,639,70,116
318_jpg.rf.2c5e162e80b6192e401a7d00ab88641a.jpg,640,640,knife,333,1,430,517,97,516
6_22_2_0006316_jpg.rf.2c43636bff7906c74afe84096bce8e98.jpg,640,640,gun,116,122,154,221,38,99
Gun_816_jpg.rf.2c4ffed01056ae30f09a53a804eb2768.jpg,640,640,gun,37,108,572,548,535,440
11_12_1147_jpg.rf.2cfbe32cf34d6759513ff50483066d91.jpg,640,640,gun,0,0,628,608,628,608
knife_1210_jpg.rf.2c8823497ded52c6fcf6317904f63742.jpg,640,640,knife,218,463,311,588,93,125
DefenseKnifeAttack0030_jpg.rf.2ce8c764f98bb5329fa7caa23dec05c3.jpg,640,640,knife,326,445,408,526,82,81
1024143326_3714_jpg.rf.2cdd6e7a80d2f1467eec11470ed50685.jpg,640,640,gun,417,155,559,281,142,126
knife_57_jpg.rf.2cb6cf60bc15920de5fb67be8b8725bd.jpg,640,640,knife,233,66,607,356,374,290
gun_2_1_1__0002475_jpg.rf.2cd801e362e480fee4cde51f227d6dca.jpg,640,640,gun,228,434,269,484,41,50
102523538_1744_jpg.rf.2cce6bef4f01dafafaef1bc09aa40666.jpg,640,640,gun,143,407,209,492,66,85
knife_978_jpg.rf.2cb112917e4bc5d2c303daf9b1ca8eb7.jpg,640,640,knife,85,363,156,570,71,207
Gun_1977_jpg.rf.2d3b760ff418630d1fa08bf58cb4d1e2.jpg,640,640,gun,111,266,512,613,401,347
146_jpg.rf.2ccb880085bb88798977edeccee3fc5b.jpg,640,640,knife,196,305,447,534,251,229
BeverlyPPK2_jpg.rf.2cf9476ba959b0a15a57386a1b6c9cc0.jpg,640,640,gun,420,506,484,639,64,133
knife_20_jpg.rf.2cef206b52a276f9f132e81b02390b57.jpg,640,640,knife,189,155,511,483,322,328
KravMagaTraining20798_jpg.rf.2d3f68400f72db83cb2d87a61213e416.jpg,640,640,knife,214,471,312,545,98,74
knife_37_jpg.rf.2cf688b34d484ec41d2ba25c98be2715.jpg,640,640,knife,8,179,471,554,463,375
LB-LV-M1911-2_jpg.rf.2d172b7dd02c960ddce9b51dff5f50da.jpg,640,640,gun,146,340,279,605,133,265
knife_96_jpg.rf.2cfe518046bec62151bf2100fa7a5760.jpg,640,640,knife,0,103,489,526,489,423
DSC_00231_JPG_jpg.rf.2c6be0ad2e93f4e6ac6decb08c64ac10.jpg,640,640,knife,299,275,341,383,42,108
BuffaloB_22_jpg.rf.2cfdbda5cf0571ccd1dcacfb4bf17831.jpg,640,640,gun,254,71,334,221,80,150
knife_823_jpg.rf.2d0a6b19c42cc7284532e5a85dd5607f.jpg,640,640,knife,59,489,133,639,74,150
NG2_21_jpg.rf.2d6e2787f3db8183466e8c58bc4e1d93.jpg,640,640,gun,10,266,88,402,78,136
knife_645_jpg.rf.2d5c575d7df8fbfdeb8d04c57ebb1ac8.jpg,640,640,knife,298,158,394,500,96,342
6_22_4_0007308_jpg.rf.2d31858cbba60224b25e35977f37c5c4.jpg,640,640,gun,435,106,485,193,50,87
null_image.jpg,640,640,,,,,,0,0
Ballistic_003_jpg.rf.2d084abb6edc4f838159e14b722fcf69.jpg,640,640,gun,296,534,324,568,28,34
3000grace_uzi_jpg.rf.2d6eb36a53f155fd3bae46b86dd659cc.jpg,640,640,gun,145,151,285,424,140,273
knife_464_jpg.rf.2d603a89b02112c588c1a2269d7d6d59.jpg,640,640,knife,345,106,629,283,284,177
Gun_1832_jpg.rf.2c75ba7a1587578eb02e3af277925b40.jpg,640,640,gun,31,13,590,592,559,579
100_jpg.rf.2d0d2876e9df2138ad7e00a9a2a0e6c1.jpg,640,640,knife,110,318,319,414,209,96
HL53-TT-Add1_jpg.rf.2d7f83fc149ae906cac56fccd2d0c4ee.jpg,640,640,gun,281,289,421,525,140,236
gun_3_3_1__0002264_jpg.rf.2d4fd4662b0e9cd49a034bde0a07f058.jpg,640,640,gun,64,306,118,443,54,137
La_legion_saute_sur_Kolwezi-FRF1-4_jpg.rf.2d766b5bc6ec1ae7c11d2d6636947702.jpg,640,640,gun,118,354,398,595,280,241
La_legion_saute_sur_Kolwezi-FRF1-4_jpg.rf.2d766b5bc6ec1ae7c11d2d6636947702.jpg,640,640,gun,382,2,530,362,148,360
Tremors6beretta2_jpg.rf.2dab385acf811c7dbc0046c8ece3d889.jpg,640,640,gun,172,459,218,605,46,146
Tremors6beretta2_jpg.rf.2dab385acf811c7dbc0046c8ece3d889.jpg,640,640,gun,111,405,161,565,50,160
Tremors6beretta2_jpg.rf.2dab385acf811c7dbc0046c8ece3d889.jpg,640,640,gun,320,292,442,639,122,347
6_22_2_0004156_jpg.rf.2dae03d79b0b0dac053124816309b284.jpg,640,640,gun,8,77,47,170,39,93
RealityKnifeAttacks0170_jpg.rf.2dba369617675bf6b1bb3ceac92f5abb.jpg,640,640,knife,235,335,282,375,47,40
Matewan_Tighe_jpg.rf.2dc46273193f21638b8d4a9fc8aef666.jpg,640,640,gun,342,328,640,639,298,311
gun_3_3_1__0002896_jpg.rf.2dfbf80b135e06c626df307e096a3498.jpg,640,640,gun,315,377,366,605,51,228
knife_820_jpg.rf.2e615da0dd0539aff1011732c8cb219a.jpg,640,640,knife,86,530,171,639,85,109
166_jpg.rf.2e358a8d0855a685151c7437d8cf768c.jpg,640,640,knife,50,8,616,463,566,455
90_jpg.rf.2eab70e257f400de190abc8562e07740.jpg,640,640,knife,197,175,340,543,143,368
knife_660_jpg.rf.2d9b2cdbfecbf0bf0d5018055ec74c81.jpg,640,640,knife,112,208,588,369,476,161
KravMagaKnifeDefenseTechniques070_jpg.rf.2e22154e6bd2f1bf265fde24e10fc81a.jpg,640,640,knife,275,362,350,419,75,57
KravMagaTraining4652_jpg.rf.2e0fad25838695a280a00489fa836d4c.jpg,640,640,knife,352,204,445,259,93,55
BlackAndWhite-P7-5_jpg.rf.2db36832c1e56aca0e52719dfed75696.jpg,640,640,gun,116,145,186,513,70,368
gun_2_1_1__0003200_jpg.rf.2e70f07237ceb1b4bbd7e14c500f9923.jpg,640,640,gun,316,399,363,440,47,41
knife_887_jpg.rf.2e5dc0603ef9f96c0cca06ba060e69d6.jpg,640,640,knife,75,283,159,489,84,206
1017112843_0_jpg.rf.2e816d1e0f2c642d83f1422c3c6b07ee.jpg,640,640,gun,3,190,160,290,157,100
KravMagaKnifeDefenseTechniques185_jpg.rf.2e6637d72cea1d93f857e51da1b4c471.jpg,640,640,knife,212,177,298,278,86,101
gun1_4m_static_0001096_jpg.rf.2ecedfeed0b431fa0bb9bb939305d0db.jpg,640,640,gun,552,351,617,440,65,89
6_22_1_0001640_jpg.rf.2e1a0fcc10bbb35a5203ef83146d5e50.jpg,640,640,gun,293,44,436,208,143,164
Magnificent_pistol_1_5_jpg.rf.2e73b2bd06b0bb8b2ab5514b02ba4f41.jpg,640,640,gun,409,208,547,561,138,353
133_jpg.rf.2deb348e6c5cd9ff212b172091d1aa94.jpg,640,640,knife,319,540,353,592,34,52
6_22_1_0001120_jpg.rf.2e4fc76e58f6011ba98a13f1197550b4.jpg,640,640,gun,0,89,93,322,93,233
DSC_0009_JPG_jpg.rf.2e7c382017cffd480039fdd8f1db9f9b.jpg,640,640,knife,327,251,382,307,55,56
batch_108_jpg.rf.2d99851c91312e3eceb63ffcc0b7a717.jpg,640,640,gun,128,127,150,179,22,52
batch_108_jpg.rf.2d99851c91312e3eceb63ffcc0b7a717.jpg,640,640,gun,457,93,478,118,21,25
batch_108_jpg.rf.2d99851c91312e3eceb63ffcc0b7a717.jpg,640,640,gun,1,325,313,639,312,314
batch_108_jpg.rf.2d99851c91312e3eceb63ffcc0b7a717.jpg,640,640,gun,320,319,639,639,319,320
null_image.jpg,640,640,,,,,,0,0
BodeoModel1889TypeI_jpg.rf.2f0d5385242107d02911fc853e52313c.jpg,640,640,gun,4,13,633,636,629,623
Bandidas_4A_jpg.rf.2db8a670e0bf300c69ae241563e49cd5.jpg,640,640,gun,393,509,497,630,104,121
Fairbourne_WebleyMkVI_2_jpg.rf.2dd8654224f75d731eabdca6c609d68a.jpg,640,640,gun,200,467,410,638,210,171
batch_344_jpg.rf.2f60bb3a1fa94fc3d122c79c1f56b9aa.jpg,640,640,gun,126,202,153,250,27,48
batch_344_jpg.rf.2f60bb3a1fa94fc3d122c79c1f56b9aa.jpg,640,640,gun,439,205,473,256,34,51
batch_344_jpg.rf.2f60bb3a1fa94fc3d122c79c1f56b9aa.jpg,640,640,gun,105,543,128,603,23,60
batch_344_jpg.rf.2f60bb3a1fa94fc3d122c79c1f56b9aa.jpg,640,640,gun,426,493,447,591,21,98
2022-04-21_447_jpg.rf.2f3f747dfc296d910aa04c31c7c0608d.jpg,640,640,knife,319,497,346,546,27,49
gun_3_1_1__0000172_jpg.rf.2f65fc5aecb727be67bc91e8fcf31e75.jpg,640,640,gun,162,180,210,407,48,227
11_12_383_jpg.rf.2f023950cbb2ff579a49269f41963b70.jpg,640,640,gun,126,40,530,464,404,424
gun_3_3_1__0002740_jpg.rf.2f7f5c5be1e86d029a44d73635768c58.jpg,640,640,gun,323,341,369,586,46,245
batch_379_jpg.rf.2f38583cba1184fb209a661f45cea86c.jpg,640,640,knife,140,124,213,269,73,145
batch_379_jpg.rf.2f38583cba1184fb209a661f45cea86c.jpg,640,640,knife,438,124,547,202,109,78
batch_379_jpg.rf.2f38583cba1184fb209a661f45cea86c.jpg,640,640,knife,121,442,221,527,100,85
batch_379_jpg.rf.2f38583cba1184fb209a661f45cea86c.jpg,640,640,knife,451,439,549,534,98,95
gun_2_1_1__0002375_jpg.rf.2f034734aa08150e06ea970de012de06.jpg,640,640,gun,212,409,255,444,43,35
knife_78_jpg.rf.2f157d0f2a29689511029bd10f336d49.jpg,640,640,knife,258,217,443,639,185,422
batch_156_jpg.rf.2f70e9c7763c239690493aa794683bf5.jpg,640,640,gun,70,45,312,186,242,141
batch_156_jpg.rf.2f70e9c7763c239690493aa794683bf5.jpg,640,640,gun,400,65,445,177,45,112
batch_156_jpg.rf.2f70e9c7763c239690493aa794683bf5.jpg,640,640,gun,90,416,258,637,168,221
batch_156_jpg.rf.2f70e9c7763c239690493aa794683bf5.jpg,640,640,gun,336,475,409,587,73,112
batch_156_jpg.rf.2f70e9c7763c239690493aa794683bf5.jpg,640,640,gun,486,515,520,632,34,117
Gun_1556_jpg.rf.2f9f5fb6e164983b8c8f09056c6a1ab0.jpg,640,640,gun,4,11,628,624,624,613
1365057_02__02392_jpg.rf.2f48ab23d8113a73d5f6319feeeb5acf.jpg,640,640,gun,395,395,478,542,83,147
6_22_3_0004900_jpg.rf.2f7f5d64029f44467b5475ac6c28c146.jpg,640,640,gun,234,107,304,243,70,136
00001154_jpg.rf.2fe07c66eb8834c0f4302f89c3204c1a.jpg,640,640,gun,0,40,637,606,637,566
105_jpg.rf.2fc61d133a7891e0571e3b76f9bf0701.jpg,640,640,knife,246,405,292,519,46,114
MRhold_jpg.rf.2fa127872eab1cd9d625f37f7e6604eb.jpg,640,640,gun,287,256,326,335,39,79
null_image.jpg,640,640,,,,,,0,0
126_jpg.rf.2fe92fe0c34a38c9fed4070cbcb04176.jpg,640,640,knife,245,131,586,397,341,266
gun_2_1_1__0009610_jpg.rf.2faa54ef4ed6e856cd4becb7bd2915dc.jpg,640,640,gun,266,274,296,334,30,60
null_image.jpg,640,640,,,,,,0,0
Hijacked-00585_jpg.rf.2fe01855f70e7da47422084f709cd11c.jpg,640,640,gun,104,277,494,596,390,319
4398_jpg.rf.305a99475b429aaf8e59222fe330b8d2.jpg,640,640,knife,549,203,586,315,37,112
knife_537_jpg.rf.2f671b7e1a1a0adb3d1b28c054de664f.jpg,640,640,knife,108,165,275,574,167,409
gun_4m_static_0002392_jpg.rf.2ecdb5119625a2112883e448cf822135.jpg,640,640,gun,412,320,477,464,65,144
gun_5m_static_0000576_jpg.rf.3079d76180b934d1ab12e30090bac281.jpg,640,640,gun,228,228,286,344,58,116
KnifeDefenseKrav057_jpg.rf.3046136c62be3860e926a2598c3496dc.jpg,640,640,knife,268,32,342,106,74,74
batch_130_jpg.rf.2feac2628cc072c37a58a26d6be008d2.jpg,640,640,gun,82,63,278,286,196,223
batch_130_jpg.rf.2feac2628cc072c37a58a26d6be008d2.jpg,640,640,gun,473,16,529,303,56,287
batch_130_jpg.rf.2feac2628cc072c37a58a26d6be008d2.jpg,640,640,gun,69,446,100,494,31,48
batch_130_jpg.rf.2feac2628cc072c37a58a26d6be008d2.jpg,640,640,gun,155,445,184,496,29,51
batch_130_jpg.rf.2feac2628cc072c37a58a26d6be008d2.jpg,640,640,gun,356,362,615,614,259,252
7_7_asd_00127096_jpg.rf.2ff8b0325c856072e06d377f842be182.jpg,640,640,gun,230,281,312,457,82,176
KravMagaTraining20046_jpg.rf.2fd4c6c9d50fada9268da602517c3c4e.jpg,640,640,knife,55,513,128,616,73,103
KravMagaKnifeDefenseTechniques244_jpg.rf.2f0f6c7a756edbde13c1a4ed1824920e.jpg,640,640,knife,382,168,454,209,72,41
knife33_jpg.rf.2ffbe4748d58616598b906027570b66d.jpg,640,640,knife,231,12,415,346,184,334
2022-04-15_79_jpg.rf.3028b4f0346a255a74d3015ac147eaab.jpg,640,640,knife,305,455,336,488,31,33
knife_492_jpg.rf.300ed9731083440fbd582a338ba71e77.jpg,640,640,knife,221,324,602,545,381,221
6_22_2_0003956_jpg.rf.308f0940293ecceb2419f85f2721c849.jpg,640,640,gun,453,213,491,277,38,64
batch_124_jpg.rf.3077ab42051b691b81f130146eca6f9a.jpg,640,640,gun,41,250,85,307,44,57
batch_124_jpg.rf.3077ab42051b691b81f130146eca6f9a.jpg,640,640,gun,442,203,531,319,89,116
batch_124_jpg.rf.3077ab42051b691b81f130146eca6f9a.jpg,640,640,gun,531,21,600,187,69,166
batch_124_jpg.rf.3077ab42051b691b81f130146eca6f9a.jpg,640,640,gun,59,545,102,624,43,79
batch_124_jpg.rf.3077ab42051b691b81f130146eca6f9a.jpg,640,640,gun,506,447,617,635,111,188
11_12_805_jpg.rf.3027b1e54e3a129f56dfa2e7392baa62.jpg,640,640,gun,253,256,328,460,75,204
151_jpg.rf.304ab8fb3571cb719fbc951a5d090349.jpg,640,640,knife,269,400,322,462,53,62
2022-04-15_35_jpg.rf.30520fec75978aaa4ad2a9fb9654e7b9.jpg,640,640,knife,259,494,285,554,26,60
RusoClases339_jpg.rf.309df7c2dfd281d8013f4c9fe6116b30.jpg,640,640,knife,255,268,320,377,65,109
Medved-6_jpg.rf.2ffd4202f4d43fdd19c035cd90b6f785.jpg,640,640,gun,281,49,529,246,248,197
Kavkazskiy_plennik-GP25-4_jpg.rf.2fe2f00a117f4da353b1431427e1935b.jpg,640,640,gun,202,181,306,358,104,177
KravMagaTraining20041_jpg.rf.3088dd0c1b957dd4958388cf274627ad.jpg,640,640,knife,54,522,125,620,71,98
knife_251_jpg.rf.305ef273a57dd3f5944c26ed90d56cb1.jpg,640,640,knife,291,16,618,305,327,289
knife_168_jpg.rf.30955aed263d0c3a3c76e31d5bb24455.jpg,640,640,knife,159,92,298,620,139,528
Direct_Hit-Glock-2_jpg.rf.308088e5f1b06797c41a5b858405122f.jpg,640,640,gun,44,167,427,560,383,393
1011133951_248_jpg.rf.30d5bfe3055c09e5c59bb4ba9638d2fa.jpg,640,640,gun,218,179,482,324,264,145
gun_3_3_1__0004696_jpg.rf.30ee3ae8ea214546befa012adbdb3835.jpg,640,640,gun,317,146,363,374,46,228
6_22_1_0002476_jpg.rf.309f4194ec58ce837e86f8f684520251.jpg,640,640,gun,14,429,98,640,84,211
knife_928_jpg.rf.3181339aa400edb1a9e069da4118ea7f.jpg,640,640,knife,137,370,199,589,62,219
KravMagaKnifeDefenseTechniques254_jpg.rf.31668a994b88821fac5ad345670e2179.jpg,640,640,knife,342,170,416,218,74,48
11_12_2860_jpg.rf.30d4ecb8d42dd955b323618a478f5743.jpg,640,640,gun,153,120,515,494,362,374
knife_189_jpg.rf.308de7214391d3924c73346047ed2d70.jpg,640,640,knife,13,8,359,574,346,566
BasketBD_04_jpg.rf.315596f2089b1b15b1d205c9c715e5f2.jpg,640,640,gun,6,276,407,532,401,256
No_Way_Back-Sauer-Suppressed-1_jpg.rf.31185ed52b2c31b5fb6f55e63aae2b45.jpg,640,640,gun,10,237,249,636,239,399
null_image.jpg,640,640,,,,,,0,0
gun_3_2_1__0002104_jpg.rf.31282a12836cf63c7bd998711b4cc6d5.jpg,640,640,gun,273,233,408,569,135,336
gun1_7m_run_0000304_jpg.rf.30ecdbf84ee06fe683557428e9c77dd4.jpg,640,640,gun,57,442,82,519,25,77
TL-Beretta92FS-2_jpg.rf.316b5414074d70cbaa911b4ad8b0b6bf.jpg,640,640,gun,210,433,346,638,136,205
69_jpg.rf.319126b38c37932f95163bafed0a7e06.jpg,640,640,knife,218,368,240,452,22,84
batch_46_jpg.rf.316f78efebec6b6ff2d143c11418a1dc.jpg,640,640,gun,142,121,171,171,29,50
batch_46_jpg.rf.316f78efebec6b6ff2d143c11418a1dc.jpg,640,640,gun,596,213,633,274,37,61
batch_46_jpg.rf.316f78efebec6b6ff2d143c11418a1dc.jpg,640,640,gun,157,383,250,558,93,175
batch_46_jpg.rf.316f78efebec6b6ff2d143c11418a1dc.jpg,640,640,gun,411,337,444,426,33,89
batch_376_jpg.rf.314c25c3b3e78b4fb5359a6268c2d881.jpg,640,640,knife,85,159,127,215,42,56
batch_376_jpg.rf.314c25c3b3e78b4fb5359a6268c2d881.jpg,640,640,knife,532,77,584,217,52,140
batch_376_jpg.rf.314c25c3b3e78b4fb5359a6268c2d881.jpg,640,640,knife,498,93,524,194,26,101
batch_376_jpg.rf.314c25c3b3e78b4fb5359a6268c2d881.jpg,640,640,knife,465,73,494,189,29,116
batch_376_jpg.rf.314c25c3b3e78b4fb5359a6268c2d881.jpg,640,640,knife,83,421,115,495,32,74
batch_376_jpg.rf.314c25c3b3e78b4fb5359a6268c2d881.jpg,640,640,knife,466,431,494,516,28,85
KravMagaKnifeDefenseTechniques757_jpg.rf.317da3750891595f98466a4f1665518a.jpg,640,640,knife,225,432,317,513,92,81
Gun_569_jpg.rf.31a552cb282a6999eb973fe184914235.jpg,640,640,gun,293,359,510,568,217,209
knife_83_jpg.rf.315ff2b266b7ce30d276654bdbbec0ce.jpg,640,640,knife,68,109,428,403,360,294
knife14_jpg.rf.3180bf53a2013c265caf12c25ba2949c.jpg,640,640,knife,4,202,633,557,629,355
DefenseKnifeAttack1113_jpg.rf.316d96360428298c5e45fa418c6ff407.jpg,640,640,knife,250,347,294,425,44,78
gun_6m_static_0001952_jpg.rf.3189831fe08bb798d32ab4fd122a7379.jpg,640,640,gun,219,201,275,282,56,81
2022-04-15_134_jpg.rf.31923f88bd839ffd05e423ce26b56afc.jpg,640,640,knife,352,529,397,571,45,42
87_jpg.rf.31b5f2a5a8f06f70674398aa4a0a5cb9.jpg,640,640,knife,312,580,363,632,51,52
KravMagaTraining20583_jpg.rf.312c9be660fbde7d626133962886b875.jpg,640,640,knife,211,466,289,512,78,46
Holmes_-_Watson-Revolvers-B_jpg.rf.31b87176aae790bc8b9f334df4b5b11f.jpg,640,640,gun,109,314,194,457,85,143
Holmes_-_Watson-Revolvers-B_jpg.rf.31b87176aae790bc8b9f334df4b5b11f.jpg,640,640,gun,218,43,286,115,68,72
Desp_13_jpg.rf.31bcced3fd453e23e4ab2d89d61fa14a.jpg,640,640,gun,180,276,258,464,78,188
knife_1327_jpg.rf.31d9916ed785e1904b9eee1c9ef9d69d.jpg,640,640,knife,406,285,440,440,34,155
knife_118_jpg.rf.31d35903a05c570f4ac318b3402d3231.jpg,640,640,knife,76,240,513,365,437,125
34_jpg.rf.31ce0ac090772d365250f95396379a56.jpg,640,640,knife,252,446,283,522,31,76
knife_1167_jpg.rf.30ba3823cf07dc9b2dc3ee160ca9fd7e.jpg,640,640,knife,371,415,411,563,40,148
BB_S-W3_jpg.rf.31c8a161cdd010da312357d609f65821.jpg,640,640,gun,143,189,360,451,217,262
DSC_00281_JPG_jpg.rf.31db7a2837e4f98f05fb1b0ea5715bed.jpg,640,640,knife,291,321,368,346,77,25
knife_50_jpg.rf.31ec79ecfc85bc979dcbd232924f30a1.jpg,640,640,knife,22,40,420,452,398,412
knife_249_jpg.rf.31dc59ac9112b47af72b75753395c2b3.jpg,640,640,knife,251,91,335,640,84,549
Below08_jpg.rf.323a2d6dd6a08ed0be2eabf8212f69f6.jpg,640,640,gun,308,393,416,602,108,209
6_22_2_0003600_jpg.rf.321f07c43b93f49189ae1e41f72001b3.jpg,640,640,gun,302,168,359,240,57,72
knife_66_jpg.rf.324e576966124d98749aa567425d6a0e.jpg,640,640,knife,262,200,605,358,343,158
111_jpg.rf.31dd87267748a6c20bb3b06c96b6ef22.jpg,640,640,knife,311,332,340,423,29,91
KravMagaTraining595_jpg.rf.322bc5632ade1dcbd7e02ad8621d0ac8.jpg,640,640,knife,254,176,340,264,86,88
2022-04-21_493_jpg.rf.32ccb757deaee9781622e33084344683.jpg,640,640,knife,294,499,314,568,20,69
batch_440_jpg.rf.3234208be919a9444acd650c4508ed4b.jpg,640,640,gun,237,119,264,155,27,36
batch_440_jpg.rf.3234208be919a9444acd650c4508ed4b.jpg,640,640,gun,555,117,583,148,28,31
batch_440_jpg.rf.3234208be919a9444acd650c4508ed4b.jpg,640,640,gun,232,432,262,465,30,33
batch_440_jpg.rf.3234208be919a9444acd650c4508ed4b.jpg,640,640,gun,471,399,496,428,25,29
199_jpg.rf.32834e4e2179399d9b3b77fa55bfece6.jpg,640,640,knife,306,486,332,599,26,113
HOM_Zelenko_StarB_jpg.rf.3290c3335abd1807210e860f8cf7a934.jpg,640,640,gun,386,388,446,482,60,94
4413_jpg.rf.3244a6c575a57ad2937da201d8e60a50.jpg,640,640,knife,495,117,531,258,36,141
KravMagaTraining20348_jpg.rf.320f6834a86e62800658b6a91d308c8c.jpg,640,640,knife,446,285,532,339,86,54
Lena_Olin-KLKp_jpg.rf.329f3f80ad696b3669d50fb85150640d.jpg,640,640,gun,204,294,388,545,184,251
Beshenoe_zoloto-Frommer-Stop-7_jpg.rf.329106c51f5027ccf67d68bda82f2f8d.jpg,640,640,gun,108,440,235,638,127,198
KravMagaTraining4610_jpg.rf.3304b250b14df48314175209a4bea56f.jpg,640,640,knife,0,352,102,460,102,108
image189_jpg.rf.32ebd7b6c0c573889c99fae06f2f93f4.jpg,640,640,gun,106,234,608,542,502,308
255_jpg.rf.3278699deaecb583ff922c14593688a0.jpg,640,640,knife,348,57,423,466,75,409
RoadEnds-018_jpg.rf.32cb290a6af2a60fbb5fe1b716ab085a.jpg,640,640,gun,66,196,166,290,100,94
7_7_asd_00133514_jpg.rf.32d040b597ec5b4d1e0f15248d51309e.jpg,640,640,gun,291,279,358,366,67,87
Kingsolomonsminespistol87_jpg.rf.329499e22cdf0d2b9e9848c2ed41f6de.jpg,640,640,gun,130,297,294,600,164,303
PitchSPASWAall1_jpg.rf.328c20c8d2494b4af0828390b2f7c994.jpg,640,640,gun,17,11,288,310,271,299
DefenseKnifeAttack0103_jpg.rf.32f1d46ebc184b47fbd6fef4c2f17c44.jpg,640,640,knife,320,348,366,393,46,45
knife_758_jpg.rf.32de21c84e62eb991e1fdaa4915a0fa8.jpg,640,640,knife,281,215,393,456,112,241
knife_1201_jpg.rf.328043ce857d796c9fecb745316f54c9.jpg,640,640,knife,217,509,312,622,95,113
Detonic_pocket_9_right_side_jpg.rf.32eea97bb630b8598d8a842116fd0cf6.jpg,640,640,gun,12,0,625,638,613,638
7_Seconds_2005_ASALT_-1-_jpg.rf.32de3c96b9b13d93e3096e996e1a2472.jpg,640,640,gun,108,188,154,351,46,163
64_jpg.rf.32b8097147db791872a8547ef0ee7887.jpg,640,640,knife,320,602,383,639,63,37
Natls-b92g_jpg.rf.330aa6bc186ead7b34b5734b9c4dabf9.jpg,640,640,gun,177,252,270,425,93,173
1649338707-166675_jpg.rf.32fb6be749a49a50fb6cf1010dff3e91.jpg,640,640,knife,255,178,440,520,185,342
DefenseAndSurvive07_jpg.rf.32ca42e6a3671322c469c69509865878.jpg,640,640,knife,211,339,280,585,69,246
KravMagaTraining749_jpg.rf.332563bef508459041cb2438e507c6c4.jpg,640,640,knife,436,148,513,269,77,121
2022-04-15_22_jpg.rf.32a6d8b766036b65aa1d5664dd5b6e26.jpg,640,640,knife,235,502,277,540,42,38
1024673_446_jpg.rf.3335c5b23362e9292ed2f9c32f60638d.jpg,640,640,gun,193,462,355,600,162,138
1011133951_321_jpg.rf.3355f00c7fcc10566b57b2f8812a4f40.jpg,640,640,gun,119,190,513,626,394,436
RTWM2009_jpg.rf.334dbcfc7d56ae205aed5afdc0336ff7.jpg,640,640,gun,281,135,368,276,87,141
RTWM2009_jpg.rf.334dbcfc7d56ae205aed5afdc0336ff7.jpg,640,640,gun,36,262,164,509,128,247
gun_5m_run_0001528_jpg.rf.330ecc0f17ef83029ad82db2e11364f5.jpg,640,640,gun,339,196,409,302,70,106
POTC_22_jpg.rf.3363eac91873870dc4f46cf4cedf26c9.jpg,640,640,gun,356,489,447,606,91,117
knife_6_jpg.rf.338b36b994c758858da52e59567c97e1.jpg,640,640,knife,159,207,639,440,480,233
batch_135_jpg.rf.333331e2c5602f2df10ac1ccb512254c.jpg,640,640,knife,121,57,227,199,106,142
batch_135_jpg.rf.333331e2c5602f2df10ac1ccb512254c.jpg,640,640,knife,445,44,538,193,93,149
batch_135_jpg.rf.333331e2c5602f2df10ac1ccb512254c.jpg,640,640,knife,155,358,215,522,60,164
batch_135_jpg.rf.333331e2c5602f2df10ac1ccb512254c.jpg,640,640,knife,447,396,494,639,47,243
KravMagaTraining20812_jpg.rf.3369be13bdedad37284569217abd2730.jpg,640,640,knife,215,482,294,560,79,78
1011133951_45_jpg.rf.337d222a26c5d0a904a65b1a796356f1.jpg,640,640,gun,97,194,236,400,139,206
batch_176_jpg.rf.3374b49323b5f30af4b68bf1686c7f0f.jpg,640,640,knife,156,34,206,131,50,97
batch_176_jpg.rf.3374b49323b5f30af4b68bf1686c7f0f.jpg,640,640,knife,526,151,559,218,33,67
batch_176_jpg.rf.3374b49323b5f30af4b68bf1686c7f0f.jpg,640,640,knife,152,430,176,511,24,81
batch_176_jpg.rf.3374b49323b5f30af4b68bf1686c7f0f.jpg,640,640,knife,494,402,546,439,52,37
6_22_2_0001636_jpg.rf.337c398e1f9684d2f4ca02012834da8d.jpg,640,640,gun,250,321,274,407,24,86
9_jpg.rf.3381b3d2bb6bc292fcbd318c34f1e3fe.jpg,640,640,knife,225,225,348,372,123,147
12_jpg.rf.337f9218012be560e91082ed2e75af91.jpg,640,640,knife,297,485,355,569,58,84
knife_877_jpg.rf.3376cf8e6ebbe44682953daeb7438a03.jpg,640,640,knife,105,296,179,494,74,198
knife_341_jpg.rf.33910ba6eed5c269e1f5182801c7de37.jpg,640,640,knife,8,9,335,365,327,356
226_jpg.rf.338d667429db1338696541d2599abc5f.jpg,640,640,knife,323,129,394,482,71,353
FallingD_74_jpg.rf.33e316c226cf0e01c341f9163d1da2a2.jpg,640,640,gun,35,88,147,463,112,375
2022-04-21_425_jpg.rf.33b08f6a97e262fc77f7f0144b4718cb.jpg,640,640,knife,272,371,320,455,48,84
knife_504_jpg.rf.34074c281daf2ad4f89058cf9d6abf28.jpg,640,640,knife,116,120,370,512,254,392
sharpenKnife006_jpg.rf.33d93d567bec407a19cad1db1b5e20f7.jpg,640,640,knife,348,502,525,599,177,97
KravMagaTraining21322_jpg.rf.3407fc7637757e0cb3f2b18205f0312c.jpg,640,640,knife,174,475,342,614,168,139
6_22_4_0005676_jpg.rf.3352d7480e3dccd191cbe101e49ee250.jpg,640,640,gun,347,227,394,311,47,84
6_22_1_0003592_jpg.rf.3450c08426fd53ac0e10be534c39b312.jpg,640,640,gun,341,279,420,551,79,272
2022-04-15_39_jpg.rf.340e3f9eadbc818fd72b703b5368df7c.jpg,640,640,knife,340,443,371,522,31,79
6_22_4_0002552_jpg.rf.34165b608c64dda730dc3345787b89bb.jpg,640,640,gun,155,270,201,380,46,110
knife_907_jpg.rf.345ff02a800020b83df3845c0265f8a6.jpg,640,640,knife,157,365,219,535,62,170
DSC_0036_JPG_jpg.rf.33d58f34a1946542e9423808d4bc4f94.jpg,640,640,knife,191,413,252,485,61,72
knife_459_jpg.rf.33e4db5d1667d63cf518e5ae507a4124.jpg,640,640,knife,53,289,362,609,309,320
KravMagaTraining20595_jpg.rf.340a54c6a38a2496c7ffe2e78e2976a7.jpg,640,640,knife,203,471,280,512,77,41
KravMagaTraining244_jpg.rf.33fc978820eb7a5f010c9a0c58aa86f7.jpg,640,640,knife,128,194,169,332,41,138
666TaurusPT92AFSFire_jpg.rf.3479163a32adb952e99b24d23108ca07.jpg,640,640,gun,311,87,397,245,86,158
KravMagaTraining20823_jpg.rf.35068aa8dd15397198b0adcbf270a277.jpg,640,640,knife,102,417,171,488,69,71
39_jpg.rf.34ec983a338f2cd067001c3208491cf0.jpg,640,640,knife,180,494,409,638,229,144
Gun_2939_jpg.rf.33eb3004b4246af7603c9def9783199c.jpg,640,640,gun,93,50,567,385,474,335
6_22_3_0001496_jpg.rf.3486348ffe7b9ddbfb092c4b57263c14.jpg,640,640,gun,226,223,330,367,104,144
knife_750_jpg.rf.34cedd74da5ee2853bdc4e3a31e3e845.jpg,640,640,knife,355,145,427,513,72,368
198_jpg.rf.3427cdfa67a8a39dafbcafb43b868d72.jpg,640,640,knife,239,117,456,318,217,201
knife_1241_jpg.rf.33d21530a0e63e07d4159424efaf8c12.jpg,640,640,knife,91,468,232,543,141,75
102313653_7728_jpg.rf.34bc6280a11761d6a70bdbed79f8b1c9.jpg,640,640,gun,342,232,366,273,24,41
batch_76_jpg.rf.3508588bfc2e55237928c1fe035b22ca.jpg,640,640,knife,162,18,244,186,82,168
batch_76_jpg.rf.3508588bfc2e55237928c1fe035b22ca.jpg,640,640,knife,407,55,563,310,156,255
batch_76_jpg.rf.3508588bfc2e55237928c1fe035b22ca.jpg,640,640,knife,137,381,300,589,163,208
batch_76_jpg.rf.3508588bfc2e55237928c1fe035b22ca.jpg,640,640,knife,407,371,477,510,70,139
MI6_08_jpg.rf.34dc708d3a6548c6c4b16e4c10ba1501.jpg,640,640,gun,246,395,550,617,304,222
gun_3_3_1__0002588_jpg.rf.34940c1561a89f6663c161ae28848000.jpg,640,640,gun,54,357,129,571,75,214
KravMagaKnifeDefenseTechniques082_jpg.rf.34fccff56423311ee82bb102fecc5bfe.jpg,640,640,knife,271,352,347,413,76,61
knife_234_jpg.rf.349242b3b7bcbbcaf24b625990142c73.jpg,640,640,knife,27,54,407,406,380,352
PINEAPPLE_EXP-49_jpg.rf.34783cf6aae2e5112f39fca69f42a767.jpg,640,640,gun,196,276,373,638,177,362
Bernardelli_Model_69_jpg.rf.351ffa32f5722147d321ee5ed785d8f3.jpg,640,640,gun,19,12,618,617,599,605
193_jpg.rf.3495d0aa8198ab3290371eac39948607.jpg,640,640,knife,111,229,568,363,457,134
knife_1047_jpg.rf.35090a4c92947827bfd26b9cf0e04f8e.jpg,640,640,knife,55,38,223,520,168,482
20_jpg.rf.354fe369d96f73ec69a18379b4c91114.jpg,640,640,knife,289,36,428,616,139,580
6_22_4_0008272_jpg.rf.3519e83ecac03355967252fcd341bf0d.jpg,640,640,gun,272,249,329,322,57,73
297_jpg.rf.35844a82b627475cfacdbeaec8cb5638.jpg,640,640,knife,202,234,431,408,229,174
null_image.jpg,640,640,,,,,,0,0
HoaM-WebleyRIC-6_jpg.rf.35313c494dc3a51192bbef982992f2a0.jpg,640,640,gun,251,302,359,448,108,146
gun_2_1_1__0015030_jpg.rf.3518af2cfa0a4b923ac2f19df404828e.jpg,640,640,gun,173,369,226,416,53,47
null_image.jpg,640,640,,,,,,0,0
knife_302_jpg.rf.35d618e01d2673d11c0a8aa9e112dc0d.jpg,640,640,knife,323,307,584,594,261,287
17_jpg.rf.3542ddab427e0f63747a717c552af88d.jpg,640,640,knife,142,159,243,536,101,377
gun_3_3_1__0004724_jpg.rf.358582a612aa2a9771b639a63f45bf4c.jpg,640,640,gun,314,173,372,378,58,205
45_jpg.rf.35831a4f1624e5336ce43662ef218a32.jpg,640,640,knife,292,331,337,512,45,181
Carl_14_jpg.rf.353cec9a46ccc091769aae5d6b224b0c.jpg,640,640,gun,163,165,231,397,68,232
knife_459_jpg.rf.351deb8501f125ec133ff776dbb2aa88.jpg,640,640,knife,52,289,361,609,309,320
knife_778_jpg.rf.35a5146fc58ad40c7e9f4209537d7ebe.jpg,640,640,knife,376,143,439,374,63,231
OngBak_-_M1911_1_jpg.rf.35e3bafa0797a30118ac51ddd8f5991f.jpg,640,640,gun,202,305,401,482,199,177
knife_992_jpg.rf.3591586b6aa9d2f0dc558550e715bf32.jpg,640,640,knife,101,508,173,639,72,131
KravMagaKnifeDefenseTechniques024_jpg.rf.35408522c4160c26aee359bd8f355284.jpg,640,640,knife,185,548,246,625,61,77
2022-04-21_432_jpg.rf.35eead6aa17f3a980c02a8fda34af473.jpg,640,640,knife,308,421,346,494,38,73
DefenseKnifeAttack1190_jpg.rf.3563131c00e2788a4f2436605a1f345b.jpg,640,640,knife,285,446,337,488,52,42
MadsenGun1_jpg.rf.35e655ab28f0a5b84d5b6ae1ded9a8f9.jpg,640,640,gun,27,5,616,615,589,610
KillerElite-92FS_2_jpg.rf.35ff94a0d539c0688d3e6b96f737b266.jpg,640,640,gun,335,393,454,640,119,247
DSC_0024_JPG_jpg.rf.34e93829531e6589eda93d06f2acbd6e.jpg,640,640,knife,323,289,359,348,36,59
knife_355_jpg.rf.358b18c51a5922ae0ec64862ae6cf281.jpg,640,640,knife,61,107,371,407,310,300
6_22_1_0001356_jpg.rf.3621c5bc1f549f76a693e7b5e6309b65.jpg,640,640,gun,432,155,599,345,167,190
knife_1022_jpg.rf.353a5c04672c5906afe2dfbf09adb36b.jpg,640,640,knife,272,243,356,341,84,98
WinchesterModel1894_jpg.rf.3609b25689bf89e77b3375379e437ffa.jpg,640,640,gun,1,27,634,617,633,590
6_22_3_0006152_jpg.rf.356256a21d8cc346a2ba64f37a36f890.jpg,640,640,gun,351,178,390,309,39,131
2022-04-15_16_jpg.rf.35fd22de17d9131f73873aba44cb3b5b.jpg,640,640,knife,246,492,266,560,20,68
gun_2_1_1__0002545_jpg.rf.35c2f26c6aebf868eff1390c2a558e6c.jpg,640,640,gun,287,448,341,497,54,49
knife_366_jpg.rf.3651c679531af4055b1363cf02549dd4.jpg,640,640,knife,319,247,595,636,276,389
knife_319_jpg.rf.35f3c4952acee911cefd61f17f46a271.jpg,640,640,knife,13,323,289,633,276,310
KravMagaTraining21074_jpg.rf.368f456197092b31cbd713fb4f1ace7f.jpg,640,640,knife,209,400,311,485,102,85
batch_238_jpg.rf.362bb8285fc9d64cdc47cf83a532ced7.jpg,640,640,gun,0,194,311,296,311,102
batch_238_jpg.rf.362bb8285fc9d64cdc47cf83a532ced7.jpg,640,640,gun,401,68,541,302,140,234
batch_238_jpg.rf.362bb8285fc9d64cdc47cf83a532ced7.jpg,640,640,gun,165,335,309,571,144,236
batch_238_jpg.rf.362bb8285fc9d64cdc47cf83a532ced7.jpg,640,640,gun,1,454,215,635,214,181
batch_238_jpg.rf.362bb8285fc9d64cdc47cf83a532ced7.jpg,640,640,gun,338,319,636,619,298,300
102423280_12320_jpg.rf.36acfb38970c670322dd96a86d3feb95.jpg,640,640,gun,320,19,522,393,202,374
219_jpg.rf.363d0efcd4f4cbbf81aaeacd92603ae6.jpg,640,640,knife,257,145,428,309,171,164
65_jpg.rf.3602a4aabb210643c3572f5e3f7a3477.jpg,640,640,knife,255,37,300,205,45,168
102311520_2586_jpg.rf.36c01b1356868ccc3952d71f3202ee45.jpg,640,640,gun,163,63,219,141,56,78
Pbf-tommy4_jpg.rf.366fdc6f2b97b0ff243383a1062139fd.jpg,640,640,gun,116,388,349,525,233,137
Pbf-tommy4_jpg.rf.366fdc6f2b97b0ff243383a1062139fd.jpg,640,640,gun,420,233,466,345,46,112
101714813_510_jpg.rf.369fa0cc84a5b0189ca537f838a11cc3.jpg,640,640,gun,452,209,578,355,126,146
200_jpg.rf.3673e4229e24ac1c58e6a66ee24d1a52.jpg,640,640,knife,343,14,419,358,76,344
KravMagaKnifeDefenseTechniques134_jpg.rf.3692c8e8c0d3bf69b9c729bb5ade42ae.jpg,640,640,knife,235,341,309,398,74,57
knife_1199_jpg.rf.3660988ef053cebf6f145ba28fc9f180.jpg,640,640,knife,188,268,298,370,110,102
TRK-Deagle-6_jpg.rf.36a0d2c35e14adc6e04c15ccebce7c37.jpg,640,640,gun,453,126,570,602,117,476
gun_3_3_1__0004888_jpg.rf.36e6ac9bc5e8aca6cbfec2da8dd1afb4.jpg,640,640,gun,214,174,287,344,73,170
gun_2_1_1__0008175_jpg.rf.3660c6698febb116da347a3caf5c27e6.jpg,640,640,gun,121,323,157,356,36,33
2022-04-21_436_jpg.rf.36b958f55d7660e30e15642064085858.jpg,640,640,knife,315,400,354,449,39,49
05_14_0000402_jpg.rf.36d49a9dffd1b800acf1f5756a9dee04.jpg,640,640,gun,296,313,429,535,133,222
KravMagaKnifeDefenseTechniques054_jpg.rf.36e3e0f18cb08fbd7a0787fe5f02b4df.jpg,640,640,knife,281,343,354,405,73,62
knife_1012_jpg.rf.363f47c7bd09e7a91dad920d7288bdb0.jpg,640,640,knife,160,280,193,409,33,129
58_jpg.rf.3691236cffe07db117660cd20e2d3b22.jpg,640,640,knife,319,419,388,505,69,86
KravMagaTraining331_jpg.rf.36445d4c658217a31984aac1a3cca312.jpg,640,640,knife,276,10,344,77,68,67
knife_1297_jpg.rf.36b76001a737b414907c9dfde3b6dacd.jpg,640,640,knife,191,379,255,493,64,114
136582_05__00995_jpg.rf.36a2fc2e8098b8747c221535d6aec9ca.jpg,640,640,gun,353,120,392,228,39,108
102510010_406_jpg.rf.36d392688b2b5856b835a896490e91c5.jpg,640,640,gun,224,27,401,576,177,549
On_a_moonlit_night_suicide_pistol_jpg.rf.36efa7e587cac3776c144f7afbeb7915.jpg,640,640,gun,25,279,268,532,243,253
batch_291_jpg.rf.64477b10402db7a9b9b7696885119256.jpg,640,640,knife,155,239,174,296,19,57
batch_291_jpg.rf.64477b10402db7a9b9b7696885119256.jpg,640,640,knife,472,240,502,268,30,28
batch_291_jpg.rf.64477b10402db7a9b9b7696885119256.jpg,640,640,knife,113,540,127,572,14,32
batch_291_jpg.rf.64477b10402db7a9b9b7696885119256.jpg,640,640,knife,441,429,535,580,94,151
knife_1054_jpg.rf.645f80042a78a504306574761277ef6d.jpg,640,640,knife,292,306,474,500,182,194
10239323_63_jpg.rf.647229e2f73ef78ab5538abf6b94e63d.jpg,640,640,gun,347,179,358,234,11,55
Beaumont-Adams_Percussion_jpg.rf.647a8b42b8a8a891e0bce10cb8d643aa.jpg,640,640,gun,39,44,541,526,502,482
POTARifle_jpg.rf.647b5e0198f60e282b5308177254f374.jpg,640,640,gun,7,25,625,607,618,582
D_Olbrychski-W-P38_jpg.rf.648f20c44971a09df2e0509ac980e8f3.jpg,640,640,gun,157,178,247,293,90,115
knife_936_jpg.rf.648f2e892aeeaabe53adfb3d95cd8a98.jpg,640,640,knife,60,503,140,640,80,137
batch_89_jpg.rf.6493cf71ef66ee0fd0895e26a3e06ced.jpg,640,640,gun,137,2,157,50,20,48
batch_89_jpg.rf.6493cf71ef66ee0fd0895e26a3e06ced.jpg,640,640,gun,458,190,483,230,25,40
batch_89_jpg.rf.6493cf71ef66ee0fd0895e26a3e06ced.jpg,640,640,gun,132,523,149,570,17,47
batch_89_jpg.rf.6493cf71ef66ee0fd0895e26a3e06ced.jpg,640,640,gun,451,526,467,572,16,46
gun_3_1_1__0001600_jpg.rf.64989ba96a78c0b0457e88f76ce3d04b.jpg,640,640,gun,274,192,313,415,39,223
DefenseKnifeAttack0142_jpg.rf.649ec3a2b7947d46b4257d94cdc74c3c.jpg,640,640,knife,62,456,159,517,97,61
null_image.jpg,640,640,,,,,,0,0
KravMagaTraining751_jpg.rf.64b925e9fe85bb0f4a372d65b80e8d65.jpg,640,640,knife,469,239,506,413,37,174
knife_834_jpg.rf.64ce31bfe443c2ebb12e9a1f25242f43.jpg,640,640,knife,129,418,245,520,116,102
JW3_243_jpg.rf.64ce99df1607f1b2e43c0836e348748b.jpg,640,640,gun,375,124,586,394,211,270
Keeper-Uzi-2_jpg.rf.65077b32297820b51787f07a8e4ec482.jpg,640,640,gun,149,330,344,614,195,284
knife_1196_jpg.rf.64d419c61f9457eb3f20dafe353df507.jpg,640,640,knife,326,261,398,415,72,154
DSC_00201_JPG_jpg.rf.64dc9689be0aad039e3ce9a1a0826493.jpg,640,640,knife,299,255,322,375,23,120
knife_633_jpg.rf.64cf464cfaaa039c7c73ed68ac18add0.jpg,640,640,knife,100,229,158,557,58,328
knife_633_jpg.rf.64cf464cfaaa039c7c73ed68ac18add0.jpg,640,640,knife,177,77,312,638,135,561
Novye_prikluchenya_Neulovimykh-Nagant-8_jpg.rf.64dfe847d86c82745fd151157d0b7b94.jpg,640,640,gun,100,333,180,573,80,240
HatT-Revolver1-3_jpg.rf.64e508cf9cf6a23337d7887a58c9b5c6.jpg,640,640,gun,206,539,292,639,86,100
H-KSL8Tactical_jpg.rf.65101c17959169f3f7c74df587491653.jpg,640,640,gun,0,14,637,637,637,623
10246943_627_jpg.rf.64d0cac289ad8744e78cda2719d79992.jpg,640,640,gun,76,410,194,599,118,189
gun_4m_static_0002168_jpg.rf.64e91e970f3d1e256ed5e3d83753ae95.jpg,640,640,gun,403,322,484,417,81,95
23_jpg.rf.654cdf12359f85f6c082a8f8374d52e8.jpg,640,640,knife,225,292,369,571,144,279
batch_357_jpg.rf.651daba913218b6edb5cb74390610bc3.jpg,640,640,gun,103,57,180,146,77,89
batch_357_jpg.rf.651daba913218b6edb5cb74390610bc3.jpg,640,640,gun,440,51,523,152,83,101
batch_357_jpg.rf.651daba913218b6edb5cb74390610bc3.jpg,640,640,gun,147,377,212,423,65,46
batch_357_jpg.rf.651daba913218b6edb5cb74390610bc3.jpg,640,640,gun,473,482,535,596,62,114
1000mabuse-dreyse01_jpg.rf.65819b48fd4fc755cab007394278df91.jpg,640,640,gun,301,254,482,418,181,164
Mannaja-SAA-2_jpg.rf.656b640e2a95a08f16da10faec8bae05.jpg,640,640,gun,350,364,399,528,49,164
Mannaja-SAA-2_jpg.rf.656b640e2a95a08f16da10faec8bae05.jpg,640,640,gun,148,38,260,421,112,383
knife48_jpg.rf.65a97d0dffb2e37d82f016e711139891.jpg,640,640,knife,159,266,570,640,411,374
knife_614_jpg.rf.656898d6e10fd0afa3fb531770037fcb.jpg,640,640,knife,318,231,471,356,153,125
6_22_2_0006272_jpg.rf.655c3ea709799b267883db7f4cc05149.jpg,640,640,gun,304,153,347,240,43,87
ItLoDIIIFotD_revolver_4_4_jpg.rf.659dd32b1afd9819a84e3828e2039777.jpg,640,640,gun,301,441,484,596,183,155
knife_1230_jpg.rf.65909ed564208560e50c42d82f241f0f.jpg,640,640,knife,463,133,499,276,36,143
batch_2_jpg.rf.657aced69e4227af5d91bc669828aec7.jpg,640,640,knife,23,80,174,224,151,144
batch_2_jpg.rf.657aced69e4227af5d91bc669828aec7.jpg,640,640,knife,420,158,478,290,58,132
batch_2_jpg.rf.657aced69e4227af5d91bc669828aec7.jpg,640,640,knife,141,519,196,562,55,43
batch_2_jpg.rf.657aced69e4227af5d91bc669828aec7.jpg,640,640,knife,546,448,571,544,25,96
knife_1338_jpg.rf.65b4478e0f4e9eb129ca73506e81923d.jpg,640,640,knife,280,343,349,437,69,94
Ak_54_jpg.rf.6561bde41bb40e8b2e1c9af2acaa779c.jpg,640,640,gun,8,25,635,621,627,596
Bullet-Vanishes-Webley7_jpg.rf.65af9f70166b83fd26ee14f396642af5.jpg,640,640,gun,103,54,217,432,114,378
126_jpg.rf.6596ff047c92f74b23d245d52aeacd98.jpg,640,640,knife,320,531,357,595,37,64
KravMagaTraining725_jpg.rf.65b0e4081a4f65ad1e78223d276d7edb.jpg,640,640,knife,159,438,230,497,71,59
knife_1181_jpg.rf.6560256b60b82b5b110192e79f491450.jpg,640,640,knife,315,69,414,263,99,194
Outside_Man-SW27-2_jpg.rf.65d6ff6ad7b45daee82dd60906b4f5e7.jpg,640,640,gun,286,261,362,390,76,129
6_22_2_0004064_jpg.rf.65dc1095747645cca76214e0ecc28c14.jpg,640,640,gun,147,83,180,172,33,89
82_jpg.rf.65eb704c2d5818058b0139ed01633505.jpg,640,640,knife,192,217,468,494,276,277
Gun_319_jpg.rf.65eece098d4e0d5a14cc39c1424f1e5c.jpg,640,640,gun,61,43,305,302,244,259
144_jpg.rf.65f4704aad16de52feee2f7e6e00a52b.jpg,640,640,knife,312,526,354,589,42,63
11_12_2499_jpg.rf.660631fba20cd70727bb9f664e9a4d13.jpg,640,640,gun,198,83,513,586,315,503
6_22_4_0009092_jpg.rf.65e94728847529ddc287ef4313a92fdc.jpg,640,640,gun,282,169,310,317,28,148
1649338713-1658378_jpg.rf.6655f42b2ccddfb3582676cd7190e491.jpg,640,640,knife,233,306,462,411,229,105
1649338709-1664653_jpg.rf.6654394432d3c9b2736088797444d478.jpg,640,640,knife,240,134,383,335,143,201
null_image.jpg,640,640,,,,,,0,0
batch_94_jpg.rf.663726dfae52d65721ff21ac32c321b2.jpg,640,640,knife,6,139,171,310,165,171
batch_94_jpg.rf.663726dfae52d65721ff21ac32c321b2.jpg,640,640,knife,459,132,626,302,167,170
batch_94_jpg.rf.663726dfae52d65721ff21ac32c321b2.jpg,640,640,knife,138,452,305,621,167,169
batch_94_jpg.rf.663726dfae52d65721ff21ac32c321b2.jpg,640,640,knife,361,465,518,576,157,111
batch_161_jpg.rf.66730e6a2b26c35b2f2fc879bc8d8947.jpg,640,640,gun,130,145,206,289,76,144
batch_161_jpg.rf.66730e6a2b26c35b2f2fc879bc8d8947.jpg,640,640,gun,322,0,636,319,314,319
batch_161_jpg.rf.66730e6a2b26c35b2f2fc879bc8d8947.jpg,640,640,gun,6,323,309,639,303,316
batch_161_jpg.rf.66730e6a2b26c35b2f2fc879bc8d8947.jpg,640,640,gun,364,448,421,603,57,155
KravMagaKnifeDefenseTechniques398_jpg.rf.667f6b1e88a7a1d022a345e4e6d26043.jpg,640,640,knife,306,266,342,372,36,106
LTALCF-018_jpg.rf.66832d6600dbff5b0ade286c214f8087.jpg,640,640,gun,342,446,528,639,186,193
null_image.jpg,640,640,,,,,,0,0
knife_1287_jpg.rf.667f57ca6b316d07df66aa92165a31c1.jpg,640,640,knife,465,110,518,235,53,125
null_image.jpg,640,640,,,,,,0,0
DefenseKnifeAttack0344_jpg.rf.6676dff6deda12ef651a00bbcc252e4d.jpg,640,640,knife,194,491,272,529,78,38
Night_of_the_Sharks-Revolver-1_jpg.rf.667bb193969d873e1dc56c677f71109e.jpg,640,640,gun,170,221,276,542,106,321
knife_1154_jpg.rf.66cacc541c46bb4930597ca7b1803321.jpg,640,640,knife,380,468,451,609,71,141
batch_280_jpg.rf.66c8b702fbab67b3c9070358a764bd04.jpg,640,640,knife,84,169,125,224,41,55
batch_280_jpg.rf.66c8b702fbab67b3c9070358a764bd04.jpg,640,640,knife,437,168,474,198,37,30
batch_280_jpg.rf.66c8b702fbab67b3c9070358a764bd04.jpg,640,640,knife,88,379,122,430,34,51
batch_280_jpg.rf.66c8b702fbab67b3c9070358a764bd04.jpg,640,640,knife,407,382,441,428,34,46
knife_261_jpg.rf.66c5e46cc9f5e6ad69c3437cbd42f5ff.jpg,640,640,knife,22,208,371,582,349,374
BlindFury686A_jpg.rf.66b0785a3e8f02ddcf9dacdb7b043a16.jpg,640,640,gun,122,167,551,518,429,351
KravMagaKnifeDefenseTechniques215_jpg.rf.66a642133e349aab96d6428234f80954.jpg,640,640,knife,259,251,350,348,91,97
knife_71_jpg.rf.66dd86c7cdd6463f510518bd00296c64.jpg,640,640,knife,49,25,365,432,316,407
Gun_65_jpg.rf.6694d89b90fc5c547b59bbcc48949ddc.jpg,640,640,gun,18,10,609,623,591,613
knife_503_jpg.rf.66c182e9e5c4e6f94eafb0a829948aa5.jpg,640,640,knife,17,247,457,525,440,278
DefenseKnifeAttack0239_jpg.rf.66f3689166199232ee5a5b69b4ebb4b7.jpg,640,640,knife,333,401,367,458,34,57
knife_329_jpg.rf.66d45a30ec1410cb8002e8deae1c5449.jpg,640,640,knife,23,203,284,470,261,267
knife_936_jpg.rf.6720c59c8425c021589901d1aa885ee8.jpg,640,640,knife,59,502,139,639,80,137
TH_G26_S01_jpg.rf.66f182c09ac318be547a8ea1028c1af1.jpg,640,640,gun,91,415,167,564,76,149
AKS-47_jpg.rf.672e396a6f159845c7dc3b350c96331b.jpg,640,640,gun,6,12,635,625,629,613
batch_419_jpg.rf.6677ebc74115ef0aee43539c0426d3f3.jpg,640,640,gun,113,67,139,98,26,31
batch_419_jpg.rf.6677ebc74115ef0aee43539c0426d3f3.jpg,640,640,gun,427,77,451,117,24,40
batch_419_jpg.rf.6677ebc74115ef0aee43539c0426d3f3.jpg,640,640,gun,137,369,149,412,12,43
batch_419_jpg.rf.6677ebc74115ef0aee43539c0426d3f3.jpg,640,640,gun,374,343,390,385,16,42
knife_1102_jpg.rf.67010e1adeaf36365fed377512dc76d2.jpg,640,640,knife,303,176,363,367,60,191
Gun_1395_jpg.rf.6746cd84716c3e4c2fa76574b8de030b.jpg,640,640,gun,91,81,175,200,84,119
Gun_1395_jpg.rf.6746cd84716c3e4c2fa76574b8de030b.jpg,640,640,gun,16,301,140,403,124,102
null_image.jpg,640,640,,,,,,0,0
Franchi_lf57-2_jpg.rf.6750cf223a0f632f4bc03ea5b66730ee.jpg,640,640,gun,0,4,637,638,637,634
KravMagaTraining659_jpg.rf.67521c7cadd399865f1a2956de508962.jpg,640,640,knife,423,291,449,418,26,127
DSC_00421_JPG_jpg.rf.675e8d740fb241b4985d7f84c7b6ba02.jpg,640,640,knife,305,252,363,317,58,65
145_jpg.rf.677a5eb1aa3cfa654bf5e1b083e34417.jpg,640,640,knife,209,259,451,493,242,234
6_22_1_0002152_jpg.rf.6768c789169059628e572f56fdc7b27f.jpg,640,640,gun,280,416,350,640,70,224
KravMagaTraining4611_jpg.rf.67531d14bd47b3a8de54741b96acc154.jpg,640,640,knife,2,377,117,467,115,90
155_jpg.rf.6796289427a23c605808070c3a5be5c2.jpg,640,640,knife,268,151,443,251,175,100
gun_6m_static_0000904_jpg.rf.67d2e460ccccb23ed019e943e2d2fb53.jpg,640,640,gun,350,202,385,299,35,97
batch_385_jpg.rf.67fad35e60464b12010962173169e096.jpg,640,640,gun,71,95,127,169,56,74
batch_385_jpg.rf.67fad35e60464b12010962173169e096.jpg,640,640,gun,421,107,464,187,43,80
batch_385_jpg.rf.67fad35e60464b12010962173169e096.jpg,640,640,gun,109,432,154,516,45,84
batch_385_jpg.rf.67fad35e60464b12010962173169e096.jpg,640,640,gun,425,319,484,385,59,66
knife_937_jpg.rf.67cf095fc3632fd93fe7a609db26260b.jpg,640,640,knife,54,487,131,639,77,152
NJC042_jpg.rf.677cc7cf4ff17220a60c6497adf71688.jpg,640,640,gun,66,143,285,492,219,349
gun_2_1_1__0013985_jpg.rf.680c52a9ccccaccff5c40a533b621424.jpg,640,640,gun,237,415,291,464,54,49
22_jpg.rf.678e82eedfc7623d00a65380f5bc0eb2.jpg,640,640,knife,296,37,416,609,120,572
gun_2_1_1__0001750_jpg.rf.684fcea8443ab22f20cf354a5578cbaa.jpg,640,640,gun,234,287,267,325,33,38
knife_577_jpg.rf.68192a93a97c4f5e289a9208c2872b54.jpg,640,640,knife,16,90,430,454,414,364
batch_166_jpg.rf.680d6d429de78325a51e24482d20f2a6.jpg,640,640,gun,16,70,291,279,275,209
batch_166_jpg.rf.680d6d429de78325a51e24482d20f2a6.jpg,640,640,gun,337,26,627,298,290,272
batch_166_jpg.rf.680d6d429de78325a51e24482d20f2a6.jpg,640,640,gun,81,436,135,512,54,76
batch_166_jpg.rf.680d6d429de78325a51e24482d20f2a6.jpg,640,640,gun,186,442,254,539,68,97
batch_166_jpg.rf.680d6d429de78325a51e24482d20f2a6.jpg,640,640,gun,523,444,597,543,74,99
KravMagaTraining20774_jpg.rf.682241316bb8965ec83e0861f66c182d.jpg,640,640,knife,133,422,234,492,101,70
11_12_504_jpg.rf.680952f62d592ab595f8dbab0c967b60.jpg,640,640,gun,93,182,272,458,179,276
KravMagaKnifeDefenseTechniques775_jpg.rf.6806342abdf0ece2208d6a8408fffe19.jpg,640,640,knife,255,409,343,467,88,58
knife_113_jpg.rf.687c61be7f50395710c04c5bf1210aa3.jpg,640,640,knife,192,217,597,467,405,250
gun_3_2_1__0002200_jpg.rf.6781b74ba189010da54df6fa2c9c85a8.jpg,640,640,gun,253,211,384,558,131,347
2022-04-21_448_jpg.rf.680f4731c04986e98a81ab7135065d27.jpg,640,640,knife,302,471,328,523,26,52
6_22_2_0002376_jpg.rf.6818bb002e4a7aa0a1a11c63aa3c125a.jpg,640,640,gun,188,124,230,200,42,76
batch_93_jpg.rf.67db1b7a8b23ccdec9de4531047fba6c.jpg,640,640,knife,12,165,186,288,174,123
batch_93_jpg.rf.67db1b7a8b23ccdec9de4531047fba6c.jpg,640,640,knife,480,112,629,266,149,154
batch_93_jpg.rf.67db1b7a8b23ccdec9de4531047fba6c.jpg,640,640,knife,70,427,111,582,41,155
batch_93_jpg.rf.67db1b7a8b23ccdec9de4531047fba6c.jpg,640,640,knife,140,443,172,602,32,159
batch_93_jpg.rf.67db1b7a8b23ccdec9de4531047fba6c.jpg,640,640,knife,470,400,512,537,42,137
knife8_jpg.rf.68817531a8aec6c3a20efa15e8d7067e.jpg,640,640,knife,0,16,369,499,369,483
knife_233_jpg.rf.688ee19f39fb3b121fd6969c8704369a.jpg,640,640,knife,0,0,417,508,417,508
263_jpg.rf.685eaa180961ca184df9fa2cfd51ed94.jpg,640,640,knife,180,165,574,331,394,166
Top_Dog_Poster_jpg.rf.688f35814b3722411edf0cf2c9ddefec.jpg,640,640,gun,171,411,351,564,180,153
gun_3_3_1__0004236_jpg.rf.689aa5db63d909f0a2f5bbd12f45c388.jpg,640,640,gun,302,275,348,439,46,164
Cz75_jpg.rf.68963c7840c159e185f8cc16e50b9262.jpg,640,640,gun,13,11,617,617,604,606
KravMagaKnifeDefenseTechniques046_jpg.rf.68defc224d19290eee57bfe160290602.jpg,640,640,knife,302,307,367,379,65,72
3291_jpg.rf.680affe8f632f9caaff4967c4a2a8510.jpg,640,640,knife,382,225,406,323,24,98
2F2F-P226-02_jpg.rf.689ca564be35247527ff5eaea2de40b4.jpg,640,640,gun,250,328,382,639,132,311
6_22_1_0000612_jpg.rf.68b5a7e129ea819946f34e6be26bbed4.jpg,640,640,gun,263,34,324,296,61,262
Carjacked-014_jpg.rf.68feddcd01cc6e11d7894fcd809cbda3.jpg,640,640,gun,222,326,276,416,54,90
11_jpg.rf.68b2a01b99c3814082dd07ff43933e0f.jpg,640,640,knife,248,377,440,591,192,214
109_jpg.rf.68a90ec6891e2f2a8018b645546788f1.jpg,640,640,knife,240,285,469,636,229,351
null_image.jpg,640,640,,,,,,0,0
gun_3_3_1__0003888_jpg.rf.68ad4200615464f34d6ff6743c10d173.jpg,640,640,gun,215,439,257,560,42,121
batch_179_jpg.rf.68e0d6104e725d00b12ee529df31b6c3.jpg,640,640,knife,112,242,129,278,17,36
batch_179_jpg.rf.68e0d6104e725d00b12ee529df31b6c3.jpg,640,640,knife,481,183,519,226,38,43
batch_179_jpg.rf.68e0d6104e725d00b12ee529df31b6c3.jpg,640,640,knife,162,503,199,546,37,43
batch_179_jpg.rf.68e0d6104e725d00b12ee529df31b6c3.jpg,640,640,knife,380,443,397,500,17,57
6_22_4_0001148_jpg.rf.68b3d92d06efd53d8ec34e064675d056.jpg,640,640,gun,231,168,276,268,45,100
Gun_414_jpg.rf.691910577a9ede7321f0923a0538793d.jpg,640,640,gun,350,169,431,343,81,174
batch_275_jpg.rf.6906fb1920d8dc0310741311e37c8e26.jpg,640,640,gun,104,168,134,285,30,117
batch_275_jpg.rf.6906fb1920d8dc0310741311e37c8e26.jpg,640,640,gun,423,164,459,284,36,120
batch_275_jpg.rf.6906fb1920d8dc0310741311e37c8e26.jpg,640,640,gun,129,489,159,604,30,115
batch_275_jpg.rf.6906fb1920d8dc0310741311e37c8e26.jpg,640,640,gun,445,489,473,603,28,114
BuffaloSoldiers-M60-7_jpg.rf.6932f670fe367a8dd505e4bf70fd07f5.jpg,640,640,gun,98,258,305,639,207,381
BOBS_13_jpg.rf.697ef93c0a5250aef2af324b3e5c2ffd.jpg,640,640,gun,234,267,529,437,295,170
117_jpg.rf.6959556120fc47320cbbfd44dd6a90b5.jpg,640,640,knife,42,59,520,336,478,277
117_jpg.rf.6959556120fc47320cbbfd44dd6a90b5.jpg,640,640,knife,43,400,428,606,385,206
knife_435_jpg.rf.68dac23e634db377a43f09747b97c985.jpg,640,640,knife,48,288,411,597,363,309
gun_3_1_1__0001820_jpg.rf.69744ab94cf5e94db6004b129fad3dd5.jpg,640,640,gun,258,190,311,417,53,227
Bravo_V-M16A1-2_jpg.rf.69243abbbf433d71a91118ecad5f42e7.jpg,640,640,gun,278,161,481,309,203,148
2022-04-15_123_jpg.rf.693afb3c369faec2a7c37f2a1a190ff0.jpg,640,640,knife,333,569,396,609,63,40
knife_1131_jpg.rf.6939c2ac668a2120aa2b3f58648aa1e6.jpg,640,640,knife,46,115,283,477,237,362
KravMagaTraining20833_jpg.rf.695ec902c719b6263748a1d1ec448e0a.jpg,640,640,knife,278,404,361,450,83,46
KravMagaTraining20803_jpg.rf.697facf9d896a4af9417ad40d7e45b7a.jpg,640,640,knife,242,443,336,536,94,93
knife_69_jpg.rf.69aa79d4585b4578d9c4eb189c73aa5c.jpg,640,640,knife,304,348,607,483,303,135
knife_1233_jpg.rf.68d6b81a87e581f8137c43d2aa0368b9.jpg,640,640,knife,379,286,459,400,80,114
6_22_2_0001880_jpg.rf.69b2a758ad45a4ababb7a50df686b817.jpg,640,640,gun,252,412,275,496,23,84
7_7_asd_00140692_jpg.rf.699b49760bd27534d5dcb034a0ba205e.jpg,640,640,gun,210,167,312,566,102,399
KravMagaTraining20344_jpg.rf.6973fe5324d60253b98628b09595fe7d.jpg,640,640,knife,395,371,477,449,82,78
6_22_1_0004160_jpg.rf.69ada80ed6b89d62167a6df9d5f21f50.jpg,640,640,gun,522,133,627,433,105,300
KravMagaTraining751_jpg.rf.69e1572006e238f18ddbc87e633d1556.jpg,640,640,knife,470,239,506,413,36,174
knife_1161_jpg.rf.6a0552985f93eff308e276c01a77b35c.jpg,640,640,knife,153,160,270,375,117,215
DefenseKnifeAttack0167_jpg.rf.6a497c4244040049b29124caac33c817.jpg,640,640,knife,197,405,291,468,94,63
DefenseKnifeAttack0443_jpg.rf.699d1ed436c0193014d16254396b57bc.jpg,640,640,knife,205,474,263,628,58,154
RusoClases643_jpg.rf.69d726e8068eb77ee5c7e9d14538e5e5.jpg,640,640,knife,328,430,443,508,115,78
16_jpg.rf.6a55bca5bf5bd6c2860a84e9c31c06a8.jpg,640,640,knife,314,575,378,640,64,65
6_22_1_0001700_jpg.rf.6a35a63d61c9067209e0f8af6db817c5.jpg,640,640,gun,288,112,429,222,141,110
knife_1261_jpg.rf.6a5fd51f8fb84db9ff0c54dbea750bdd.jpg,640,640,knife,184,338,272,417,88,79
batch_8_jpg.rf.6a8009325317f727031a1f39ac1efca6.jpg,640,640,knife,171,72,234,185,63,113
batch_8_jpg.rf.6a8009325317f727031a1f39ac1efca6.jpg,640,640,knife,468,77,513,228,45,151
batch_8_jpg.rf.6a8009325317f727031a1f39ac1efca6.jpg,640,640,knife,63,420,97,571,34,151
batch_8_jpg.rf.6a8009325317f727031a1f39ac1efca6.jpg,640,640,knife,324,330,516,543,192,213
6_22_2_0007300_jpg.rf.69f0e22b17a1eee347592428e18b5a61.jpg,640,640,gun,362,253,427,329,65,76
6_22_4_0006176_jpg.rf.6a4a65a9e0b04d70eaa72e0c9fdadc20.jpg,640,640,gun,308,170,344,262,36,92
knife_1219_jpg.rf.69e8fc7770f9507b5fa41c680472bc8b.jpg,640,640,knife,473,141,513,314,40,173
null_image.jpg,640,640,,,,,,0,0
DSC_0041_JPG_jpg.rf.6a4489a7014d78045422be5ac3cd1ee0.jpg,640,640,knife,329,259,360,379,31,120
IGGYS_22_jpg.rf.69dcc91cc0a328c1c5fc9d13fa8900a3.jpg,640,640,gun,259,192,456,549,197,357
gun_2_1_1__0008140_jpg.rf.6a815963401b09c0d9039b8842e4aa38.jpg,640,640,gun,98,324,134,355,36,31
knife_1152_jpg.rf.6a273726c9382676f10aa716bb21ea06.jpg,640,640,knife,202,317,319,581,117,264
Izhorskiy_batalyon-DP-3_jpg.rf.6a8786d59a589a8341c7d1016c26f8c3.jpg,640,640,gun,304,316,464,511,160,195
Izhorskiy_batalyon-DP-3_jpg.rf.6a8786d59a589a8341c7d1016c26f8c3.jpg,640,640,gun,118,211,276,349,158,138
1011133951_176_jpg.rf.6a8b291dc754ee4a7f7599b7d75fb94e.jpg,640,640,gun,304,203,536,518,232,315
42_jpg.rf.6a5b7f4b5899a7f7e6d7ada082271cab.jpg,640,640,knife,297,412,332,525,35,113
gun_3_2_1__0002904_jpg.rf.6ab14782d5db413e02df63c8e38c8dcb.jpg,640,640,gun,271,410,332,588,61,178
knife_1194_jpg.rf.6ac077f19f3c32996e5e52df9ea79dca.jpg,640,640,knife,305,237,551,405,246,168
24_jpg.rf.6ad8be388178e6633f1c2d5faaff4318.jpg,640,640,knife,178,280,437,633,259,353
batch_173_jpg.rf.6a95b1f6e9806ea9b5f469a7cdee0bbd.jpg,640,640,knife,228,125,249,228,21,103
batch_173_jpg.rf.6a95b1f6e9806ea9b5f469a7cdee0bbd.jpg,640,640,knife,446,189,502,276,56,87
batch_173_jpg.rf.6a95b1f6e9806ea9b5f469a7cdee0bbd.jpg,640,640,knife,126,509,182,596,56,87
batch_173_jpg.rf.6a95b1f6e9806ea9b5f469a7cdee0bbd.jpg,640,640,knife,431,502,506,600,75,98
92_jpg.rf.6b0a62d30f239565695fd032f6afca34.jpg,640,640,knife,326,519,371,599,45,80
4401_jpg.rf.6a8035ce1edcfbea8c071133aa49db22.jpg,640,640,knife,548,209,580,311,32,102
gun_2_1_1__0014725_jpg.rf.6b040c93bbd7faaea923c4dee20a8703.jpg,640,640,gun,233,349,268,384,35,35
162_jpg.rf.6b1ad891216ec74f904fce32ed9e2286.jpg,640,640,knife,289,115,446,440,157,325
null_image.jpg,640,640,,,,,,0,0
DSC_0047_JPG_jpg.rf.6abb8bfb1d18f1c91fe59fcc388c93b9.jpg,640,640,knife,316,377,339,525,23,148
102417511_4196_jpg.rf.6ac12742ced8844b40d1884fd9ff35eb.jpg,640,640,gun,326,164,487,404,161,240
batch_234_jpg.rf.6acb98d1082f6116642e5f63d4578cb7.jpg,640,640,gun,77,107,233,253,156,146
batch_234_jpg.rf.6acb98d1082f6116642e5f63d4578cb7.jpg,640,640,gun,481,76,596,196,115,120
batch_234_jpg.rf.6acb98d1082f6116642e5f63d4578cb7.jpg,640,640,gun,97,326,179,634,82,308
batch_234_jpg.rf.6acb98d1082f6116642e5f63d4578cb7.jpg,640,640,gun,345,459,447,596,102,137
null_image.jpg,640,640,,,,,,0,0
KravMagaKnifeDefenseTechniques112_jpg.rf.6b62b77aed1a5c4a6859577cb4aa1e89.jpg,640,640,knife,173,189,233,280,60,91
11_12_2070_jpg.rf.6aa371ee9f142aec0af1c181e356f69f.jpg,640,640,gun,160,10,343,482,183,472
11_12_1922_jpg.rf.6ab5267744a8458a425da889964c105e.jpg,640,640,gun,34,192,370,408,336,216
11_12_1922_jpg.rf.6ab5267744a8458a425da889964c105e.jpg,640,640,gun,141,361,536,571,395,210
KravMagaTraining4652_jpg.rf.6a90a67fc88b8007b8b92dcc96684845.jpg,640,640,knife,351,203,445,259,94,56
batch_341_jpg.rf.6b629ae17c93114c7333e021afe096f0.jpg,640,640,knife,168,114,184,169,16,55
batch_341_jpg.rf.6b629ae17c93114c7333e021afe096f0.jpg,640,640,knife,486,96,519,204,33,108
batch_341_jpg.rf.6b629ae17c93114c7333e021afe096f0.jpg,640,640,knife,286,461,300,530,14,69
batch_341_jpg.rf.6b629ae17c93114c7333e021afe096f0.jpg,640,640,knife,528,470,544,532,16,62
knife_1023_jpg.rf.6aca0c55b44bc6935d0967cdcb9a8115.jpg,640,640,knife,99,43,349,516,250,473
gun_4m_static_0001624_jpg.rf.6ae04dbb55540800b5a8dd9a66dfdd32.jpg,640,640,gun,565,233,640,338,75,105
LDOF-JJColt1862Navy-1_jpg.rf.6b2978a1cdc6d53e767319df8a51df80.jpg,640,640,gun,219,289,558,532,339,243
KravMagaTraining726_jpg.rf.6b9120d3ffd896b726f00140e01f993f.jpg,640,640,knife,189,354,249,434,60,80
gun_3_1_1__0001260_jpg.rf.6b991cba00ef91e5aa57f86ceb7fde03.jpg,640,640,gun,238,217,307,479,69,262
Gun_2554_jpg.rf.6ba1d942dce3c51422e635adbcb99da0.jpg,640,640,gun,0,110,314,408,314,298
batch_112_jpg.rf.6b65086c1a82236b7fc095749112ed5a.jpg,640,640,knife,41,19,168,278,127,259
batch_112_jpg.rf.6b65086c1a82236b7fc095749112ed5a.jpg,640,640,knife,324,49,599,236,275,187
batch_112_jpg.rf.6b65086c1a82236b7fc095749112ed5a.jpg,640,640,knife,192,352,295,583,103,231
batch_112_jpg.rf.6b65086c1a82236b7fc095749112ed5a.jpg,640,640,knife,336,369,529,627,193,258
261_jpg.rf.6b1139cc45f7dfc96a494b4731e7b366.jpg,640,640,knife,306,476,345,585,39,109
KravMagaTraining729_jpg.rf.6b1aaef96004c7e37150f94cfd14ebcb.jpg,640,640,knife,200,245,238,373,38,128
Kommissar_X-6-Revolver-9_jpg.rf.6b1f92f52522596d73d9f4c53e761993.jpg,640,640,gun,390,246,445,419,55,173
batch_31_jpg.rf.6ad1c2d88e5b2cc521db4bb762674c0f.jpg,640,640,knife,168,7,212,198,44,191
batch_31_jpg.rf.6ad1c2d88e5b2cc521db4bb762674c0f.jpg,640,640,knife,476,42,539,192,63,150
batch_31_jpg.rf.6ad1c2d88e5b2cc521db4bb762674c0f.jpg,640,640,knife,148,340,212,512,64,172
batch_31_jpg.rf.6ad1c2d88e5b2cc521db4bb762674c0f.jpg,640,640,knife,469,341,535,509,66,168
knife_998_jpg.rf.6ba6b7a4e357a0fcb462f9e65bb03cee.jpg,640,640,knife,74,509,161,640,87,131
gun_2_1_1__0004415_jpg.rf.6b3c4101e2d8d2e4bdbb974075a0f08c.jpg,640,640,gun,114,293,145,347,31,54
162_jpg.rf.6bb0ea88a7bf06b3e57213fdac37158e.jpg,640,640,knife,180,153,249,516,69,363
11_12_1725_jpg.rf.6bc71a4b5576361848f8c0c58709f029.jpg,640,640,gun,171,169,279,382,108,213
TF4_05_jpg.rf.6ba3f09c574559c2532098aea9406214.jpg,640,640,gun,57,39,347,625,290,586
6_22_1_0005372_jpg.rf.6c0be59e61c6f6ac582e1a1d664b0733.jpg,640,640,gun,93,76,167,300,74,224
Dillingermodel8-1_jpg.rf.6bec32260860f7620992ed980a890da6.jpg,640,640,gun,318,52,549,395,231,343
batch_273_jpg.rf.6c13cfc8754941d146079eaba56dc30c.jpg,640,640,gun,1,0,313,319,312,319
batch_273_jpg.rf.6c13cfc8754941d146079eaba56dc30c.jpg,640,640,gun,455,55,508,132,53,77
batch_273_jpg.rf.6c13cfc8754941d146079eaba56dc30c.jpg,640,640,gun,33,400,85,498,52,98
batch_273_jpg.rf.6c13cfc8754941d146079eaba56dc30c.jpg,640,640,gun,402,346,441,452,39,106
batch_261_jpg.rf.6c088b979b5a19105d21efca0030e4cd.jpg,640,640,knife,189,2,238,235,49,233
batch_261_jpg.rf.6c088b979b5a19105d21efca0030e4cd.jpg,640,640,knife,379,132,456,246,77,114
batch_261_jpg.rf.6c088b979b5a19105d21efca0030e4cd.jpg,640,640,knife,49,448,124,560,75,112
batch_261_jpg.rf.6c088b979b5a19105d21efca0030e4cd.jpg,640,640,knife,424,537,447,599,23,62
knife_1118_jpg.rf.6bbdb21193b4c90bd34c3000061bd2e3.jpg,640,640,knife,104,0,254,436,150,436
knife_34_jpg.rf.6c5f6f9707f1102cf4cf721a03ec435b.jpg,640,640,knife,64,42,498,638,434,596
Gun_2313_jpg.rf.6c50cb0ab5a6c6749ea893ad31f39a9f.jpg,640,640,gun,30,73,608,462,578,389
6_22_1_0005956_jpg.rf.6c29bb6130ca5044bb4ca3f7ae121c5f.jpg,640,640,gun,328,63,463,277,135,214
knife18_jpg.rf.6c578500b1d4e3c3a878e3fadb5f9545.jpg,640,640,knife,3,23,32,109,29,86
knife18_jpg.rf.6c578500b1d4e3c3a878e3fadb5f9545.jpg,640,640,knife,19,203,510,639,491,436
batch_41_jpg.rf.6be818b9d29ab1c7eb7766adeacdbd39.jpg,640,640,knife,201,19,242,246,41,227
batch_41_jpg.rf.6be818b9d29ab1c7eb7766adeacdbd39.jpg,640,640,knife,518,12,554,255,36,243
batch_41_jpg.rf.6be818b9d29ab1c7eb7766adeacdbd39.jpg,640,640,knife,198,329,225,581,27,252
batch_41_jpg.rf.6be818b9d29ab1c7eb7766adeacdbd39.jpg,640,640,knife,445,549,456,584,11,35
154_jpg.rf.6bd2d95b00d07fd6d46e6c4efc8c0cdc.jpg,640,640,knife,268,149,452,289,184,140
135_jpg.rf.6c19cbd133842dfebf74bc562c6893c9.jpg,640,640,knife,123,418,374,577,251,159
310ty-saa-6_jpg.rf.6c653e84201367cc32d6c6cf9f63c28d.jpg,640,640,gun,492,273,613,393,121,120
Infil_401_jpg.rf.6c247a5ebf8398c2006c1a5e4510a771.jpg,640,640,gun,280,355,354,449,74,94
1649338724-4786594_jpg.rf.6c27ffac0205dc8563daaf45149b0145.jpg,640,640,knife,351,171,402,640,51,469
Desert_eagle_jpg.rf.6ca297c0acea91f190a8b83fd7d34144.jpg,640,640,gun,405,257,640,612,235,355
1065648_00__01340_jpg.rf.6cc540706e7f246db7c58d49027e4ecd.jpg,640,640,gun,495,422,592,639,97,217
knife_973_jpg.rf.6c79502006dcee70cbb0f7f8b5ee7021.jpg,640,640,knife,71,340,162,520,91,180
DefenseKnifeAttack0940_jpg.rf.6c76acabc38ac73ae334c96ec7e262f2.jpg,640,640,knife,395,340,457,442,62,102
gun_5m_static_0001696_jpg.rf.6c5a0b419ffc91750c1ec64c1358ad64.jpg,640,640,gun,287,155,322,292,35,137
gun_2_1_1__0011545_jpg.rf.6c6a435f7786670f8ac5a4f57820985e.jpg,640,640,gun,190,371,229,415,39,44
Etat_de_siege-Pistol-12_jpg.rf.6c2f00cacf3f1d8d0a8a51a5c6b0400a.jpg,640,640,gun,395,300,449,400,54,100
Etat_de_siege-Pistol-12_jpg.rf.6c2f00cacf3f1d8d0a8a51a5c6b0400a.jpg,640,640,gun,396,420,455,574,59,154
batch_205_jpg.rf.6cc86844240efaf96a132a60a3aa535b.jpg,640,640,knife,102,183,143,224,41,41
batch_205_jpg.rf.6cc86844240efaf96a132a60a3aa535b.jpg,640,640,knife,426,51,444,141,18,90
batch_205_jpg.rf.6cc86844240efaf96a132a60a3aa535b.jpg,640,640,knife,15,367,262,631,247,264
batch_205_jpg.rf.6cc86844240efaf96a132a60a3aa535b.jpg,640,640,knife,339,344,553,587,214,243
1017212133_1803_jpg.rf.6cba941a84a7e0c3c2b49a79bfe21dd1.jpg,640,640,gun,62,287,384,437,322,150
22_Minuty-Beretta92-6_jpg.rf.6cc6deb2140892cbfc387c20e7cd1f1d.jpg,640,640,gun,249,0,452,429,203,429
1649338726-8379304_jpg.rf.6ce1807cf5df82315c4bf0578cccf96c.jpg,640,640,knife,355,115,431,557,76,442
MI4-AKS74U-2_jpg.rf.6cdc6010d306f837c450849466c33df2.jpg,640,640,gun,118,141,163,364,45,223
11_12_2178_jpg.rf.6ce11f89beb172df92ab84cfd281324f.jpg,640,640,gun,42,362,174,556,132,194
null_image.jpg,640,640,,,,,,0,0
170_jpg.rf.6d018cf47c1d2b721261647207066682.jpg,640,640,knife,315,506,337,608,22,102
Insomnia020_jpg.rf.6d1c2e6b950de1b837ecd57a37d9d120.jpg,640,640,gun,221,275,307,581,86,306
batch_7_jpg.rf.6d0ebb08c75ae7c84ea13aecb873bd1a.jpg,640,640,gun,232,130,267,172,35,42
batch_7_jpg.rf.6d0ebb08c75ae7c84ea13aecb873bd1a.jpg,640,640,gun,560,132,586,190,26,58
batch_7_jpg.rf.6d0ebb08c75ae7c84ea13aecb873bd1a.jpg,640,640,gun,103,505,125,527,22,22
batch_7_jpg.rf.6d0ebb08c75ae7c84ea13aecb873bd1a.jpg,640,640,gun,367,503,386,521,19,18
Dil-wood_jpg.rf.6ce89854fc51c741b8beb0d9be93076c.jpg,640,640,gun,243,150,398,454,155,304
knife_210_jpg.rf.6cc4cb9dc6f2c44490e28b0471887b44.jpg,640,640,knife,96,78,518,601,422,523
gun1_5m_run_0001304_jpg.rf.6ccf1fcd616202a11b56daa68991a594.jpg,640,640,gun,135,403,182,532,47,129
batch_54_jpg.rf.6d328c11d4ba7a1f27d4e41592ab65c5.jpg,640,640,knife,55,178,79,270,24,92
batch_54_jpg.rf.6d328c11d4ba7a1f27d4e41592ab65c5.jpg,640,640,knife,342,242,376,319,34,77
batch_54_jpg.rf.6d328c11d4ba7a1f27d4e41592ab65c5.jpg,640,640,knife,58,571,90,639,32,68
batch_54_jpg.rf.6d328c11d4ba7a1f27d4e41592ab65c5.jpg,640,640,knife,378,570,410,639,32,69
Fc-sw36a_jpg.rf.6d0dc35af168f03672c5a52498d6a43a.jpg,640,640,gun,307,345,384,520,77,175
191_jpg.rf.6d805791a2bc569a7e3a68ebcd2b6384.jpg,640,640,knife,294,320,317,405,23,85
knife_890_jpg.rf.6d6b1e943ac17dd688427e24bf195621.jpg,640,640,knife,128,303,189,539,61,236
gun_2_1_1__0004030_jpg.rf.6d8845c3a1253e4471cc3dd74e77dae5.jpg,640,640,gun,383,299,417,357,34,58
Direct_Hit-SP89-6_jpg.rf.6d46e4c8abdd06b2391b98a2068816c6.jpg,640,640,gun,108,158,218,301,110,143
knife_1223_jpg.rf.6d7f8b1378139099a8d1be19e724a8fa.jpg,640,640,knife,245,196,309,393,64,197
KnifeDefenseKrav228_jpg.rf.6d2cfb3620eb437a00af5053d44501d9.jpg,640,640,knife,354,275,417,377,63,102
BigJakeMauser_jpg.rf.6d58437e5e7c04f02526b7893c574c81.jpg,640,640,gun,7,222,633,444,626,222
batch_328_jpg.rf.6d8c61cd56590a531c93554eaa7938e7.jpg,640,640,gun,53,91,90,146,37,55
batch_328_jpg.rf.6d8c61cd56590a531c93554eaa7938e7.jpg,640,640,gun,484,117,557,313,73,196
batch_328_jpg.rf.6d8c61cd56590a531c93554eaa7938e7.jpg,640,640,gun,163,379,189,461,26,82
batch_328_jpg.rf.6d8c61cd56590a531c93554eaa7938e7.jpg,640,640,gun,399,467,546,577,147,110
gun_2_1_1__0004495_jpg.rf.6d2f95296da93d424511995280ff8253.jpg,640,640,gun,140,301,179,364,39,63
DefenseKnifeAttack0320_jpg.rf.6d204e813fd6b72343fd8bb72188cd4d.jpg,640,640,knife,387,405,429,447,42,42
KravMagaKnifeDefenseTechniques294_jpg.rf.6d4e341bfe262131f92c3d3078f7fd35.jpg,640,640,knife,389,369,483,447,94,78
6_22_4_0003064_jpg.rf.6d4781deb9662713f5bd62fb63ecd777.jpg,640,640,gun,377,490,412,622,35,132
knife_1060_jpg.rf.6d5024104fe5e7a4e3bcfa28294646e0.jpg,640,640,knife,229,263,452,418,223,155
knife_365_jpg.rf.6d6e13ae213dcd44348efdcd83a9c52f.jpg,640,640,knife,15,1,271,257,256,256
gun_2_1_1__0006095_jpg.rf.6d8627d3d58850457bfaa4d232c2f2d9.jpg,640,640,gun,373,334,418,374,45,40
batch_0_jpg.rf.6d3a6588ef7bb352da12c2ae3b67cde6.jpg,640,640,gun,17,63,298,249,281,186
batch_0_jpg.rf.6d3a6588ef7bb352da12c2ae3b67cde6.jpg,640,640,gun,322,68,636,158,314,90
batch_0_jpg.rf.6d3a6588ef7bb352da12c2ae3b67cde6.jpg,640,640,gun,53,360,307,634,254,274
batch_0_jpg.rf.6d3a6588ef7bb352da12c2ae3b67cde6.jpg,640,640,gun,320,347,639,458,319,111
batch_0_jpg.rf.6d3a6588ef7bb352da12c2ae3b67cde6.jpg,640,640,gun,341,415,591,626,250,211
knife_730_jpg.rf.6d9a9a6ed0e75a5fc376462220562fdc.jpg,640,640,knife,309,163,393,446,84,283
gun_2_1_1__0015730_jpg.rf.6dc00c567efebd8266b62ebebabee723.jpg,640,640,gun,224,365,268,407,44,42
HostageBeretta92FS-2_jpg.rf.6d8ded78d6874b68b17574f5e080807d.jpg,640,640,gun,88,377,219,623,131,246
Pitbull-OP-013_jpg.rf.6db3f51547400184836dc386241c0358.jpg,640,640,gun,141,77,262,283,121,206
M1_carbine_8_jpg.rf.6da58a8f42576553586c57d6ce4f97a2.jpg,640,640,gun,160,0,563,639,403,639
6_22_4_0001272_jpg.rf.6d8f127187e4ed072b811d0366e10fc8.jpg,640,640,gun,238,164,280,264,42,100
BOFakms2_jpg.rf.6db8f4fe09734ef2b09295aad2e0bd42.jpg,640,640,gun,116,412,293,634,177,222
Placebeyondthepinesglock8_jpg.rf.6d98e3702719c9e8fb3c41b098b0b2df.jpg,640,640,gun,82,252,170,524,88,272
knife_1037_jpg.rf.6dcc6706a53def5e2174ffe751ba655d.jpg,640,640,knife,184,304,320,608,136,304
DP-PPSh-41-001_jpg.rf.6e22d4af5d7f976777e08ac30d90b599.jpg,640,640,gun,12,322,352,638,340,316
DP-PPSh-41-001_jpg.rf.6e22d4af5d7f976777e08ac30d90b599.jpg,640,640,gun,325,457,627,588,302,131
knife_469_jpg.rf.6d9146a54d49e57267dee495c1675d8d.jpg,640,640,knife,22,241,314,550,292,309
Flash_Point_AKMS_1_jpg.rf.6dc148c8be6d395f0c8c17370f8bc399.jpg,640,640,gun,188,27,337,339,149,312
1364731_01__01586_jpg.rf.6e028de3177e989efe0924cf72559547.jpg,640,640,gun,280,231,397,448,117,217
52690a1x1_-1-_jpg.rf.6deb120a3d1fa64d5bbdc99aab060fbc.jpg,640,640,gun,3,4,639,631,636,627
Gun_602_jpg.rf.6e27f978ece84465f073e0ef4d74c898.jpg,640,640,gun,129,70,248,548,119,478
Il_trucido_e_lo_sbirro-P38-2_jpg.rf.6e2ba1c8b9e98d7fe9a53775ba5fffef.jpg,640,640,gun,269,344,376,614,107,270
795_jpg.rf.6dea34f9516b58b816b52cd1867f5b3d.jpg,640,640,knife,160,457,218,588,58,131
10256320_5978_jpg.rf.6e08576b79661903ad9bd71a36cec8c1.jpg,640,640,gun,274,171,562,392,288,221
knife_41_jpg.rf.6deb7df2c46cf741c9f35d94c6eb5ced.jpg,640,640,knife,180,125,512,637,332,512
11_12_2894_jpg.rf.6e39ff8981e97f6b08da59fd8be5434c.jpg,640,640,gun,12,11,628,592,616,581
MD_Sully_SAW_4_jpg.rf.6e608f4fa9e99b8b7e126256d7308e60.jpg,640,640,gun,40,146,295,636,255,490
KravMagaKnifeDefenseTechniques037_jpg.rf.6dc1e2f5a550f994eb0320a20094e9e4.jpg,640,640,knife,313,358,379,431,66,73
ID4_303_jpg.rf.6e0c4de1c711d97a6066e53da0d2637c.jpg,640,640,gun,260,420,320,516,60,96
FNTT-SAA-Cavalry-1_jpg.rf.6e4c91a44b307334c1fa605301c81e09.jpg,640,640,gun,264,279,358,476,94,197
batch_65_jpg.rf.6de750cf4a45ac8b9457fe5320da133d.jpg,640,640,gun,74,209,120,273,46,64
batch_65_jpg.rf.6de750cf4a45ac8b9457fe5320da133d.jpg,640,640,gun,456,118,530,319,74,201
batch_65_jpg.rf.6de750cf4a45ac8b9457fe5320da133d.jpg,640,640,gun,89,500,159,625,70,125
batch_65_jpg.rf.6de750cf4a45ac8b9457fe5320da133d.jpg,640,640,gun,506,491,528,514,22,23
U900-RearGun4_jpg.rf.6db5531af2d7dad8759f04b24033ee7b.jpg,640,640,gun,225,205,262,273,37,68
batch_218_jpg.rf.6de17730353bba69f3ab4d8caef04142.jpg,640,640,gun,147,152,208,250,61,98
batch_218_jpg.rf.6de17730353bba69f3ab4d8caef04142.jpg,640,640,gun,381,128,491,267,110,139
batch_218_jpg.rf.6de17730353bba69f3ab4d8caef04142.jpg,640,640,gun,129,483,209,628,80,145
batch_218_jpg.rf.6de17730353bba69f3ab4d8caef04142.jpg,640,640,gun,496,393,504,423,8,30
knife_860_jpg.rf.6e9bca8905847dce931227b65621ff20.jpg,640,640,knife,14,481,130,627,116,146
KravMagaKnifeDefenseTechniques233_jpg.rf.6e76a17b7105b480790aa2f7bd7acc30.jpg,640,640,knife,223,231,312,338,89,107
Monty6_jpg.rf.6e97cc04c63458f5acfa35727eb26908.jpg,640,640,gun,103,191,229,384,126,193
176_jpg.rf.6ebd1a1df20e7ce24b025aeb667c0f60.jpg,640,640,knife,337,88,465,575,128,487
KravMagaKnifeDefenseTechniques042_jpg.rf.6e447c8ee9c0b4e28641bc29250ca07d.jpg,640,640,knife,288,325,355,396,67,71
Gun_714_jpg.rf.6ed06dcb018354d74fcd192c257e124d.jpg,640,640,gun,0,11,624,613,624,602
gun1_7m_static_0000792_jpg.rf.6eb795829228c2555473b4858dcb9e5a.jpg,640,640,gun,474,222,528,278,54,56
KravMagaKnifeDefenseTechniques124_jpg.rf.6ea9a6ac40be85551c342e8402f577c0.jpg,640,640,knife,160,157,241,238,81,81
7_7_asd_00137108_jpg.rf.6e6a3c47350fb182e0d171453eaa59c3.jpg,640,640,gun,378,365,419,467,41,102
Lc-hkusp4_jpg.rf.6eafb5fdb8acc4f3b041ad6938caccd0.jpg,640,640,gun,281,116,402,365,121,249
136_jpg.rf.6e2d755d654774a328d7c0590a159eba.jpg,640,640,knife,369,120,494,431,125,311
null_image.jpg,640,640,,,,,,0,0
batch_82_jpg.rf.6f20bda07444a2d70f5f8ca32d803a1a.jpg,640,640,gun,15,98,76,162,61,64
batch_82_jpg.rf.6f20bda07444a2d70f5f8ca32d803a1a.jpg,640,640,gun,450,87,480,146,30,59
batch_82_jpg.rf.6f20bda07444a2d70f5f8ca32d803a1a.jpg,640,640,gun,319,137,345,175,26,38
batch_82_jpg.rf.6f20bda07444a2d70f5f8ca32d803a1a.jpg,640,640,gun,11,458,38,495,27,37
batch_82_jpg.rf.6f20bda07444a2d70f5f8ca32d803a1a.jpg,640,640,gun,171,401,198,463,27,62
batch_82_jpg.rf.6f20bda07444a2d70f5f8ca32d803a1a.jpg,640,640,gun,382,427,403,463,21,36
batch_82_jpg.rf.6f20bda07444a2d70f5f8ca32d803a1a.jpg,640,640,gun,503,494,519,521,16,27
L-emmerdeur08-Pistol-1_jpg.rf.6f3590a3d580a9c52384fd79373dd8be.jpg,640,640,gun,138,463,180,594,42,131
6_22_3_0002188_jpg.rf.6d9b81bf61a4cb08f73625b8fe2d5652.jpg,640,640,gun,200,87,240,212,40,125
gun_3_1_1__0001112_jpg.rf.6f3ce05906ee0be3ca1883672d311fb3.jpg,640,640,gun,251,354,322,514,71,160
KravMagaKnifeDefenseTechniques137_jpg.rf.6ed700de22ce8d2537b7df9e8b896118.jpg,640,640,knife,179,121,263,221,84,100
Carlos-pistol-1_jpg.rf.6f46d8a14157381b09507a39025c130c.jpg,640,640,gun,279,348,385,639,106,291
batch_83_jpg.rf.6f4b261527733b7a36204a671d0c500c.jpg,640,640,gun,2,243,41,284,39,41
batch_83_jpg.rf.6f4b261527733b7a36204a671d0c500c.jpg,640,640,gun,319,237,363,280,44,43
batch_83_jpg.rf.6f4b261527733b7a36204a671d0c500c.jpg,640,640,gun,0,556,42,603,42,47
batch_83_jpg.rf.6f4b261527733b7a36204a671d0c500c.jpg,640,640,gun,319,532,353,589,34,57
2022-04-21_417_jpg.rf.6f6ebcdc5a1208e58d43f4f3c1e816a8.jpg,640,640,knife,272,359,305,442,33,83
knife_565_jpg.rf.6f5897f2b44d6941127bb3ac16650cbb.jpg,640,640,knife,119,62,565,365,446,303
KravMagaKnifeDefenseTechniques107_jpg.rf.6f5dee1786e0257c1ff77eb2e0937b69.jpg,640,640,knife,164,203,226,295,62,92
batch_231_jpg.rf.6feced5cd50dffd2d163a97bbe732445.jpg,640,640,knife,109,231,155,265,46,34
batch_231_jpg.rf.6feced5cd50dffd2d163a97bbe732445.jpg,640,640,knife,413,185,459,236,46,51
batch_231_jpg.rf.6feced5cd50dffd2d163a97bbe732445.jpg,640,640,knife,93,505,139,556,46,51
batch_231_jpg.rf.6feced5cd50dffd2d163a97bbe732445.jpg,640,640,knife,431,522,481,563,50,41
knife_1140_jpg.rf.6f637f69bd360502eca7942af3b39e4d.jpg,640,640,knife,469,262,520,473,51,211
7_7_asd_00140886_jpg.rf.6f1abb81e25089c10dcb8c2c58b9de50.jpg,640,640,gun,170,269,516,431,346,162
batch_213_jpg.rf.6f41f06e7886f036842c5e733dd7df3b.jpg,640,640,gun,207,138,235,181,28,43
batch_213_jpg.rf.6f41f06e7886f036842c5e733dd7df3b.jpg,640,640,gun,527,192,555,234,28,42
batch_213_jpg.rf.6f41f06e7886f036842c5e733dd7df3b.jpg,640,640,gun,202,508,220,549,18,41
batch_213_jpg.rf.6f41f06e7886f036842c5e733dd7df3b.jpg,640,640,gun,566,450,598,492,32,42
knife_52_jpg.rf.7002935a0ce07b5ec08e81e708cff928.jpg,640,640,knife,9,65,482,483,473,418
102417140_1682_jpg.rf.6f215c423efb6a29dd0c2bb4e2a6e1a8.jpg,640,640,gun,185,374,314,522,129,148
La_Crime-M1911-5_jpg.rf.6f6a0db407505684dd7d4d805dabdc19.jpg,640,640,gun,199,198,246,278,47,80
Gun_210_jpg.rf.700443dbf3df67ce10740bb751e1f695.jpg,640,640,gun,226,0,561,640,335,640
6_22_1_0001512_jpg.rf.6f8fe9e623ba8edf72a44e9d194e2ccc.jpg,640,640,gun,159,102,315,310,156,208
knife_257_jpg.rf.6faeea94fce84d1552618bfc709e232b.jpg,640,640,knife,147,0,445,339,298,339
knife_16_jpg.rf.6fd7213fb75cded4f8eb74db23b91c30.jpg,640,640,knife,67,41,441,513,374,472
6_22_2_0001544_jpg.rf.6fd2fc934a224c551e716fa1db05022f.jpg,640,640,gun,319,175,362,249,43,74
knife_455_jpg.rf.6ffe43d8c36cf9316dbd198748a9274f.jpg,640,640,knife,311,262,635,548,324,286
knife_1099_jpg.rf.6f7722eeef165568496d744af469f44e.jpg,640,640,knife,346,340,392,581,46,241
102391049_558_jpg.rf.7047fd2bcc6f73ffdf8d4bac4aa278a4.jpg,640,640,gun,430,202,455,241,25,39
image186_jpg.rf.6fdfad0ebaeff0eafebb30130ea30617.jpg,640,640,gun,112,226,490,639,378,413
batch_124_jpg.rf.7040104f546801d3bbe516c24dd252ff.jpg,640,640,knife,139,50,242,228,103,178
batch_124_jpg.rf.7040104f546801d3bbe516c24dd252ff.jpg,640,640,knife,447,215,481,243,34,28
batch_124_jpg.rf.7040104f546801d3bbe516c24dd252ff.jpg,640,640,knife,129,537,158,562,29,25
batch_124_jpg.rf.7040104f546801d3bbe516c24dd252ff.jpg,640,640,knife,471,369,558,523,87,154
2022-04-15_139_jpg.rf.6fa3f88152f6d6d2638d705edfebb709.jpg,640,640,knife,343,502,400,546,57,44
Kal-colt70g_jpg.rf.6f9d1c2361ef9a8ae0f51c22508cb3fe.jpg,640,640,gun,390,472,599,629,209,157
sharpenKnife261_jpg.rf.6f66de26aaf76ddbf8d2c8752ac7684c.jpg,640,640,knife,246,429,300,494,54,65
Gun_1963_jpg.rf.7028106166a6f65f8d02f0c6e111b5be.jpg,640,640,gun,258,284,347,425,89,141
gun_2_1_1__0008655_jpg.rf.7049fe4364063eda10059a9d908757a5.jpg,640,640,gun,309,343,359,391,50,48
21_jpg.rf.7013f86b2564686d468eac28e40f879c.jpg,640,640,knife,299,23,416,603,117,580
knife_1031_jpg.rf.704ab6907d7390eb10bbe6ba304a1e3e.jpg,640,640,knife,245,368,376,477,131,109
Gun_2223_jpg.rf.701ec23bcc42196f21fa15d7ff6610d0.jpg,640,640,gun,171,169,279,382,108,213
DefenseKnifeAttack0452_jpg.rf.704ca11308a243d1da9a4da367bf8c9a.jpg,640,640,knife,125,489,189,623,64,134
batch_315_jpg.rf.7053717c5bd6a1374ec1a6d39b09897f.jpg,640,640,gun,117,107,166,176,49,69
batch_315_jpg.rf.7053717c5bd6a1374ec1a6d39b09897f.jpg,640,640,gun,441,48,477,119,36,71
batch_315_jpg.rf.7053717c5bd6a1374ec1a6d39b09897f.jpg,640,640,gun,100,319,129,366,29,47
batch_315_jpg.rf.7053717c5bd6a1374ec1a6d39b09897f.jpg,640,640,gun,446,345,473,425,27,80
KravMagaKnifeDefenseTechniques759_jpg.rf.7068f7b1645d7ec9208701ac51b84c97.jpg,640,640,knife,229,433,319,505,90,72
DSC_0017_JPG_jpg.rf.707619b92da3b8b87d640e43c4acc13a.jpg,640,640,knife,190,360,276,465,86,105
6_22_2_0002360_jpg.rf.705387cca0a429688d049eddf703fae4.jpg,640,640,gun,180,157,226,223,46,66
knife_1214_jpg.rf.70806639b023cc08c586591eb9d6e917.jpg,640,640,knife,290,414,366,544,76,130
2022-04-15_119_jpg.rf.703de8fa639b01a136520a096e7fe6dc.jpg,640,640,knife,317,568,388,615,71,47
11_12_252_jpg.rf.70c333e71c3ffe7bb8b8dc7e59a612d5.jpg,640,640,gun,154,39,533,305,379,266
KravMagaKnifeDefenseTechniques110_jpg.rf.7078751aefabc4f0c0b9f260e81b8b45.jpg,640,640,knife,172,191,234,285,62,94
DSC_0059_JPG_jpg.rf.708e4f3878e9282b9087ea37c4cedabf.jpg,640,640,knife,294,365,339,435,45,70
Arlington_Road-P226-2_jpg.rf.705668241263492f00f72d50828a155d.jpg,640,640,gun,384,203,466,453,82,250
knife_340_jpg.rf.707caeb00a13cb3d2ff7af96a94cc530.jpg,640,640,knife,0,227,349,423,349,196
Dilcap-c11c_jpg.rf.70bdbd7b0d7b4fae9421189dff593f91.jpg,640,640,gun,338,130,413,201,75,71
6_22_1_0001812_jpg.rf.7083340173e23dcf639c53d205ea1cc2.jpg,640,640,gun,321,214,432,398,111,184
batch_390_jpg.rf.709c342a3d5e544b5ff566de091fce9e.jpg,640,640,gun,88,111,121,137,33,26
batch_390_jpg.rf.709c342a3d5e544b5ff566de091fce9e.jpg,640,640,gun,436,67,459,112,23,45
batch_390_jpg.rf.709c342a3d5e544b5ff566de091fce9e.jpg,640,640,gun,166,475,190,533,24,58
batch_390_jpg.rf.709c342a3d5e544b5ff566de091fce9e.jpg,640,640,gun,475,396,489,440,14,44
gun_3_3_1__0002172_jpg.rf.7100c96bd6075d90bb5263fcd23db80e.jpg,640,640,gun,57,293,115,438,58,145
knife_222_jpg.rf.70fc2ab8d3fcce0dfb610364592cca61.jpg,640,640,knife,20,26,414,423,394,397
DefenseKnifeAttack0912_jpg.rf.70ab072465566bb4be216751513ddb29.jpg,640,640,knife,280,455,346,591,66,136
knife_652_jpg.rf.712426e55b3dd602a04ff616cff9f966.jpg,640,640,knife,162,85,200,409,38,324
knife_654_jpg.rf.70721479ea8e25f7e2b82e966a021bb0.jpg,640,640,knife,293,153,389,489,96,336
knife_52_jpg.rf.7118958f950d0da3a99333d455aa7702.jpg,640,640,knife,9,64,481,483,472,419
Ninja_III-SW19-1_jpg.rf.712721731e3c8b1dcfced248704674ba.jpg,640,640,gun,7,425,90,537,83,112
knife_1299_jpg.rf.71467aca2238c2401529d1f6530dbb7a.jpg,640,640,knife,246,192,279,308,33,116
BigMR_Stank_Poot_revolver2_jpg.rf.712a258cafdf332ed7c8a98adc83f6a8.jpg,640,640,gun,235,205,344,292,109,87
BigMR_Stank_Poot_revolver2_jpg.rf.712a258cafdf332ed7c8a98adc83f6a8.jpg,640,640,gun,336,207,388,267,52,60
Gun_2148_jpg.rf.7148d7804a31c78ba481c207ed2cf892.jpg,640,640,gun,72,101,446,503,374,402
OpenRangeColtSAA-15_jpg.rf.713b7a3e7de8dc4b47a130efd8657bc8.jpg,640,640,gun,260,20,334,341,74,321
DSC_0048_JPG_jpg.rf.712a7cc85d3a243bd262a80429e91ff3.jpg,640,640,knife,294,394,319,504,25,110
gun_2_1_1__0000905_jpg.rf.713cbd2593b307efae3679383761ea86.jpg,640,640,gun,298,345,334,375,36,30
6_22_1_0001420_jpg.rf.718cc1b6dfda75e5481144525b8ec6cf.jpg,640,640,gun,272,104,432,290,160,186
Gun_268_jpg.rf.7147021bf694f90fcfccc15e246803c4.jpg,640,640,gun,4,0,620,613,616,613
IntimateEnemies-MK2_jpg.rf.71fa3eb1fd54a46796ad82545e08ae31.jpg,640,640,gun,170,373,361,580,191,207
NBtB-ArisakaT38_jpg.rf.71fa8e9869948df6cc65584ad982ed2d.jpg,640,640,gun,136,302,472,496,336,194
DefenseKnifeAttack0782_jpg.rf.71d85eb6c573efe1f48a559a77c66cc7.jpg,640,640,knife,209,530,311,579,102,49
354_jpg.rf.713646cedc5cab07e10dcdee1126568c.jpg,640,640,knife,425,83,514,542,89,459
93_jpg.rf.714113a223b0ec43e084e2f32e95c920.jpg,640,640,knife,250,372,296,414,46,42
Dezertir-SVD-4_jpg.rf.716035e77789382d2ea3428c6b13af3a.jpg,640,640,gun,206,101,626,369,420,268
knife_277_jpg.rf.71eea31bd5a9671ac63137015e1e8c68.jpg,640,640,knife,30,204,296,390,266,186
sharpenKnife301_jpg.rf.71e2580f8906fc115fc7a9699b32e149.jpg,640,640,knife,335,146,640,474,305,328
DefenseKnifeAttack0027_jpg.rf.716e274d4f12bc82ac39601cf1adf939.jpg,640,640,knife,238,407,277,526,39,119
6_22_1_0001712_jpg.rf.71808b4bc416eb8f16fc1f0deb474eeb.jpg,640,640,gun,281,23,382,247,101,224
171_jpg.rf.717ba983425bff3ffa402ac468be7e42.jpg,640,640,knife,314,511,341,618,27,107
gun_5m_run_0002240_jpg.rf.71718b7702f56865929dc294a7166ea1.jpg,640,640,gun,246,234,294,359,48,125
DSC_00291_JPG_jpg.rf.71f7a72f51001f21c45bf176b91ca34a.jpg,640,640,knife,289,297,362,341,73,44
batch_109_jpg.rf.71bcf14b7ca350a7b6ebb04e8632a3a2.jpg,640,640,knife,175,47,245,153,70,106
batch_109_jpg.rf.71bcf14b7ca350a7b6ebb04e8632a3a2.jpg,640,640,knife,485,31,578,148,93,117
batch_109_jpg.rf.71bcf14b7ca350a7b6ebb04e8632a3a2.jpg,640,640,knife,168,485,194,508,26,23
batch_109_jpg.rf.71bcf14b7ca350a7b6ebb04e8632a3a2.jpg,640,640,knife,492,487,505,539,13,52
11_12_868_jpg.rf.71fe0749124cb345d1916798f416d379.jpg,640,640,gun,141,113,523,574,382,461
RusoClases795_jpg.rf.7118528fce09f27784f5f2046e2585ed.jpg,640,640,knife,448,337,528,408,80,71
DH_AUG_jpg.rf.721c35207ab375de49dcbcdb9528847b.jpg,640,640,gun,204,106,433,639,229,533
batch_275_jpg.rf.7220534096def2ef9618a35516e27e56.jpg,640,640,knife,152,247,164,309,12,62
batch_275_jpg.rf.7220534096def2ef9618a35516e27e56.jpg,640,640,knife,468,126,482,186,14,60
batch_275_jpg.rf.7220534096def2ef9618a35516e27e56.jpg,640,640,knife,183,498,214,512,31,14
batch_275_jpg.rf.7220534096def2ef9618a35516e27e56.jpg,640,640,knife,469,447,481,507,12,60
DSC_0030_JPG_jpg.rf.72404b35b896f5ae9e7f2b61f6103eaa.jpg,640,640,knife,271,363,317,395,46,32
knife_246_jpg.rf.720aac706306407f1188c0ef199d142c.jpg,640,640,knife,50,79,449,463,399,384
11132343_68_jpg.rf.72479cf46f1b599aaf70bfe7447e0ed3.jpg,640,640,gun,370,102,467,355,97,253
knife_1307_jpg.rf.724ca660db174feef8f0db9aadaf5f56.jpg,640,640,knife,307,137,377,301,70,164
51_jpg.rf.723fb83d9a1896be2939c09b79bc319a.jpg,640,640,knife,240,446,262,514,22,68
6_22_4_0004544_jpg.rf.720ec6d6d834a6486bdd0b7a117021d0.jpg,640,640,gun,399,365,438,475,39,110
knife_20_jpg.rf.7230167ec7a3bd1bd4bd6e1f3970a887.jpg,640,640,knife,189,155,510,483,321,328
ItLoD5MM_UZI_2_jpg.rf.723684376583cb053b9dd16e90df647e.jpg,640,640,gun,322,284,446,481,124,197
1014151719_2751_jpg.rf.72059460d8606b751bafa415e411a62a.jpg,640,640,gun,158,162,287,378,129,216
knife_266_jpg.rf.7223f1c706ba8ab4c242cdd05b57e2af.jpg,640,640,knife,60,51,382,266,322,215
knife_1025_jpg.rf.722cab6c0599febdbca584856f177ab0.jpg,640,640,knife,414,256,478,459,64,203
102423400_340_jpg.rf.7239c350ed525be5e673a4b3a70ae442.jpg,640,640,gun,3,24,624,629,621,605
6_22_4_0009356_jpg.rf.72563ca656eb07ac704c9bdaffcb1701.jpg,640,640,gun,186,178,233,238,47,60
37_jpg.rf.724af59a6947784b04fd3f1fe7b22b26.jpg,640,640,knife,242,462,266,529,24,67
DefenseAndSurvive04_jpg.rf.7273ed68ba71c270107a8256261cf6d9.jpg,640,640,knife,194,414,283,623,89,209
Riob-saaq1_jpg.rf.7267c4afedfa52127bc524ea672ef9ef.jpg,640,640,gun,209,434,298,558,89,124
knife_860_jpg.rf.7288a93660ba9b1f7d385707826bdd9d.jpg,640,640,knife,14,482,129,628,115,146
DDWaltherP38-3_jpg.rf.72911e11b1d263b5f9793bf054ca1091.jpg,640,640,gun,165,172,536,638,371,466
225_jpg.rf.7290f118d7c51fe66f244424c88d0bb7.jpg,640,640,knife,343,73,422,499,79,426
OsombieHK416-3-_jpg.rf.726234580d361ed6ad25826aaacc88e2.jpg,640,640,gun,283,153,390,334,107,181
22_Bullets-Pistol-27_jpg.rf.728e33f340d17da6fa700574a70252c8.jpg,640,640,gun,412,271,467,382,55,111
DSC_0017_JPG_jpg.rf.72d3a10c6ce479a4185d5a880971877f.jpg,640,640,knife,190,359,275,463,85,104
DefenseKnifeAttack0517_jpg.rf.72aac65f995c738b75f4aa59ea3ccef8.jpg,640,640,knife,61,538,157,617,96,79
knife_979_jpg.rf.727394efd922e7760eb76e004db4490a.jpg,640,640,knife,134,307,204,459,70,152
batch_382_jpg.rf.72c3999456c06f509a3918db26444502.jpg,640,640,gun,58,126,105,271,47,145
batch_382_jpg.rf.72c3999456c06f509a3918db26444502.jpg,640,640,gun,439,105,459,222,20,117
batch_382_jpg.rf.72c3999456c06f509a3918db26444502.jpg,640,640,gun,108,432,133,547,25,115
batch_382_jpg.rf.72c3999456c06f509a3918db26444502.jpg,640,640,gun,440,449,461,557,21,108
knife_1123_jpg.rf.73025d2602c753b8808d547a478df0b6.jpg,640,640,knife,197,311,287,445,90,134
DSC_00151_JPG_jpg.rf.72fa70d48861c68d6c8af3686f6fd717.jpg,640,640,knife,274,257,311,318,37,61
Never_Say_Die-Shotgun-10_jpg.rf.72e0d8357cb14ef6cdf1840986879c71.jpg,640,640,gun,364,178,423,251,59,73
Never_Say_Die-Shotgun-10_jpg.rf.72e0d8357cb14ef6cdf1840986879c71.jpg,640,640,gun,20,142,278,238,258,96
102311578_2940_jpg.rf.72d052d62b0939475df5d79b35c7083d.jpg,640,640,gun,380,226,424,329,44,103
gun_3_2_1__0000776_jpg.rf.72e6432110a7cafb131e40826f2dd9bf.jpg,640,640,gun,135,62,252,367,117,305
knife_47_jpg.rf.72f8d2b8fb70994eb1ba6bf0a95442d5.jpg,640,640,knife,73,54,626,630,553,576
143_jpg.rf.72e829cb33cc074eadfe71bcc9fc6b63.jpg,640,640,knife,374,309,485,545,111,236
null_image.jpg,640,640,,,,,,0,0
batch_10_jpg.rf.730cd47d7d274f7755da2a5621838276.jpg,640,640,knife,189,114,221,232,32,118
batch_10_jpg.rf.730cd47d7d274f7755da2a5621838276.jpg,640,640,knife,325,228,357,286,32,58
batch_10_jpg.rf.730cd47d7d274f7755da2a5621838276.jpg,640,640,knife,2,540,30,601,28,61
batch_10_jpg.rf.730cd47d7d274f7755da2a5621838276.jpg,640,640,knife,434,484,447,531,13,47
80_jpg.rf.72e7f6f64342ce5d5bf9e4edd40827d8.jpg,640,640,knife,220,199,248,290,28,91
sharpenKnife161_jpg.rf.7306a1027b343995ce3eafe21d9622cb.jpg,640,640,knife,279,315,403,385,124,70
batch_207_jpg.rf.7329e032fec20faab1499b27293a7478.jpg,640,640,knife,135,84,155,138,20,54
batch_207_jpg.rf.7329e032fec20faab1499b27293a7478.jpg,640,640,knife,455,121,498,170,43,49
batch_207_jpg.rf.7329e032fec20faab1499b27293a7478.jpg,640,640,knife,49,336,131,544,82,208
batch_207_jpg.rf.7329e032fec20faab1499b27293a7478.jpg,640,640,knife,471,497,492,559,21,62
7_jpg.rf.72cf881b8015cc6d54c8ca65d5c66395.jpg,640,640,knife,227,217,336,414,109,197
10257727_2902_jpg.rf.734c23252ff7bc03a14136d1d1c4cc2c.jpg,640,640,gun,151,343,506,588,355,245
knife_551_jpg.rf.732f52917f0e3054ea75e1826952787e.jpg,640,640,knife,138,142,454,516,316,374
knife_271_jpg.rf.739d477156d5d809b1fc2502cc4f49e9.jpg,640,640,knife,280,338,420,574,140,236
DSC_00321_JPG_jpg.rf.73bbaacb92bf22716a93e1aa4d3118cc.jpg,640,640,knife,338,371,354,477,16,106
batch_258_jpg.rf.733bdb41928436fd82acb25d7628ed0b.jpg,640,640,gun,102,103,210,319,108,216
batch_258_jpg.rf.733bdb41928436fd82acb25d7628ed0b.jpg,640,640,gun,348,118,440,205,92,87
batch_258_jpg.rf.733bdb41928436fd82acb25d7628ed0b.jpg,640,640,gun,165,440,208,586,43,146
batch_258_jpg.rf.733bdb41928436fd82acb25d7628ed0b.jpg,640,640,gun,321,328,632,626,311,298
Unthinkable_S-W_3_jpg.rf.73622558b86034a8be1363f68b473a1e.jpg,640,640,gun,425,267,556,513,131,246
gun_3_1_1__0002476_jpg.rf.7353499729359dcf5ea4701dcc6e3877.jpg,640,640,gun,262,299,311,451,49,152
10219470_1872_jpg.rf.73c4f3083a7a3b460164b8513479ee74.jpg,640,640,gun,119,441,235,547,116,106
knife_1294_jpg.rf.7387e88ec6c08ffad104e31ea0dc7b01.jpg,640,640,knife,462,259,496,399,34,140
knife_1064_jpg.rf.73afbaadf55cd899fbd270e6c128a8cd.jpg,640,640,knife,229,240,283,411,54,171
knife_818_jpg.rf.73089ec91603d0cbc261ef283167a66d.jpg,640,640,knife,109,355,169,540,60,185
11_12_1116_jpg.rf.7373cfbfb1757c07bfeeea1195c94ffa.jpg,640,640,gun,205,72,556,559,351,487
knife_1207_jpg.rf.7357663a1e37f1d0c30177d5aceb69dd.jpg,640,640,knife,369,385,409,563,40,178
knife_688_jpg.rf.7331a70bf76b8dd36774a1b9b54c251a.jpg,640,640,knife,105,103,214,517,109,414
knife_688_jpg.rf.7331a70bf76b8dd36774a1b9b54c251a.jpg,640,640,knife,260,103,352,557,92,454
gun_2_1_1__0014065_jpg.rf.73b54dcf3b96a0863e45dea71e18ce8d.jpg,640,640,gun,214,443,275,504,61,61
knife_397_jpg.rf.7366472f27aef6e4dbc531f605d0a8c0.jpg,640,640,knife,5,263,309,634,304,371
138_jpg.rf.736237e5a268f1166e12397a2d6e9d55.jpg,640,640,knife,108,126,306,403,198,277
6_22_4_0011476_jpg.rf.7360d1837bf4595d133cb3e7a09a9510.jpg,640,640,gun,364,102,396,230,32,128
batch_77_jpg.rf.73cc9e382af419864ede81db3a721eea.jpg,640,640,knife,182,100,198,137,16,37
batch_77_jpg.rf.73cc9e382af419864ede81db3a721eea.jpg,640,640,knife,430,162,620,272,190,110
batch_77_jpg.rf.73cc9e382af419864ede81db3a721eea.jpg,640,640,knife,139,361,228,633,89,272
batch_77_jpg.rf.73cc9e382af419864ede81db3a721eea.jpg,640,640,knife,459,362,548,633,89,271
NTFD_T33-4_jpg.rf.732fe61ba72711a2bd1bbf0335daa0e6.jpg,640,640,gun,196,79,463,468,267,389
batch_272_jpg.rf.73c6f49049a6ed41e88310169cc28846.jpg,640,640,knife,124,173,146,212,22,39
batch_272_jpg.rf.73c6f49049a6ed41e88310169cc28846.jpg,640,640,knife,461,222,487,243,26,21
batch_272_jpg.rf.73c6f49049a6ed41e88310169cc28846.jpg,640,640,knife,227,414,244,503,17,89
batch_272_jpg.rf.73c6f49049a6ed41e88310169cc28846.jpg,640,640,knife,468,496,519,538,51,42
knife_692_jpg.rf.73677cf43587661d367d17743376e317.jpg,640,640,knife,249,177,417,412,168,235
null_image.jpg,640,640,,,,,,0,0
KravMagaKnifeDefenseTechniques126_jpg.rf.743097f2a7a9be04f37b133a0dd6b40a.jpg,640,640,knife,148,177,229,268,81,91
197_jpg.rf.742ffcf257c3ad96bf255c7ac77210ae.jpg,640,640,knife,311,439,332,530,21,91
Podnyataya_tselina-Nagant-3_jpg.rf.73d4adb4a51d563cf6d07a84972bb298.jpg,640,640,gun,0,418,197,573,197,155
HK_VP9_SR_tactical_pistol_jpg.rf.749f3291b23d6d22e51ba787f5be5766.jpg,640,640,gun,5,1,639,638,634,637
batch_322_jpg.rf.744dff06a0caaf8b154464d9076f9c84.jpg,640,640,gun,69,147,89,177,20,30
batch_322_jpg.rf.744dff06a0caaf8b154464d9076f9c84.jpg,640,640,gun,511,141,528,171,17,30
batch_322_jpg.rf.744dff06a0caaf8b154464d9076f9c84.jpg,640,640,gun,198,466,216,493,18,27
batch_322_jpg.rf.744dff06a0caaf8b154464d9076f9c84.jpg,640,640,gun,486,470,507,501,21,31
knife_583_jpg.rf.7424103cc6231937034f43c72fd751ae.jpg,640,640,knife,242,45,486,425,244,380
batch_239_jpg.rf.749fabac99890290a0589aef279516d3.jpg,640,640,gun,194,39,271,185,77,146
batch_239_jpg.rf.749fabac99890290a0589aef279516d3.jpg,640,640,gun,350,59,384,114,34,55
batch_239_jpg.rf.749fabac99890290a0589aef279516d3.jpg,640,640,gun,90,404,143,497,53,93
batch_239_jpg.rf.749fabac99890290a0589aef279516d3.jpg,640,640,gun,356,519,457,602,101,83
batch_239_jpg.rf.749fabac99890290a0589aef279516d3.jpg,640,640,gun,568,530,626,611,58,81
batch_443_jpg.rf.744f20c818497da459a5d46d0be3e6aa.jpg,640,640,gun,144,153,258,283,114,130
batch_443_jpg.rf.744f20c818497da459a5d46d0be3e6aa.jpg,640,640,gun,484,241,534,305,50,64
batch_443_jpg.rf.744f20c818497da459a5d46d0be3e6aa.jpg,640,640,gun,71,459,205,586,134,127
batch_443_jpg.rf.744f20c818497da459a5d46d0be3e6aa.jpg,640,640,gun,425,474,457,582,32,108
batch_443_jpg.rf.744f20c818497da459a5d46d0be3e6aa.jpg,640,640,gun,504,387,567,485,63,98
null_image.jpg,640,640,,,,,,0,0
FOTI-SnubMud04a_jpg.rf.745313cc36feb7c79435b5f11d31e80a.jpg,640,640,gun,87,485,163,630,76,145
FOTI-SnubMud04a_jpg.rf.745313cc36feb7c79435b5f11d31e80a.jpg,640,640,gun,428,529,486,613,58,84
4406_jpg.rf.74aad9f5169388e8f7c61cfc51266829.jpg,640,640,knife,540,162,572,273,32,111
102415233_1332_jpg.rf.745ff1496323f5f5d34c96c0de91765f.jpg,640,640,gun,188,151,484,475,296,324
knife_335_jpg.rf.74737edfd39e0fc3e2f6bd8128a2ba2c.jpg,640,640,knife,29,325,337,609,308,284
Nb-saa8_jpg.rf.74add50888d1a565afc10f207162cf76.jpg,640,640,gun,350,219,445,403,95,184
batch_347_jpg.rf.7518b458a2c8db6d75a8a1e28b3167d1.jpg,640,640,gun,5,1,313,311,308,310
batch_347_jpg.rf.7518b458a2c8db6d75a8a1e28b3167d1.jpg,640,640,gun,323,17,630,308,307,291
batch_347_jpg.rf.7518b458a2c8db6d75a8a1e28b3167d1.jpg,640,640,gun,88,370,125,435,37,65
batch_347_jpg.rf.7518b458a2c8db6d75a8a1e28b3167d1.jpg,640,640,gun,319,436,638,546,319,110
gun_2_1_1__0007855_jpg.rf.745e82812d2edc3e3ec90710aaf335fb.jpg,640,640,gun,261,331,295,371,34,40
knife_886_jpg.rf.74cce3926d9066939235341e21ef45f1.jpg,640,640,knife,65,391,139,565,74,174
05_14_0000314_jpg.rf.753777f0e9a67bb7ca102cb4aa460b51.jpg,640,640,gun,23,249,615,430,592,181
1364532_00__01909_jpg.rf.74c20698f6c051ee3e13d2378fd059fc.jpg,640,640,gun,166,150,207,317,41,167
HOHW_35_jpg.rf.74ad87aebf159334855979611015e534.jpg,640,640,gun,272,318,413,565,141,247
68_jpg.rf.74d0698ceea8e52102893c4f002e9d4c.jpg,640,640,knife,340,169,560,489,220,320
gun1_7m_static_0001464_jpg.rf.751aba1626f5349fe780ef77dd9744f5.jpg,640,640,gun,357,217,382,288,25,71
2022-04-15_74_jpg.rf.7517010ad066a380c979d5fb8b875b1d.jpg,640,640,knife,305,474,340,517,35,43
UniSol4_605_jpg.rf.75347c3653041e2ccf4bf4a60da02874.jpg,640,640,gun,229,116,572,479,343,363
Rt-coltns5_jpg.rf.7540d330b9708505d608fc4dc9ad54fc.jpg,640,640,gun,210,444,264,555,54,111
batch_250_jpg.rf.7569a8ee4d335d80944c68b746847d9f.jpg,640,640,gun,121,74,304,279,183,205
batch_250_jpg.rf.7569a8ee4d335d80944c68b746847d9f.jpg,640,640,gun,319,81,417,139,98,58
batch_250_jpg.rf.7569a8ee4d335d80944c68b746847d9f.jpg,640,640,gun,521,0,629,67,108,67
batch_250_jpg.rf.7569a8ee4d335d80944c68b746847d9f.jpg,640,640,gun,10,357,311,600,301,243
batch_250_jpg.rf.7569a8ee4d335d80944c68b746847d9f.jpg,640,640,gun,527,439,569,488,42,49
Batmanbegins0702_jpg.rf.757c230e91cf47728044e7848d8ed2e7.jpg,640,640,gun,142,124,274,331,132,207
Batmanbegins0702_jpg.rf.757c230e91cf47728044e7848d8ed2e7.jpg,640,640,gun,483,145,512,250,29,105
batch_27_jpg.rf.75a81b26603c068fc2498ebafc3311e8.jpg,640,640,gun,114,19,127,70,13,51
batch_27_jpg.rf.75a81b26603c068fc2498ebafc3311e8.jpg,640,640,gun,440,43,454,106,14,63
batch_27_jpg.rf.75a81b26603c068fc2498ebafc3311e8.jpg,640,640,gun,100,355,122,390,22,35
batch_27_jpg.rf.75a81b26603c068fc2498ebafc3311e8.jpg,640,640,gun,498,427,535,568,37,141
44_jpg.rf.756170e802fe0a8a37522e31f3e6ef1f.jpg,640,640,knife,300,325,342,499,42,174
knife_331_jpg.rf.75d6de0f66560578752e9000325c5fc1.jpg,640,640,knife,8,345,340,628,332,283
KravMagaTraining4036_jpg.rf.75aafb3d54b6398262fc1a0cb2a5d70c.jpg,640,640,knife,280,403,338,484,58,81
knife_871_jpg.rf.7638a90eea39bea233984ae409fd14e2.jpg,640,640,knife,63,487,124,640,61,153
LAaG-002_jpg.rf.75816370fdfc97fb6cb0e7186d19b9ab.jpg,640,640,gun,317,503,428,623,111,120
Capone-ctroop1_jpg.rf.7638d4a20c7e143c62de3cd49e5cb7a0.jpg,640,640,gun,322,371,441,583,119,212
batch_180_jpg.rf.75b8b89f903ab7373408df5f7bca71ea.jpg,640,640,knife,136,216,175,245,39,29
batch_180_jpg.rf.75b8b89f903ab7373408df5f7bca71ea.jpg,640,640,knife,456,216,496,245,40,29
batch_180_jpg.rf.75b8b89f903ab7373408df5f7bca71ea.jpg,640,640,knife,99,563,138,593,39,30
batch_180_jpg.rf.75b8b89f903ab7373408df5f7bca71ea.jpg,640,640,knife,422,555,462,574,40,19
10748_00__05735_jpg.rf.762779def569b7ad6a8a7b408d794d0b.jpg,640,640,gun,143,327,185,449,42,122
7_7_asd_00139980_jpg.rf.7620fe483c8e8cbd0eaf994f584480b2.jpg,640,640,gun,477,423,549,521,72,98
1649338737-4800613_jpg.rf.75b9df25283670eb6065f3510513f8e1.jpg,640,640,knife,260,189,325,640,65,451
knife_4_jpg.rf.764ece4498b464fe50a90db9c5b6573a.jpg,640,640,knife,12,145,382,492,370,347
258_jpg.rf.758c8729e83a8664d0cc105891f25724.jpg,640,640,knife,312,172,420,263,108,91
batch_297_jpg.rf.7641a0ce913be7c498e2bee8af6c30c9.jpg,640,640,knife,152,134,314,288,162,154
batch_297_jpg.rf.7641a0ce913be7c498e2bee8af6c30c9.jpg,640,640,knife,472,134,633,287,161,153
batch_297_jpg.rf.7641a0ce913be7c498e2bee8af6c30c9.jpg,640,640,knife,161,473,292,617,131,144
batch_297_jpg.rf.7641a0ce913be7c498e2bee8af6c30c9.jpg,640,640,knife,325,482,465,536,140,54
KravMagaTraining21139_jpg.rf.75b6032951c0692d39d061cf530786c2.jpg,640,640,knife,354,327,442,429,88,102
batch_311_jpg.rf.765ca1db1721254fd3b3dd10b1668a96.jpg,640,640,gun,142,138,180,249,38,111
batch_311_jpg.rf.765ca1db1721254fd3b3dd10b1668a96.jpg,640,640,gun,371,24,432,102,61,78
batch_311_jpg.rf.765ca1db1721254fd3b3dd10b1668a96.jpg,640,640,gun,476,41,528,99,52,58
batch_311_jpg.rf.765ca1db1721254fd3b3dd10b1668a96.jpg,640,640,gun,121,486,156,613,35,127
batch_311_jpg.rf.765ca1db1721254fd3b3dd10b1668a96.jpg,640,640,gun,391,451,447,638,56,187
KravMagaTraining20812_jpg.rf.763fcc6565bd0b3ea0e24a673d25b7a2.jpg,640,640,knife,214,482,294,559,80,77
ABTMP5b_jpg.rf.76a12b6a266bdf2c573d3ef29ea5b530.jpg,640,640,gun,308,458,464,639,156,181
ABTMP5b_jpg.rf.76a12b6a266bdf2c573d3ef29ea5b530.jpg,640,640,gun,226,32,424,494,198,462
knife_630_jpg.rf.763be83ecc7edf274f6f81813d183890.jpg,640,640,knife,307,152,399,469,92,317
1015143641_3303_jpg.rf.7647320aefb194b03b09b01029f99d88.jpg,640,640,gun,302,232,333,303,31,71
batch_135_jpg.rf.76a2c8218e19d3092359f89e7ffb6bf7.jpg,640,640,gun,5,1,315,318,310,317
batch_135_jpg.rf.76a2c8218e19d3092359f89e7ffb6bf7.jpg,640,640,gun,329,4,633,308,304,304
batch_135_jpg.rf.76a2c8218e19d3092359f89e7ffb6bf7.jpg,640,640,gun,113,414,135,537,22,123
batch_135_jpg.rf.76a2c8218e19d3092359f89e7ffb6bf7.jpg,640,640,gun,323,327,631,628,308,301
knife_543_jpg.rf.76b8bdaac1bf121761f7672b4ccb6243.jpg,640,640,knife,240,305,423,502,183,197
28_jpg.rf.766050552cbaa95295a4ead6d023b415.jpg,640,640,knife,375,269,491,640,116,371
Unthinkable_P228_2_jpg.rf.76ba9ecabe6baef35cece656376bfe83.jpg,640,640,gun,153,81,193,197,40,116
knife_914_jpg.rf.75e500fa06fb3406f574823934879e07.jpg,640,640,knife,72,396,142,556,70,160
Il_cittadino_si_ribella-OUShotgun-4_jpg.rf.7679f120d3df8b5f1449a856272e8815.jpg,640,640,gun,148,420,430,570,282,150
1649338726-477729_jpg.rf.763d1d0786403c0eb6ca7772c2f6bc6c.jpg,640,640,knife,354,166,412,619,58,453
knife_1050_jpg.rf.76b7dd88d04682404e17f0f3acf1bcd6.jpg,640,640,knife,293,370,422,482,129,112
6_22_2_0000356_jpg.rf.76643ac7890a8f006f7ac2a870dcff5c.jpg,640,640,gun,341,130,377,217,36,87
DefenseKnifeAttack0756_jpg.rf.76fa03365afdf48c0c4d1fc774916d17.jpg,640,640,knife,220,519,310,574,90,55
KravMagaTraining20147_jpg.rf.76fa5665d1277b27142266ac2fe7d2f6.jpg,640,640,knife,108,392,194,463,86,71
knife_1267_jpg.rf.770b3d56c987caa2c710ad4e8c11297c.jpg,640,640,knife,294,225,349,396,55,171
gun_3_1_1__0003108_jpg.rf.771a04b4dc8596d0aec5a05e54e898b6.jpg,640,640,gun,207,312,308,572,101,260
batch_306_jpg.rf.76df95bce32da001ef89e4f6610ad6bd.jpg,640,640,knife,7,12,204,204,197,192
batch_306_jpg.rf.76df95bce32da001ef89e4f6610ad6bd.jpg,640,640,knife,330,103,505,290,175,187
batch_306_jpg.rf.76df95bce32da001ef89e4f6610ad6bd.jpg,640,640,knife,37,404,112,574,75,170
batch_306_jpg.rf.76df95bce32da001ef89e4f6610ad6bd.jpg,640,640,knife,190,491,282,637,92,146
batch_306_jpg.rf.76df95bce32da001ef89e4f6610ad6bd.jpg,640,640,knife,399,330,557,528,158,198
knife_671_jpg.rf.770c5b891f03ce2bb5d6057b378f8c41.jpg,640,640,knife,302,168,394,501,92,333
gun_3_1_1__0000940_jpg.rf.76e7f8ee3b05a2876a7d55b8877ab06b.jpg,640,640,gun,225,341,285,497,60,156
KravMagaTraining20798_jpg.rf.76cdae7c580b1c9cfc0413416636c1db.jpg,640,640,knife,214,470,313,543,99,73
Die_Pyramide_des_Sonnengottes-SAA-3_jpg.rf.76cd24c55d13cf6fddb76dc4b473b48d.jpg,640,640,gun,290,442,355,613,65,171
knife_899_jpg.rf.771f1a0ea24cd2280f7ef693be6a4222.jpg,640,640,knife,51,499,129,639,78,140
gun_3_3_1__0004620_jpg.rf.7744121d15cae226bbda44a840efc664.jpg,640,640,gun,198,176,264,342,66,166
EAA_Witness_NewProduction_jpg.rf.770da774d28492e9cec5442c095e65e9.jpg,640,640,gun,4,9,625,622,621,613
6_22_3_0003652_jpg.rf.776d798f168e09c4dce19e5b164c0316.jpg,640,640,gun,105,191,190,230,85,39
DuM-001_jpg.rf.771e99f9451068f03d6fe5d982840e84.jpg,640,640,gun,68,153,248,552,180,399
1011125050_954_jpg.rf.76d17a34870e31937d87b97ed0e2a143.jpg,640,640,gun,168,58,492,337,324,279
null_image.jpg,640,640,,,,,,0,0
knife_223_jpg.rf.779ce62245476dfa51820699b9709b51.jpg,640,640,knife,37,33,408,582,371,549
CZ70_jpg.rf.77955df51f1b0fae76a8959b9781a914.jpg,640,640,gun,3,10,633,631,630,621
knife_1157_jpg.rf.778993d1696677a591e9fe268962a62c.jpg,640,640,knife,291,132,375,211,84,79
knife_173_jpg.rf.7793ab37b97ffcdb58572f22f4fedb82.jpg,640,640,knife,233,278,360,528,127,250
knife_173_jpg.rf.7793ab37b97ffcdb58572f22f4fedb82.jpg,640,640,knife,73,430,203,606,130,176
batch_280_jpg.rf.77f8ff19a4406df0ea2d8e1efed280a0.jpg,640,640,gun,1,2,316,315,315,313
batch_280_jpg.rf.77f8ff19a4406df0ea2d8e1efed280a0.jpg,640,640,gun,417,134,487,236,70,102
batch_280_jpg.rf.77f8ff19a4406df0ea2d8e1efed280a0.jpg,640,640,gun,76,427,158,625,82,198
batch_280_jpg.rf.77f8ff19a4406df0ea2d8e1efed280a0.jpg,640,640,gun,181,440,248,639,67,199
batch_280_jpg.rf.77f8ff19a4406df0ea2d8e1efed280a0.jpg,640,640,gun,482,430,506,515,24,85
BTPA_09_jpg.rf.77ad9b07c8c3c8d405339ff0204f27a5.jpg,640,640,gun,67,283,460,528,393,245
null_image.jpg,640,640,,,,,,0,0
11_12_1356_jpg.rf.77e25019886dc716258a78db9d33fec4.jpg,640,640,gun,44,27,570,605,526,578
6_22_3_0001440_jpg.rf.7840bc24fc16ef677a6f6ce1c1ea4e8e.jpg,640,640,gun,158,116,257,279,99,163
knife27_jpg.rf.77b7f0d4f92971624e36e0ff427e29d4.jpg,640,640,knife,108,311,405,597,297,286
batch_193_jpg.rf.78260e5c9412c2a39cf3cab03cdae184.jpg,640,640,gun,130,105,176,237,46,132
batch_193_jpg.rf.78260e5c9412c2a39cf3cab03cdae184.jpg,640,640,gun,417,146,470,254,53,108
batch_193_jpg.rf.78260e5c9412c2a39cf3cab03cdae184.jpg,640,640,gun,179,351,210,441,31,90
batch_193_jpg.rf.78260e5c9412c2a39cf3cab03cdae184.jpg,640,640,gun,460,499,492,602,32,103
image28_jpg.rf.780a86c447b7aa42dd9657f14e3d018c.jpg,640,640,gun,60,180,386,360,326,180
batch_201_jpg.rf.7860acb9fbbcec68f3682374dd961a2a.jpg,640,640,gun,99,187,238,318,139,131
batch_201_jpg.rf.7860acb9fbbcec68f3682374dd961a2a.jpg,640,640,gun,479,239,521,310,42,71
batch_201_jpg.rf.7860acb9fbbcec68f3682374dd961a2a.jpg,640,640,gun,43,454,108,609,65,155
batch_201_jpg.rf.7860acb9fbbcec68f3682374dd961a2a.jpg,640,640,gun,418,321,489,636,71,315
11_12_1378_jpg.rf.77db06a1261299d575d707a122fa1774.jpg,640,640,gun,4,0,624,608,620,608
7_7_asd_00131546_jpg.rf.7810fdd9f0ca3789d42b9b2bb08b16f0.jpg,640,640,gun,0,387,120,543,120,156
Diablo15_09_jpg.rf.7815815e42973028769ac18851ddc349.jpg,640,640,gun,469,69,614,376,145,307
Destination_Vegas-Beretta92-6_jpg.rf.7878d2cbabf35b72c328e04bafa5e7da.jpg,640,640,gun,205,401,335,572,130,171
BTILC-TEC9-3_jpg.rf.7883b2c2faa44820e65b69ac875e7ee9.jpg,640,640,gun,201,311,270,499,69,188
BTILC-TEC9-3_jpg.rf.7883b2c2faa44820e65b69ac875e7ee9.jpg,640,640,gun,252,473,330,623,78,150
264_jpg.rf.7884e2ddde1b8a6c7291a9a16d11f2ce.jpg,640,640,knife,166,199,568,305,402,106
6_22_1_0003268_jpg.rf.78484c516a5ae30166c75866410bf9f2.jpg,640,640,gun,340,272,389,463,49,191
DSC_0004_JPG_jpg.rf.789e5097fe08313b908dbbfe8f75296d.jpg,640,640,knife,211,216,250,308,39,92
gun_7m_run_0001104_jpg.rf.78932636b3433a96627a01b5990b84e2.jpg,640,640,gun,211,152,246,238,35,86
7_7_asd_00138904_jpg.rf.78427f697740578a7fb3b37f8816b665.jpg,640,640,gun,378,325,419,441,41,116
156_jpg.rf.78f3c1e2ff4254a32c5448ab4a7ac29b.jpg,640,640,knife,234,248,381,459,147,211
knife_383_jpg.rf.78bbd067265ef1a34aee20c7b67d45a6.jpg,640,640,knife,284,295,523,585,239,290
gun_2_1_1__0014200_jpg.rf.78dc2f1af3e92294066a9f3d01cbb845.jpg,640,640,gun,313,401,367,452,54,51
RSLV-FN1922-2_jpg.rf.78ec98117329b352aec9759ff447986d.jpg,640,640,gun,200,482,353,620,153,138
null_image.jpg,640,640,,,,,,0,0
05_14_0000023_jpg.rf.793f1120cae9966825b79f0da2eb2155.jpg,640,640,gun,7,52,623,615,616,563
102313810_7815_jpg.rf.78adcd3cb5a638267787feb387054979.jpg,640,640,gun,330,232,360,274,30,42
batch_175_jpg.rf.7900e152808dd60114eb9ad6407e2f1d.jpg,640,640,knife,466,414,503,472,37,58
batch_175_jpg.rf.7900e152808dd60114eb9ad6407e2f1d.jpg,640,640,knife,221,101,249,178,28,77
batch_175_jpg.rf.7900e152808dd60114eb9ad6407e2f1d.jpg,640,640,knife,227,445,249,528,22,83
batch_175_jpg.rf.7900e152808dd60114eb9ad6407e2f1d.jpg,640,640,knife,483,63,495,113,12,50
Topsecret-3_jpg.rf.7919469e463cd4cc01dc434c96b40748.jpg,640,640,gun,252,36,522,458,270,422
knife_547_jpg.rf.78c2820c0aa6553ae24fcf4be6c8e513.jpg,640,640,knife,277,192,354,328,77,136
batch_30_jpg.rf.793ea04fe5e166251bb6d40df4363874.jpg,640,640,gun,113,37,219,243,106,206
batch_30_jpg.rf.793ea04fe5e166251bb6d40df4363874.jpg,640,640,gun,503,170,537,212,34,42
batch_30_jpg.rf.793ea04fe5e166251bb6d40df4363874.jpg,640,640,gun,144,382,193,625,49,243
batch_30_jpg.rf.793ea04fe5e166251bb6d40df4363874.jpg,640,640,gun,367,419,486,556,119,137
241_jpg.rf.795f5915f638d854d8527d2ef8d9bcc4.jpg,640,640,knife,226,197,463,277,237,80
6_22_1_0001568_jpg.rf.7916af9e2cc70e9b6d6c3efc3b63934a.jpg,640,640,gun,298,147,443,282,145,135
Ruby-and-Quentin-01_jpg.rf.798353620d3dfe95cf8aaa3f55a8f320.jpg,640,640,gun,348,205,449,505,101,300
knife_36_jpg.rf.79216fc2534c5f3bd894665c27d73c16.jpg,640,640,knife,200,268,622,502,422,234
gun_2_1_1__0008400_jpg.rf.78c5c7b5fd717f015153187ead4d6b0b.jpg,640,640,gun,285,355,334,404,49,49
knife_1074_jpg.rf.791d28cabeb4168a61d1024f95912dc4.jpg,640,640,knife,194,268,326,508,132,240
The_Hitch-Hiker_revolver_1_5_jpg.rf.78abb7bd9fcffa2fcce8c8bd724264eb.jpg,640,640,gun,298,157,536,310,238,153
6_22_4_0010920_jpg.rf.794fc2a361c5baf6571f80062fe90943.jpg,640,640,gun,346,434,376,547,30,113
knife_197_jpg.rf.796c88bca2639a75e3c14446a3f60b52.jpg,640,640,knife,143,131,425,638,282,507
batch_18_jpg.rf.79268f312d7d4d1902ce1b96fc75b8a3.jpg,640,640,knife,58,57,158,132,100,75
batch_18_jpg.rf.79268f312d7d4d1902ce1b96fc75b8a3.jpg,640,640,knife,400,194,441,227,41,33
batch_18_jpg.rf.79268f312d7d4d1902ce1b96fc75b8a3.jpg,640,640,knife,94,538,132,576,38,38
batch_18_jpg.rf.79268f312d7d4d1902ce1b96fc75b8a3.jpg,640,640,knife,459,522,500,545,41,23
Gun_2279_jpg.rf.78b230c927efc6c37395eb691b4f10e6.jpg,640,640,gun,382,234,467,327,85,93
HitmanM1911A1-4-_jpg.rf.79cbd8a41df2f744bea981bab77bcf05.jpg,640,640,gun,2,245,137,496,135,251
DO-T56-8_jpg.rf.79a87d340a024cec05ea42746127a7f4.jpg,640,640,gun,183,331,433,530,250,199
KravMagaTraining417_jpg.rf.79ad3bb8f8d555fcdabf4d5c04666e40.jpg,640,640,knife,278,208,300,328,22,120
KravMagaTraining20890_jpg.rf.79e25faa2f7ea73db2192220ff060769.jpg,640,640,knife,360,468,452,542,92,74
KravMagaTraining20802_jpg.rf.79ab27cc2f29068f0b8277b7858773df.jpg,640,640,knife,248,446,345,522,97,76
gun_2_1_1__0005015_jpg.rf.79e63c0c77b1fa796e9b149c1396a02f.jpg,640,640,gun,264,297,297,355,33,58
7_7_asd_00128674_jpg.rf.79e9bbbae44e3720072f838802eb5512.jpg,640,640,gun,69,165,193,287,124,122
knife_1059_jpg.rf.79ba439064247d7175623fefdc1c0407.jpg,640,640,knife,81,130,303,460,222,330
KFS-Revolver-2_jpg.rf.799f410b2bf2312609bfa40ab2dffaa0.jpg,640,640,gun,25,75,123,623,98,548
6_22_2_0004080_jpg.rf.79bcb7413fe2ba85be5271816a69bcdc.jpg,640,640,gun,84,77,118,162,34,85
batch_226_jpg.rf.79e606ac763d9920296a7b390c530b79.jpg,640,640,knife,47,175,77,269,30,94
batch_226_jpg.rf.79e606ac763d9920296a7b390c530b79.jpg,640,640,knife,370,252,405,319,35,67
batch_226_jpg.rf.79e606ac763d9920296a7b390c530b79.jpg,640,640,knife,51,572,85,639,34,67
batch_226_jpg.rf.79e606ac763d9920296a7b390c530b79.jpg,640,640,knife,372,498,403,584,31,86
DefenseKnifeAttack0184_jpg.rf.79bc3cd003098870f37fab8456b32728.jpg,640,640,knife,162,371,252,460,90,89
knife_1317_jpg.rf.79d7ac6d667cdcf00f87fba7d6c90d37.jpg,640,640,knife,421,234,457,378,36,144
1649338719-8457937_jpg.rf.79f0100d81dde8c2abb41d588b99f4b9.jpg,640,640,knife,317,157,409,488,92,331
batch_68_jpg.rf.7a4172b6ab2e28d7275ac44c9110213d.jpg,640,640,knife,103,71,218,265,115,194
batch_68_jpg.rf.7a4172b6ab2e28d7275ac44c9110213d.jpg,640,640,knife,467,100,518,238,51,138
batch_68_jpg.rf.7a4172b6ab2e28d7275ac44c9110213d.jpg,640,640,knife,0,331,318,638,318,307
batch_68_jpg.rf.7a4172b6ab2e28d7275ac44c9110213d.jpg,640,640,knife,338,520,383,555,45,35
11_12_2444_jpg.rf.7a3de0dbb72ca843f671beeb20dc3b1e.jpg,640,640,gun,190,208,227,240,37,32
BC95_07_jpg.rf.7a27ae529626a875912e0df5bdf43da9.jpg,640,640,gun,348,401,426,605,78,204
knife_178_jpg.rf.7a3af84c2f26326ce8962a1a19992835.jpg,640,640,knife,138,64,513,575,375,511
Gun_2875_jpg.rf.7a338d266ba6902d490c73fe0f46717b.jpg,640,640,gun,20,44,606,584,586,540
gun_2_1_1__0013675_jpg.rf.7a064d5e56a3f1f18ab3bf59c4f4c9ce.jpg,640,640,gun,275,368,305,405,30,37
knife_1303_jpg.rf.7a0e1d3ee093917b7a69f13be8d10327.jpg,640,640,knife,213,179,302,325,89,146
PoD-Colt-1_jpg.rf.7a07a2455d896d92870dda92d0535169.jpg,640,640,gun,274,102,538,453,264,351
123_jpg.rf.7a0c1e090044e88a7a42c4962b92845c.jpg,640,640,knife,282,359,319,456,37,97
115_jpg.rf.7a62c8513bb6fc26da795c3f8d534114.jpg,640,640,knife,381,465,534,629,153,164
gun_3_3_1__0001008_jpg.rf.7aae5fefb20876eb1115ca85228463ae.jpg,640,640,gun,176,250,215,445,39,195
batch_16_jpg.rf.7a7da8f3959ee4b126aaac391c952e28.jpg,640,640,gun,199,100,227,165,28,65
batch_16_jpg.rf.7a7da8f3959ee4b126aaac391c952e28.jpg,640,640,gun,391,85,556,238,165,153
batch_16_jpg.rf.7a7da8f3959ee4b126aaac391c952e28.jpg,640,640,gun,183,347,280,535,97,188
batch_16_jpg.rf.7a7da8f3959ee4b126aaac391c952e28.jpg,640,640,gun,341,319,411,549,70,230
sharpenKnife109_jpg.rf.7a6b7e5ce9ca0b86eac38aa0444adfcd.jpg,640,640,knife,97,298,591,462,494,164
knife_433_jpg.rf.7a833d498cdaffef42b179a8ff7d0ad7.jpg,640,640,knife,302,332,608,611,306,279
Tretiy_dubl-PM-4_jpg.rf.7a47b933aa262351043fd33f5fa9fa94.jpg,640,640,gun,242,165,347,350,105,185
batch_129_jpg.rf.7a7f41fc9ae1a3a1ca32c37879e73d57.jpg,640,640,knife,170,106,312,274,142,168
batch_129_jpg.rf.7a7f41fc9ae1a3a1ca32c37879e73d57.jpg,640,640,knife,364,140,473,256,109,116
batch_129_jpg.rf.7a7f41fc9ae1a3a1ca32c37879e73d57.jpg,640,640,knife,2,358,144,491,142,133
batch_129_jpg.rf.7a7f41fc9ae1a3a1ca32c37879e73d57.jpg,640,640,knife,505,402,534,443,29,41
67_jpg.rf.7ab642a3e58657c4a1f7048e6ec7a6a2.jpg,640,640,knife,482,3,591,465,109,462
67_jpg.rf.7ab642a3e58657c4a1f7048e6ec7a6a2.jpg,640,640,knife,29,14,208,506,179,492
67_jpg.rf.7ab642a3e58657c4a1f7048e6ec7a6a2.jpg,640,640,knife,445,6,503,514,58,508
67_jpg.rf.7ab642a3e58657c4a1f7048e6ec7a6a2.jpg,640,640,knife,235,15,383,511,148,496
427_jpg.rf.7ac38e3322f138510334744fee3ce89a.jpg,640,640,knife,136,291,296,469,160,178
knife_230_jpg.rf.7acdbc76e7fb16039767b003d3a2ea80.jpg,640,640,knife,123,51,597,534,474,483
25thHr_03_jpg.rf.7aec3fab749642c4900b570656c62bc9.jpg,640,640,gun,0,250,192,492,192,242
92_jpg.rf.7b09f52a8e4050a978a109a3765df5c0.jpg,640,640,knife,254,21,360,640,106,619
gun_3_2_1__0000436_jpg.rf.7b2730f20aa06927af75036acab29ae0.jpg,640,640,gun,273,108,317,388,44,280
164_jpg.rf.7abe93e1913d37ee9fb46d825690b481.jpg,640,640,knife,311,153,475,310,164,157
DSC_00051_JPG_jpg.rf.7ad872eb887f254d38dfe306fed13a51.jpg,640,640,knife,292,255,311,360,19,105
batch_140_jpg.rf.7b2889e323a7d27cea4c7077b70b5b0f.jpg,640,640,knife,38,124,49,136,11,12
batch_140_jpg.rf.7b2889e323a7d27cea4c7077b70b5b0f.jpg,640,640,knife,46,58,311,312,265,254
batch_140_jpg.rf.7b2889e323a7d27cea4c7077b70b5b0f.jpg,640,640,knife,405,34,610,272,205,238
batch_140_jpg.rf.7b2889e323a7d27cea4c7077b70b5b0f.jpg,640,640,knife,2,320,204,533,202,213
batch_140_jpg.rf.7b2889e323a7d27cea4c7077b70b5b0f.jpg,640,640,knife,418,370,423,376,5,6
batch_140_jpg.rf.7b2889e323a7d27cea4c7077b70b5b0f.jpg,640,640,knife,430,329,628,545,198,216
3418_jpg.rf.7a5ae096699f36a5aa1a9d003a1aca6f.jpg,640,640,knife,394,54,449,432,55,378
Killers-M1911-2_jpg.rf.7af12d56ad08cb53d0c16377681801ff.jpg,640,640,gun,416,225,478,383,62,158
130_jpg.rf.7b1ec1c609256b3f03a40c56d02315e9.jpg,640,640,knife,134,137,294,420,160,283
knife_836_jpg.rf.7b31346d51d006593d2eef49a904255e.jpg,640,640,knife,55,490,133,639,78,149
knife_1184_jpg.rf.7b125a082adb41ccee13d2f2891a7a4f.jpg,640,640,knife,132,222,227,358,95,136
10178317_585_jpg.rf.7b45206f59879b078c659681458e605d.jpg,640,640,gun,127,67,501,636,374,569
gun_3_3_1__0002812_jpg.rf.7b1e51fb46cda7d3ad4282f8bbd75981.jpg,640,640,gun,310,361,398,576,88,215
knife_1109_jpg.rf.7b21db8f524d05da58a612ffce5d58be.jpg,640,640,knife,37,65,246,386,209,321
Kuffs_021_jpg.rf.7b5b5a214dc213eb534d5b423125ab74.jpg,640,640,gun,277,249,638,406,361,157
Kuffs_021_jpg.rf.7b5b5a214dc213eb534d5b423125ab74.jpg,640,640,gun,47,406,419,611,372,205
batch_436_jpg.rf.7adeb387dc866c2275fb8f18cf4ba83a.jpg,640,640,gun,124,121,153,153,29,32
batch_436_jpg.rf.7adeb387dc866c2275fb8f18cf4ba83a.jpg,640,640,gun,483,90,506,109,23,19
batch_436_jpg.rf.7adeb387dc866c2275fb8f18cf4ba83a.jpg,640,640,gun,122,425,159,482,37,57
batch_436_jpg.rf.7adeb387dc866c2275fb8f18cf4ba83a.jpg,640,640,gun,540,422,562,451,22,29
99_jpg.rf.7b4c6da4dfe67aba9c099e8176f9e106.jpg,640,640,knife,214,237,397,406,183,169
Gun_2402_jpg.rf.7b33685623c94224768084ba5cabae74.jpg,640,640,gun,0,0,628,619,628,619
knife_311_jpg.rf.7b5b9e37e9aad3f7568bc890541fc731.jpg,640,640,knife,308,261,528,555,220,294
6U_91_jpg.rf.7b3d66512e513f069310d02b738e203c.jpg,640,640,gun,442,9,532,200,90,191
41_jpg.rf.7b5bb6708a38ef0f444bfbe7792ecadd.jpg,640,640,knife,256,32,405,586,149,554
knife_481_jpg.rf.7b2e1b64b366ee7af30492ae1ab22ded.jpg,640,640,knife,184,196,302,578,118,382
DSC_00411_JPG_jpg.rf.7b8dbb982e65bf8247519c7e83d3b0e8.jpg,640,640,knife,281,247,351,288,70,41
knife_283_jpg.rf.7b66ad2ee26741cbd71a4f3bbce8a322.jpg,640,640,knife,265,15,451,317,186,302
null_image.jpg,640,640,,,,,,0,0
knife_279_jpg.rf.7b5594483dd7de4a3c063ad22da36ee4.jpg,640,640,knife,255,256,520,630,265,374
RealityKnifeAttacks0170_jpg.rf.7b84d099bf932f921fe160226b405987.jpg,640,640,knife,234,336,281,376,47,40
6_22_2_0002232_jpg.rf.7bb998626748d4fdab9e75a017fffcef.jpg,640,640,gun,205,374,250,459,45,85
null_image.jpg,640,640,,,,,,0,0
null_image.jpg,640,640,,,,,,0,0
2022-04-21_545_jpg.rf.7b7ee8d62443858259d80e7a87904646.jpg,640,640,knife,288,516,314,582,26,66
141_jpg.rf.7b7f182abb1bdd260907cf1364a3ff40.jpg,640,640,knife,348,106,492,429,144,323
60_jpg.rf.7b942c6fbfdd9f8bc3983a4805319d9f.jpg,640,640,knife,254,295,489,531,235,236
6_22_2_0003940_jpg.rf.7bd60cbee5f0201f32436c2a6eed5575.jpg,640,640,gun,445,193,499,262,54,69
6_22_3_0002484_jpg.rf.7b7cc03f38904d322666f1f489f506ea.jpg,640,640,gun,205,161,265,238,60,77
batch_43_jpg.rf.7bd9c98b79369cd68f67983a95bc7d88.jpg,640,640,gun,5,1,315,305,310,304
batch_43_jpg.rf.7bd9c98b79369cd68f67983a95bc7d88.jpg,640,640,gun,401,74,571,168,170,94
batch_43_jpg.rf.7bd9c98b79369cd68f67983a95bc7d88.jpg,640,640,gun,3,321,313,591,310,270
batch_43_jpg.rf.7bd9c98b79369cd68f67983a95bc7d88.jpg,640,640,gun,402,379,542,567,140,188
Gun_1634_jpg.rf.7b579619c96d14d5225f83a1f0446259.jpg,640,640,gun,143,47,626,615,483,568
1649338706-846585_jpg.rf.7b7893de14585e0803573ae69884b43d.jpg,640,640,knife,245,177,428,532,183,355
65_jpg.rf.7b5da88be1162bc2f0ca3e15d5ad6b58.jpg,640,640,knife,214,42,438,529,224,487
knife_548_jpg.rf.7bb87aec5cd1ecb1725692c57e4ae398.jpg,640,640,knife,267,133,407,619,140,486
30MoL_SW19_02_jpg.rf.7bc426fdb52e18c1f772c3949d512890.jpg,640,640,gun,128,22,168,220,40,198
205_jpg.rf.7ba99bf6bb22c73bf6637759799f0b0a.jpg,640,640,knife,289,549,314,640,25,91
KravMagaTraining658_jpg.rf.7baaa2e7081e9d837f744d0e7f798143.jpg,640,640,knife,417,301,449,425,32,124
gun_3_2_1__0002140_jpg.rf.7c394dfed3a20bfadc67641262b47bcf.jpg,640,640,gun,293,209,429,523,136,314
knife_1249_jpg.rf.7bfd22859471a8f4902077d5bbe4344f.jpg,640,640,knife,323,311,365,412,42,101
knife_1249_jpg.rf.7bfd22859471a8f4902077d5bbe4344f.jpg,640,640,knife,380,308,425,446,45,138
batch_167_jpg.rf.7c8716f5c5577a45cebeaf67d1d86da1.jpg,640,640,gun,11,149,49,207,38,58
batch_167_jpg.rf.7c8716f5c5577a45cebeaf67d1d86da1.jpg,640,640,gun,346,61,626,295,280,234
batch_167_jpg.rf.7c8716f5c5577a45cebeaf67d1d86da1.jpg,640,640,gun,34,393,130,459,96,66
batch_167_jpg.rf.7c8716f5c5577a45cebeaf67d1d86da1.jpg,640,640,gun,372,332,638,631,266,299
KravMagaTraining167_jpg.rf.7be3df4f22267c82a30e9771d4106180.jpg,640,640,knife,440,199,498,302,58,103
knife_256_jpg.rf.7c5c4d8f91a954d3b5be86f442c6a19c.jpg,640,640,knife,12,226,351,565,339,339
2022-04-15_14_jpg.rf.7c99a373c6914d80381c9a07f017fd49.jpg,640,640,knife,308,326,337,419,29,93
6_22_4_0009080_jpg.rf.7c795f79c386a265c91cbc0cad35d159.jpg,640,640,gun,272,121,301,258,29,137
MaskP9S-1_jpg.rf.7cad4c5ca2e6be5050824f1213362492.jpg,640,640,gun,258,274,396,639,138,365
knife_115_jpg.rf.7c29063dddfe5431f0524533acb8fd90.jpg,640,640,knife,266,234,574,529,308,295
32_jpg.rf.7cca88e94cb3c2533f418af8e0ce3a5c.jpg,640,640,knife,252,433,283,513,31,80
11_12_1362_jpg.rf.7cd7bf1519e5220fc1718bd5194a1f63.jpg,640,640,gun,8,11,616,613,608,602
BenelliMP95EPistol_jpg.rf.7c4b064e85c30c0cb3065b8628345971.jpg,640,640,gun,3,0,636,616,633,616
knife_1314_jpg.rf.7c0ba76224d521162dba9d53d59f2760.jpg,640,640,knife,311,183,371,328,60,145
knife_252_jpg.rf.7c4ea0b83808cf54869476ec23370b2a.jpg,640,640,knife,34,268,367,431,333,163
NJC074_jpg.rf.7cb4f7162d78601ab85c91f5182c664a.jpg,640,640,gun,265,57,494,471,229,414
batch_307_jpg.rf.7d1747c27d09d0cba9d3cea13bfc00cd.jpg,640,640,gun,31,152,57,220,26,68
batch_307_jpg.rf.7d1747c27d09d0cba9d3cea13bfc00cd.jpg,640,640,gun,352,156,372,229,20,73
batch_307_jpg.rf.7d1747c27d09d0cba9d3cea13bfc00cd.jpg,640,640,gun,28,484,55,573,27,89
batch_307_jpg.rf.7d1747c27d09d0cba9d3cea13bfc00cd.jpg,640,640,gun,349,471,376,569,27,98
MindRosPT1_jpg.rf.7c4ec1edb9bf29c0a0d42136b157dfbb.jpg,640,640,gun,469,122,638,503,169,381
knife_549_jpg.rf.7c92f8e603d6734172deb3e192f3dc83.jpg,640,640,knife,125,240,378,621,253,381
22_Minuty-Flare-1_jpg.rf.7c37d64f376647d9437e6afc81a30b91.jpg,640,640,gun,150,50,637,619,487,569
null_image.jpg,640,640,,,,,,0,0
batch_369_jpg.rf.7ceea15945f36a882921b3daab4b89cb.jpg,640,640,gun,192,160,210,225,18,65
batch_369_jpg.rf.7ceea15945f36a882921b3daab4b89cb.jpg,640,640,gun,487,85,510,119,23,34
batch_369_jpg.rf.7ceea15945f36a882921b3daab4b89cb.jpg,640,640,gun,166,406,189,438,23,32
batch_369_jpg.rf.7ceea15945f36a882921b3daab4b89cb.jpg,640,640,gun,486,389,503,437,17,48
11_12_287_jpg.rf.7c570db7a355e6f96ff4ac2b945e7ab3.jpg,640,640,gun,12,11,624,613,612,602
gun_3_2_1__0001968_jpg.rf.7d37c44a7cf4107281625338ed38151d.jpg,640,640,gun,295,290,397,601,102,311
6_22_3_0004932_jpg.rf.7cc3353e3de6eb112c6f720e29288e0c.jpg,640,640,gun,209,276,253,439,44,163
2022-04-15_18_jpg.rf.7d74688b1fdceceb6c1e878c23f14be4.jpg,640,640,knife,243,496,266,570,23,74
gun1_6m_static_0001568_jpg.rf.7cd67a250640fe6e28c5c682cb66aab9.jpg,640,640,gun,352,249,399,359,47,110
The_Guest_5_jpg.rf.7cd8f9167964cce4835a23ff18a1635f.jpg,640,640,gun,356,387,503,558,147,171
The_Guest_5_jpg.rf.7cd8f9167964cce4835a23ff18a1635f.jpg,640,640,gun,229,311,352,479,123,168
HBP-VM-CZ27_jpg.rf.7d77729697f40b479d1d335d7b11e728.jpg,640,640,gun,297,320,405,490,108,170
knife_181_jpg.rf.7c6d471afa6e9e3950d471ac2b8dd681.jpg,640,640,knife,0,98,638,638,638,540
NCFOM-1911-1_jpg.rf.7d1dee52d7bb8d6a9b057ac462b1f0f4.jpg,640,640,gun,279,362,444,633,165,271
batch_411_jpg.rf.7d2de1ecc68ebb0acebc327ffad6d977.jpg,640,640,gun,196,242,233,299,37,57
batch_411_jpg.rf.7d2de1ecc68ebb0acebc327ffad6d977.jpg,640,640,gun,395,26,536,319,141,293
batch_411_jpg.rf.7d2de1ecc68ebb0acebc327ffad6d977.jpg,640,640,gun,124,364,293,534,169,170
batch_411_jpg.rf.7d2de1ecc68ebb0acebc327ffad6d977.jpg,640,640,gun,494,416,522,492,28,76
OFTM-Glock_jpg.rf.7d42abf62b91ebeff7fccafb26a87831.jpg,640,640,gun,336,103,373,285,37,182
86_jpg.rf.7d5864fcd3a5636a2fbbe3da2ef976ab.jpg,640,640,knife,245,22,385,631,140,609
51_jpg.rf.7dc8ccd6789d3c9456765d7dd4cb063c.jpg,640,640,knife,262,314,486,486,224,172
knife_832_jpg.rf.7d946323dce39bdff5622a7c84e8788b.jpg,640,640,knife,83,339,165,516,82,177
KravMagaTraining21074_jpg.rf.7d3974edd4af6c33a6568fa14bb8f023.jpg,640,640,knife,209,399,311,484,102,85
1011133951_71_jpg.rf.7d8a17495af8541f9548ab173a3c3a69.jpg,640,640,gun,150,27,280,339,130,312
1011133951_71_jpg.rf.7d8a17495af8541f9548ab173a3c3a69.jpg,640,640,gun,361,202,514,396,153,194
KhPM57-MauserC96-6_jpg.rf.7dfcf1684204d3764c886631be6a5bc0.jpg,640,640,gun,94,463,218,636,124,173
2022-04-21_541_jpg.rf.7d86fe71d7ab4e52b7add615bba51841.jpg,640,640,knife,286,505,314,591,28,86
KravMagaKnifeDefenseTechniques768_jpg.rf.7dc67cf2663f7fe0eb47a8568eeeeba8.jpg,640,640,knife,248,417,337,485,89,68
1649338746-8279116_jpg.rf.7da3967adc8f6d9f4490f1c8096a0d74.jpg,640,640,knife,226,91,297,640,71,549
Hatsan_Marine_Guard_jpg.rf.7d99978b486246c8ea74cbe56766e189.jpg,640,640,gun,6,29,631,582,625,553
3000grace_colt733-3_jpg.rf.7de435d4de0d0e7a1a8905735670fed4.jpg,640,640,gun,196,21,577,620,381,599
knife_422_jpg.rf.7df534859ae4c07320a714366d6f1e76.jpg,640,640,knife,54,408,417,545,363,137
knife_422_jpg.rf.7df534859ae4c07320a714366d6f1e76.jpg,640,640,knife,142,299,443,425,301,126
knife_422_jpg.rf.7df534859ae4c07320a714366d6f1e76.jpg,640,640,knife,275,239,402,301,127,62
gun1_6m_run_0000384_jpg.rf.7e2c35b86efa2904708685cc4f3cfacd.jpg,640,640,gun,51,193,92,289,41,96
145_jpg.rf.7ddc4a4df9b22915aa582b0e300fafab.jpg,640,640,knife,332,182,491,488,159,306
205_jpg.rf.7e505e4b3b9f7a1e66428032e3455b09.jpg,640,640,knife,322,83,445,354,123,271
batch_202_jpg.rf.7e56138bfeac4c2d70efe6505a491c47.jpg,640,640,gun,115,187,140,236,25,49
batch_202_jpg.rf.7e56138bfeac4c2d70efe6505a491c47.jpg,640,640,gun,344,35,563,315,219,280
batch_202_jpg.rf.7e56138bfeac4c2d70efe6505a491c47.jpg,640,640,gun,201,542,269,639,68,97
batch_202_jpg.rf.7e56138bfeac4c2d70efe6505a491c47.jpg,640,640,gun,476,432,633,600,157,168
batch_202_jpg.rf.7e56138bfeac4c2d70efe6505a491c47.jpg,640,640,gun,346,472,484,636,138,164
knife_1095_jpg.rf.7e2403fa91bfcff1b0a85ae170bd4452.jpg,640,640,knife,46,27,218,527,172,500
6_22_2_0000656_jpg.rf.7daddbfc784429a4b5c5a74bfcf2c0cf.jpg,640,640,gun,349,151,400,213,51,62
1649338717-4867623_jpg.rf.7e2ed071bd6a4585de4734f1006dc48e.jpg,640,640,knife,245,218,445,434,200,216
gun_2_1_1__0000950_jpg.rf.7e63e114e0e9df2e14ae6075b485bce9.jpg,640,640,gun,259,350,288,378,29,28
7_7_asd_00144616_jpg.rf.7e7cedb8e88a083096d0212c93823641.jpg,640,640,gun,237,314,329,378,92,64
knife_1048_jpg.rf.7df892df12ea8f78321e0901c3958243.jpg,640,640,knife,290,229,371,358,81,129
102545213_1094_jpg.rf.7e75c0099090dbb80792a3a263d43eab.jpg,640,640,gun,11,243,491,437,480,194
3635_jpg.rf.7e55c6482a54807cc213c923d373316f.jpg,640,640,knife,389,297,434,363,45,66
knife_79_jpg.rf.7eadb59213cbbaaacad79e36c064ed04.jpg,640,640,knife,211,309,506,477,295,168
BB2MP5SD-3_jpg.rf.7e7bb7bdf8c00782b104964e35a7754c.jpg,640,640,gun,90,209,562,599,472,390
knife_1078_jpg.rf.7ea7e58ac84587575bf4a9ceaf22f780.jpg,640,640,knife,98,324,597,592,499,268
batch_260_jpg.rf.7e7cc697aa39a9d87e8ea18b91f2adee.jpg,640,640,knife,62,190,97,236,35,46
batch_260_jpg.rf.7e7cc697aa39a9d87e8ea18b91f2adee.jpg,640,640,knife,501,49,533,196,32,147
batch_260_jpg.rf.7e7cc697aa39a9d87e8ea18b91f2adee.jpg,640,640,knife,185,358,215,526,30,168
batch_260_jpg.rf.7e7cc697aa39a9d87e8ea18b91f2adee.jpg,640,640,knife,510,359,534,521,24,162
6_22_4_0011648_jpg.rf.7e8e82bb8330171111f8340edf2e4b99.jpg,640,640,gun,272,246,308,330,36,84
DefenseKnifeAttack0419_jpg.rf.7e82e37e55b427b18147a5dcee42c8ba.jpg,640,640,knife,163,540,262,611,99,71
batch_384_jpg.rf.7ea49d479290d1106b076b809988e83b.jpg,640,640,gun,91,145,108,213,17,68
batch_384_jpg.rf.7ea49d479290d1106b076b809988e83b.jpg,640,640,gun,432,276,468,319,36,43
batch_384_jpg.rf.7ea49d479290d1106b076b809988e83b.jpg,640,640,gun,239,522,282,639,43,117
batch_384_jpg.rf.7ea49d479290d1106b076b809988e83b.jpg,640,640,gun,435,492,463,574,28,82
192_jpg.rf.7f0cec48c9b078102b6e29ff8d6936da.jpg,640,640,knife,268,77,440,409,172,332
knife_607_jpg.rf.7d2610b4f22e8a9f296e7786acbc4227.jpg,640,640,knife,359,153,466,403,107,250
Pachmayr_Dominator_308_jpg.rf.7ec3c83ec5e001f25cc3ba6aa85e6625.jpg,640,640,gun,13,0,639,588,626,588
100_jpg.rf.7f18493e81daf1023d699946307cb03a.jpg,640,640,knife,190,252,616,477,426,225
null_image.jpg,640,640,,,,,,0,0
RusoClases339_jpg.rf.7f2642c364d60aa92f7c00a41c97c5d6.jpg,640,640,knife,255,268,319,376,64,108
KravMagaTraining21027_jpg.rf.7f18cb2b720d59fd3fd0578a5d6bc4c5.jpg,640,640,knife,219,468,313,539,94,71
11_12_2781_jpg.rf.7ef72de519d387a99a4b6765339630a0.jpg,640,640,gun,36,16,620,597,584,581
KravMagaKnifeDefenseTechniques133_jpg.rf.7e3211497ae22858c29c0d3a47afc118.jpg,640,640,knife,236,336,310,398,74,62
DSC_00531_JPG_jpg.rf.7eebed26b3523ac31e3215a175c7e31d.jpg,640,640,knife,190,305,239,377,49,72
gun_7m_static_0000696_jpg.rf.7f456a4c6bce00014d70b4c36e93d121.jpg,640,640,gun,359,173,410,255,51,82
MD-BJ-R75-01_jpg.rf.7f6f6fb5ef8ae8efd749d7654f3f0e5f.jpg,640,640,gun,368,127,511,337,143,210
knife_1302_jpg.rf.7f5526a23e51bb5a1be2b367ec285fbd.jpg,640,640,knife,229,148,268,345,39,197
KravMagaKnifeDefenseTechniques106_jpg.rf.7f2dd01f00bc061f7de7637bde75f47f.jpg,640,640,knife,174,220,237,315,63,95
batch_255_jpg.rf.7e65a2a581f85c75a5936bd26f48cb90.jpg,640,640,gun,184,169,225,228,41,59
batch_255_jpg.rf.7e65a2a581f85c75a5936bd26f48cb90.jpg,640,640,gun,457,166,491,233,34,67
batch_255_jpg.rf.7e65a2a581f85c75a5936bd26f48cb90.jpg,640,640,gun,276,463,308,532,32,69
batch_255_jpg.rf.7e65a2a581f85c75a5936bd26f48cb90.jpg,640,640,gun,519,471,549,541,30,70
DSC_0024_JPG_jpg.rf.7fa2bdcaa0506b7d63bf080d6f48e2b9.jpg,640,640,knife,323,290,357,348,34,58
Gun_139_jpg.rf.7fc33b8c477d8df5f7f016d8dd94da49.jpg,640,640,gun,60,0,469,488,409,488
ISOYG-008_jpg.rf.7f8b35ffb95901b3419a938bce6e3a01.jpg,640,640,gun,327,295,507,639,180,344
6_22_3_0001300_jpg.rf.7f91815a500e26e1343ff9380415cb13.jpg,640,640,gun,181,125,222,253,41,128
340_jpg.rf.7f751785b84c19c0ad5b28331d4a2c53.jpg,640,640,knife,408,1,486,454,78,453
batch_114_jpg.rf.7ff388d0e70d5b8b7c467935057cab7a.jpg,640,640,gun,70,134,169,233,99,99
batch_114_jpg.rf.7ff388d0e70d5b8b7c467935057cab7a.jpg,640,640,gun,489,160,533,218,44,58
batch_114_jpg.rf.7ff388d0e70d5b8b7c467935057cab7a.jpg,640,640,gun,127,504,166,582,39,78
batch_114_jpg.rf.7ff388d0e70d5b8b7c467935057cab7a.jpg,640,640,gun,321,325,635,632,314,307
DefenseKnifeAttack1222_jpg.rf.7fbc7106b71ba8b66ab81505c5684dce.jpg,640,640,knife,298,349,393,433,95,84
24_jpg.rf.7fded21304562bf7506dc22024b76680.jpg,640,640,knife,357,359,497,446,140,87
24_jpg.rf.7fded21304562bf7506dc22024b76680.jpg,640,640,knife,29,397,168,466,139,69
24_jpg.rf.7fded21304562bf7506dc22024b76680.jpg,640,640,knife,331,481,538,577,207,96
24_jpg.rf.7fded21304562bf7506dc22024b76680.jpg,640,640,knife,12,485,174,580,162,95
24_jpg.rf.7fded21304562bf7506dc22024b76680.jpg,640,640,knife,366,37,514,97,148,60
24_jpg.rf.7fded21304562bf7506dc22024b76680.jpg,640,640,knife,11,25,300,139,289,114
24_jpg.rf.7fded21304562bf7506dc22024b76680.jpg,640,640,knife,325,126,520,234,195,108
24_jpg.rf.7fded21304562bf7506dc22024b76680.jpg,640,640,knife,26,145,203,225,177,80
24_jpg.rf.7fded21304562bf7506dc22024b76680.jpg,640,640,knife,335,242,531,340,196,98
24_jpg.rf.7fded21304562bf7506dc22024b76680.jpg,640,640,knife,6,279,185,390,179,111
Town_305_jpg.rf.7f66565931329c021273be828a214248.jpg,640,640,gun,450,128,479,274,29,146
7_7_asd_00138240_jpg.rf.7f467034de267926c314f59d0b8fecb7.jpg,640,640,gun,276,369,336,508,60,139
7_7_asd_00138240_jpg.rf.7f467034de267926c314f59d0b8fecb7.jpg,640,640,gun,522,193,552,263,30,70
Bbm1-cns9b_jpg.rf.7f84232b7a8c8490c280b4f5fe2937fe.jpg,640,640,gun,296,154,375,535,79,381
1649338742-158862_jpg.rf.7f4f354f62fd3c329c07503be77b1955.jpg,640,640,knife,220,0,318,586,98,586
1364728_01__01541_jpg.rf.7fdf55c5d01a74a4b38c74cb8929369f.jpg,640,640,gun,269,232,369,459,100,227
10178251_2073_jpg.rf.80121a5de99fe5c58b9fae8fb6db1b3d.jpg,640,640,gun,339,189,387,265,48,76
11_12_589_jpg.rf.800271b4425cdf12d072b6d8be4dda28.jpg,640,640,gun,10,24,620,603,610,579
124_jpg.rf.7ff03ba189029ed522bef4f366231fb3.jpg,640,640,knife,134,77,483,614,349,537
318_jpg.rf.8017cde43b994ce3128ba244928578a8.jpg,640,640,knife,339,65,536,260,197,195
DSC_0037_JPG_jpg.rf.7fc62e134d85be6bc38ca11e71220b84.jpg,640,640,knife,309,320,337,471,28,151
Gun_2667_jpg.rf.806fa3ffebfda6c4479cd0c0d0e8f7ae.jpg,640,640,gun,4,16,624,608,620,592
gun_2_1_1__0000755_jpg.rf.7ff4d0ef9f41dc36fefd4903799e42a9.jpg,640,640,gun,330,331,379,375,49,44
DSC_00121_JPG_jpg.rf.8068a1212125410a070a03d4445023d6.jpg,640,640,knife,335,259,360,328,25,69
Carlos-92FS-1_jpg.rf.80588a4acea3cc49aab034edd122f086.jpg,640,640,gun,23,64,265,367,242,303
batch_85_jpg.rf.7fee1195b5e083bf1b2c27b59546d7e5.jpg,640,640,gun,80,96,193,224,113,128
batch_85_jpg.rf.7fee1195b5e083bf1b2c27b59546d7e5.jpg,640,640,gun,403,90,519,300,116,210
batch_85_jpg.rf.7fee1195b5e083bf1b2c27b59546d7e5.jpg,640,640,gun,78,453,211,560,133,107
batch_85_jpg.rf.7fee1195b5e083bf1b2c27b59546d7e5.jpg,640,640,gun,324,394,370,567,46,173
batch_85_jpg.rf.7fee1195b5e083bf1b2c27b59546d7e5.jpg,640,640,gun,380,393,410,630,30,237
batch_85_jpg.rf.7fee1195b5e083bf1b2c27b59546d7e5.jpg,640,640,gun,420,479,635,615,215,136
batch_261_jpg.rf.800ac43dc9e3fd6f85ffdccf91911792.jpg,640,640,gun,141,191,163,214,22,23
batch_261_jpg.rf.800ac43dc9e3fd6f85ffdccf91911792.jpg,640,640,gun,465,204,489,228,24,24
batch_261_jpg.rf.800ac43dc9e3fd6f85ffdccf91911792.jpg,640,640,gun,142,527,167,552,25,25
batch_261_jpg.rf.800ac43dc9e3fd6f85ffdccf91911792.jpg,640,640,gun,493,529,519,550,26,21
102419336_824_jpg.rf.8068916c8dee792a8168f9517c02ec90.jpg,640,640,gun,2,203,616,639,614,436
knife_595_jpg.rf.805dc72b91393cc3f6f961e4fe6cc8e9.jpg,640,640,knife,31,166,349,542,318,376
106_jpg.rf.80249bfb52cd51c9c172e2eda64ca9c5.jpg,640,640,knife,234,308,458,606,224,298
null_image.jpg,640,640,,,,,,0,0
6_22_1_0005916_jpg.rf.8083693253225b3877aba601a74f38d4.jpg,640,640,gun,362,391,521,555,159,164
260_jpg.rf.80892630d05735eb285d455789382f6b.jpg,640,640,knife,360,22,411,329,51,307
batch_368_jpg.rf.808789b8b1a760a928fe90ae16e2cee8.jpg,640,640,knife,98,115,205,215,107,100
batch_368_jpg.rf.808789b8b1a760a928fe90ae16e2cee8.jpg,640,640,knife,477,76,536,219,59,143
batch_368_jpg.rf.808789b8b1a760a928fe90ae16e2cee8.jpg,640,640,knife,136,363,265,426,129,63
batch_368_jpg.rf.808789b8b1a760a928fe90ae16e2cee8.jpg,640,640,knife,429,439,542,529,113,90
Glock171stGen_jpg.rf.8076c225bfa3d3fb901026834adbb3f0.jpg,640,640,gun,0,30,640,607,640,577
sharpenKnife002_jpg.rf.808b7c2b5d454bc8380d976efb95e2d2.jpg,640,640,knife,348,511,520,597,172,86
knife_891_jpg.rf.80a77d79f783c9a5589f7c1969cc55a7.jpg,640,640,knife,58,486,134,640,76,154
V_kvadrate_45-TT-2_jpg.rf.7faf395231aad7ea1e7e6187a504396c.jpg,640,640,gun,133,440,243,547,110,107
BFH-M727-6_jpg.rf.808dd50c47e4035b1c8b0ac90a18d993.jpg,640,640,gun,7,101,375,638,368,537
Blutsbruder-Revolver-2_jpg.rf.80b12aa2b85b623b9f6b3edb80704718.jpg,640,640,gun,246,286,319,332,73,46
6_22_2_0001628_jpg.rf.80d9b8b6fcb57a073e7feefc70162516.jpg,640,640,gun,242,357,269,448,27,91
10251552_528_jpg.rf.808f2201988e6da68344f56ca1a205be.jpg,640,640,gun,139,23,599,609,460,586
RealityKnifeAttacks0652_jpg.rf.80cf6a5fac94b5ab4f9ddf709fc8ddb9.jpg,640,640,knife,279,267,299,350,20,83
knife_609_jpg.rf.80b9a4d1695d160e89e3c3c9b5e35133.jpg,640,640,knife,70,134,119,355,49,221
6_22_1_0004008_jpg.rf.80b1e435217c363c60254b3d5cc230b9.jpg,640,640,gun,204,149,278,463,74,314
batch_215_jpg.rf.80c34a8f90d46c141355ccbee9be12b4.jpg,640,640,gun,99,57,121,93,22,36
batch_215_jpg.rf.80c34a8f90d46c141355ccbee9be12b4.jpg,640,640,gun,382,41,400,82,18,41
batch_215_jpg.rf.80c34a8f90d46c141355ccbee9be12b4.jpg,640,640,gun,146,371,186,400,40,29
batch_215_jpg.rf.80c34a8f90d46c141355ccbee9be12b4.jpg,640,640,gun,540,492,552,551,12,59
2022-04-15_104_jpg.rf.8100c8c01b9b37d77d68168693a7d616.jpg,640,640,knife,317,476,372,510,55,34
gun_3_1_1__0003696_jpg.rf.808c484f1cbcf79936e63ba49cdde0a1.jpg,640,640,gun,239,225,292,417,53,192
gun1_5m_run_0000536_jpg.rf.80fb264c8824557fa12b35422c4ae419.jpg,640,640,gun,587,333,637,451,50,118
batch_267_jpg.rf.8125e549106856dc807040c116257f26.jpg,640,640,knife,32,11,308,312,276,301
batch_267_jpg.rf.8125e549106856dc807040c116257f26.jpg,640,640,knife,407,111,438,175,31,64
batch_267_jpg.rf.8125e549106856dc807040c116257f26.jpg,640,640,knife,67,495,101,548,34,53
batch_267_jpg.rf.8125e549106856dc807040c116257f26.jpg,640,640,knife,473,388,508,470,35,82
74_jpg.rf.80becf3b7a7a945863398b45cae3b9b5.jpg,640,640,knife,268,16,414,553,146,537
KravMagaTraining4341_jpg.rf.80f8f87c250f48dd57d31e4de30073ba.jpg,640,640,knife,126,468,202,597,76,129
74_jpg.rf.80cb6790421772582d5673678315c108.jpg,640,640,knife,9,42,594,620,585,578
2022-04-15_21_jpg.rf.813b597545ac3b1d8962267c23cae2df.jpg,640,640,knife,269,348,323,391,54,43
knife_484_jpg.rf.813ab6c239f6c0403c7708021dc2f383.jpg,640,640,knife,274,123,601,539,327,416
knife_91_jpg.rf.812c2b505147c9ddcacb22497247322e.jpg,640,640,knife,7,165,492,485,485,320
knife_1067_jpg.rf.8104ccdf4cea5ef57ed77714f29c53d9.jpg,640,640,knife,133,51,290,428,157,377
DefenseKnifeAttack0051_jpg.rf.8123c7fc123d0896a1dfc4a1df302c45.jpg,640,640,knife,340,251,372,323,32,72
gun_3_3_1__0004728_jpg.rf.8124342450308e002f95b332f1b0ccec.jpg,640,640,gun,314,177,378,359,64,182
batch_371_jpg.rf.8159c3da6f81d9ab978f671e2bbc4d4b.jpg,640,640,knife,144,282,164,319,20,37
batch_371_jpg.rf.8159c3da6f81d9ab978f671e2bbc4d4b.jpg,640,640,knife,465,288,482,318,17,30
batch_371_jpg.rf.8159c3da6f81d9ab978f671e2bbc4d4b.jpg,640,640,knife,153,373,225,516,72,143
batch_371_jpg.rf.8159c3da6f81d9ab978f671e2bbc4d4b.jpg,640,640,knife,385,412,506,544,121,132
KravMagaKnifeDefenseTechniques161_jpg.rf.8111a3056b701a045e4c6d21de202b68.jpg,640,640,knife,214,166,292,266,78,100
batch_105_jpg.rf.819af72045f7c02eec3f661588339486.jpg,640,640,knife,145,206,186,255,41,49
batch_105_jpg.rf.819af72045f7c02eec3f661588339486.jpg,640,640,knife,402,131,442,319,40,188
batch_105_jpg.rf.819af72045f7c02eec3f661588339486.jpg,640,640,knife,144,508,178,555,34,47
batch_105_jpg.rf.819af72045f7c02eec3f661588339486.jpg,640,640,knife,404,555,498,639,94,84
KravMagaKnifeDefenseTechniques288_jpg.rf.81909eccf8a7c6205fdec715150bebae.jpg,640,640,knife,370,307,474,416,104,109
Bandolero-Remington1858-04_jpg.rf.80cac7db67d06f07793c2292e58f622e.jpg,640,640,gun,312,208,386,353,74,145
KravMagaTraining379_jpg.rf.8182ccb7d895473c589e5492a638c827.jpg,640,640,knife,185,81,217,214,32,133
8_jpg.rf.81790360e587b10744a0efc5760e8876.jpg,640,640,knife,243,456,272,516,29,60
101116167_804_jpg.rf.810628ff47945665d1a0a2fb8fabf590.jpg,640,640,gun,95,177,639,635,544,458
batch_266_jpg.rf.81362b244b9b7d3ef80d6bf5b990e72e.jpg,640,640,gun,160,22,316,215,156,193
batch_266_jpg.rf.81362b244b9b7d3ef80d6bf5b990e72e.jpg,640,640,gun,385,119,480,234,95,115
batch_266_jpg.rf.81362b244b9b7d3ef80d6bf5b990e72e.jpg,640,640,gun,4,419,315,620,311,201
batch_266_jpg.rf.81362b244b9b7d3ef80d6bf5b990e72e.jpg,640,640,gun,381,421,467,558,86,137
gun_3_2_1__0000228_jpg.rf.819f8ce0bb0013e5ed1be314c08418f4.jpg,640,640,gun,262,215,331,608,69,393
knife_590_jpg.rf.81a83ce2795c13d362bb16efd77e03d2.jpg,640,640,knife,252,211,540,518,288,307
Chaos1_jpg.rf.820d6ad11a0634ecfa17574285ef10be.jpg,640,640,gun,62,124,325,608,263,484
BTL-SDB-2_jpg.rf.819b4bab2f6836035201907651426e9b.jpg,640,640,gun,316,370,378,464,62,94
null_image.jpg,640,640,,,,,,0,0
DSC_0028_JPG_jpg.rf.81976e7ecb576b171c3908f31623ab33.jpg,640,640,knife,343,276,394,307,51,31
knife_1132_jpg.rf.81ffa6b6c87cdad25737ca467c3c2be1.jpg,640,640,knife,199,320,536,625,337,305
75_jpg.rf.821c6e600d6aef0ad6f78f9e10c6118a.jpg,640,640,knife,246,359,268,450,22,91
1011133951_9_jpg.rf.824872265ddb949f339dcfd8bf76d35d.jpg,640,640,gun,62,80,220,518,158,438
gun_2_1_1__0001590_jpg.rf.80df97f9fe4833c4a21d51199206ed83.jpg,640,640,gun,414,284,456,329,42,45
knife_1064_jpg.rf.82144bb985ae99ed44d76a3a7027c42d.jpg,640,640,knife,229,240,283,411,54,171
6_22_1_0004288_jpg.rf.819a0c2cf52e2332373375ee8c6fcfbb.jpg,640,640,gun,54,93,176,372,122,279
batch_16_jpg.rf.81bf4acb3699eb34382e12249bb5380e.jpg,640,640,knife,28,241,63,319,35,78
batch_16_jpg.rf.81bf4acb3699eb34382e12249bb5380e.jpg,640,640,knife,328,19,463,116,135,97
batch_16_jpg.rf.81bf4acb3699eb34382e12249bb5380e.jpg,640,640,knife,35,432,78,518,43,86
batch_16_jpg.rf.81bf4acb3699eb34382e12249bb5380e.jpg,640,640,knife,378,475,409,564,31,89
gun_3_2_1__0002424_jpg.rf.81b7b8c99fbf1c1e575b288136980861.jpg,640,640,gun,228,266,356,590,128,324
batch_429_jpg.rf.829b1e9823dd6f1710e669a92a20d061.jpg,640,640,gun,120,85,213,175,93,90
batch_429_jpg.rf.829b1e9823dd6f1710e669a92a20d061.jpg,640,640,gun,329,107,593,203,264,96
batch_429_jpg.rf.829b1e9823dd6f1710e669a92a20d061.jpg,640,640,gun,123,435,152,508,29,73
batch_429_jpg.rf.829b1e9823dd6f1710e669a92a20d061.jpg,640,640,gun,543,439,583,478,40,39
1649338749-8336596_jpg.rf.82341a51f5decf9a3109f722109cda64.jpg,640,640,knife,240,60,298,628,58,568
gun1_5m_static_0000832_jpg.rf.82b2bc443c714ac893c87197add758c6.jpg,640,640,gun,293,311,324,406,31,95
BlueCaprice_P226_02_jpg.rf.81dae40791bfdbb7cb20287d21674595.jpg,640,640,gun,537,134,609,271,72,137
gun_2_1_1__0001295_jpg.rf.829f41d4849ac1f551553065c146c7b3.jpg,640,640,gun,267,328,304,364,37,36
batch_103_jpg.rf.821079713df4678b2a5285f1bb9bcc0f.jpg,640,640,knife,87,189,115,228,28,39
batch_103_jpg.rf.821079713df4678b2a5285f1bb9bcc0f.jpg,640,640,knife,408,189,435,229,27,40
batch_103_jpg.rf.821079713df4678b2a5285f1bb9bcc0f.jpg,640,640,knife,109,416,128,465,19,49
batch_103_jpg.rf.821079713df4678b2a5285f1bb9bcc0f.jpg,640,640,knife,444,439,457,500,13,61
BB2_Beretta_jpg.rf.825dbd3819fb8cb29f196c20cad187a9.jpg,640,640,gun,28,286,230,553,202,267
Le_Tueur-SW15-2_jpg.rf.827f59731b714fc802a7f1da1ee8662c.jpg,640,640,gun,335,522,425,607,90,85
batch_142_jpg.rf.8278f1b78ae9fcddb998f915d771cbae.jpg,640,640,knife,160,503,187,568,27,65
batch_142_jpg.rf.8278f1b78ae9fcddb998f915d771cbae.jpg,640,640,knife,484,500,507,564,23,64
batch_142_jpg.rf.8278f1b78ae9fcddb998f915d771cbae.jpg,640,640,knife,547,110,624,181,77,71
batch_142_jpg.rf.8278f1b78ae9fcddb998f915d771cbae.jpg,640,640,knife,233,117,284,186,51,69
Model19-5_jpg.rf.8213a1a54bf834151a3a66909ba09ce5.jpg,640,640,gun,7,2,627,627,620,625
FlypaperUSP5_jpg.rf.82b8090a6f02a239256fe5c8c868b523.jpg,640,640,gun,122,10,219,424,97,414
null_image.jpg,640,640,,,,,,0,0
TM-Glisenti-5_jpg.rf.82a6e319d52d7df4b228d48ef8ace230.jpg,640,640,gun,199,316,337,454,138,138
10242129_2426_jpg.rf.82a30f949963a1cdf76c4747f56a4d96.jpg,640,640,gun,33,164,485,473,452,309
knife_466_jpg.rf.82e79071bcfeb6cd1f4eef42ced4cbb3.jpg,640,640,knife,360,59,602,320,242,261
null_image.jpg,640,640,,,,,,0,0
4372_jpg.rf.82b98e665047534945a3144c4579ea40.jpg,640,640,knife,429,106,468,272,39,166
NTFTD_rev_jpg.rf.82fb60a49394b177a5fed50185630ad4.jpg,640,640,gun,228,103,271,265,43,162
RideAlong26_jpg.rf.82e61a58d6153c72b950308614c489a0.jpg,640,640,gun,307,285,420,639,113,354
6_22_3_0006104_jpg.rf.82bbc468cb4be1e3b4ea66e32169f3c7.jpg,640,640,gun,281,211,323,382,42,171
DefenseKnifeAttack0667_jpg.rf.82fbfbbec396e810d058bc88dbdf4d2e.jpg,640,640,knife,162,235,226,594,64,359
knife_270_jpg.rf.8344f4583bdc12451fac772e76f8aebb.jpg,640,640,knife,385,285,634,608,249,323
DSC_0035_JPG_jpg.rf.831fc7f04b14a9149549cd252f9cf565.jpg,640,640,knife,225,308,242,417,17,109
null_image.jpg,640,640,,,,,,0,0
knife_58_jpg.rf.832aa12c1002d17ee0461e43cb42d6dc.jpg,640,640,knife,57,117,448,541,391,424
7_7_asd_00096218_jpg.rf.830060979cbb05badb96957df6e7732a.jpg,640,640,gun,67,280,187,420,120,140
7_7_asd_00096218_jpg.rf.830060979cbb05badb96957df6e7732a.jpg,640,640,gun,43,124,242,344,199,220
DO-M16-4_jpg.rf.836bdfd95463fcd43188b73a58b66b36.jpg,640,640,gun,246,477,449,639,203,162
gun_3_3_1__0001388_jpg.rf.8357f9c8f0cbbdea60d789ae92afd04f.jpg,640,640,gun,37,188,115,383,78,195
11_12_215_jpg.rf.837ac228efc21d668b9a346ca1d96a90.jpg,640,640,gun,468,137,544,272,76,135
150_jpg.rf.834965195b1cf5d444ad4844d78f748e.jpg,640,640,knife,268,394,325,451,57,57
gun1_4m_static_0002760_jpg.rf.82f50bb35edf329ebf4a1a6043d7e79b.jpg,640,640,gun,354,449,385,593,31,144
2022-04-15_3_jpg.rf.8319567b0866e8547396dd65bc13214d.jpg,640,640,knife,371,519,415,556,44,37
177_jpg.rf.82f99f616d584ef52217ef9099ac043b.jpg,640,640,knife,243,189,468,243,225,54
MMSGLock17-3_jpg.rf.8286f45bf6175fb059fa211916616138.jpg,640,640,gun,455,132,557,326,102,194
Recoil-PPK-1_jpg.rf.8287f45f7a3a067c190e4a247143abad.jpg,640,640,gun,196,393,322,632,126,239
knife_635_jpg.rf.8334d533bbedfb52512a6259d103c2e5.jpg,640,640,knife,114,230,176,502,62,272
2022-04-21_424_jpg.rf.838f6d39effdb43d408ca38157b0c317.jpg,640,640,knife,279,370,325,456,46,86
knife_1114_jpg.rf.839794c58229a0302100ba8eda016bef.jpg,640,640,knife,0,28,206,432,206,404
6_22_3_0005160_jpg.rf.836f2ad57da7413a3a55d620e1f9ad42.jpg,640,640,gun,221,361,269,524,48,163
102110389_6687_jpg.rf.838898b948c9b2e5be1199d9f6344d50.jpg,640,640,gun,294,173,406,347,112,174
1021104310_7026_jpg.rf.83bec7effac2f1c7044d69043b422201.jpg,640,640,gun,17,227,139,376,122,149
BSFranchiPA3-1_jpg.rf.83b9ba1cc95cbbeda0db822e10c938f3.jpg,640,640,gun,328,489,550,639,222,150
null_image.jpg,640,640,,,,,,0,0
Breakheart_Pass-SAA-6_jpg.rf.83b3589a10f2feba2665cfb15b252436.jpg,640,640,gun,330,533,401,624,71,91
batch_407_jpg.rf.82ba79c36641cb8ad8520151dc6864cd.jpg,640,640,gun,85,128,312,281,227,153
batch_407_jpg.rf.82ba79c36641cb8ad8520151dc6864cd.jpg,640,640,gun,433,224,462,284,29,60
batch_407_jpg.rf.82ba79c36641cb8ad8520151dc6864cd.jpg,640,640,gun,0,434,66,632,66,198
batch_407_jpg.rf.82ba79c36641cb8ad8520151dc6864cd.jpg,640,640,gun,474,581,505,637,31,56
knife_659_jpg.rf.83d026e99157d03744333d72ca9091df.jpg,640,640,knife,92,117,200,519,108,402
knife_659_jpg.rf.83d026e99157d03744333d72ca9091df.jpg,640,640,knife,285,237,341,567,56,330
1365032_02__02048_jpg.rf.83cdaf2ae76fd6f7798478503ad7e195.jpg,640,640,gun,363,325,433,473,70,148
6_22_1_0005420_jpg.rf.843dbdd29f3ec49659f2b0999822c386.jpg,640,640,gun,313,199,412,480,99,281
111325433_578_jpg.rf.838fbba3c67fefd3dfdce9db09a31283.jpg,640,640,gun,46,101,123,222,77,121
KravMagaKnifeDefenseTechniques697_jpg.rf.83e817beb3b6357aa83d98e78a2ff1a4.jpg,640,640,knife,285,343,371,405,86,62
DSC_0020_JPG_jpg.rf.84564ec9d995a7ac2d051d7aa5f4b873.jpg,640,640,knife,372,384,418,418,46,34
KravMagaKnifeDefenseTechniques240_jpg.rf.843bddf13a05560bda016acd33629494.jpg,640,640,knife,246,353,346,432,100,79
gun_3_3_1__0002276_jpg.rf.848bbd3722670bf86c8fbfb2c9335985.jpg,640,640,gun,64,308,119,459,55,151
knife_1174_jpg.rf.845f71b85d15503b3234550a8918f4e6.jpg,640,640,knife,311,231,355,377,44,146
knife_1174_jpg.rf.845f71b85d15503b3234550a8918f4e6.jpg,640,640,knife,362,278,433,414,71,136
6_22_3_0003732_jpg.rf.83c5a80006eff47e644e6403bf0ce82d.jpg,640,640,gun,102,112,192,220,90,108
gun_2_1_1__0007010_jpg.rf.841daebe11af339b196ec2226ce15c37.jpg,640,640,gun,62,344,102,388,40,44
knife_1126_jpg.rf.845992df9b4e74d69b55eb250b7a593e.jpg,640,640,knife,279,122,500,381,221,259
gun_3_1_1__0002632_jpg.rf.848684c8dbe1e0571a0d5adc1f4c61ba.jpg,640,640,gun,234,328,299,564,65,236
knife_1097_jpg.rf.847f0fee8a648d30c0db43b4f6765896.jpg,640,640,knife,102,342,556,582,454,240
DefenseKnifeAttack1420_jpg.rf.8494c0f62c8cc8e6a3a9ea99e53a84cb.jpg,640,640,knife,211,111,291,189,80,78
7_7_asd_00096884_jpg.rf.849e827bf3a181aa29152d10c9b76533.jpg,640,640,gun,436,263,537,437,101,174
7_7_asd_00096884_jpg.rf.849e827bf3a181aa29152d10c9b76533.jpg,640,640,gun,325,150,423,338,98,188
knife_833_jpg.rf.83faa4fa39dee1824de297769c23ff7b.jpg,640,640,knife,91,397,158,572,67,175
31_jpg.rf.83c293e3d1c6f3a8d425f48daae01f76.jpg,640,640,knife,174,431,229,489,55,58
gun_3_3_1__0001736_jpg.rf.849dee1ae2811484a43c13fddf3fbe9a.jpg,640,640,gun,52,225,107,407,55,182
29_jpg.rf.84644d80dc8311905476beda6028b23a.jpg,640,640,knife,343,528,406,582,63,54
Operationcondor55_jpg.rf.838048ab7dafc4680397b0129c19a212.jpg,640,640,gun,223,174,318,387,95,213
6_22_1_0005504_jpg.rf.84bf8f4c40e3a5cd618f602fc6f64920.jpg,640,640,gun,422,163,527,431,105,268
knife_586_jpg.rf.836fd13f2968cf7cec3675acc2e419a8.jpg,640,640,knife,80,60,343,488,263,428
batch_61_jpg.rf.84d04234e668f69e58f805d2240e18e4.jpg,640,640,knife,222,86,278,118,56,32
batch_61_jpg.rf.84d04234e668f69e58f805d2240e18e4.jpg,640,640,knife,393,89,630,217,237,128
batch_61_jpg.rf.84d04234e668f69e58f805d2240e18e4.jpg,640,640,knife,56,320,248,562,192,242
batch_61_jpg.rf.84d04234e668f69e58f805d2240e18e4.jpg,640,640,knife,362,490,400,573,38,83
KravMagaKnifeDefenseTechniques731_jpg.rf.84e2a227465e41b671651c0e3161bb54.jpg,640,640,knife,272,409,358,478,86,69
knife_255_jpg.rf.84cc6666ece4d48dea1d8cd9126a2b18.jpg,640,640,knife,240,235,412,606,172,371
KravMagaTraining21319_jpg.rf.84a80809a62e4127ba8837334359eb88.jpg,640,640,knife,285,482,452,563,167,81
knife_1097_jpg.rf.84dc1d3f9c62ffcfd849be9c6460f997.jpg,640,640,knife,101,343,555,582,454,239
11_jpg.rf.84eeaeb60f7309eed47e1caf3562ee35.jpg,640,640,knife,252,446,280,512,28,66
PG-AKM-2_jpg.rf.853f0c3d1312d73700368c8d3c588512.jpg,640,640,gun,218,192,324,377,106,185
6_22_2_0003924_jpg.rf.85196766a448e77170ca8c1bd4b76059.jpg,640,640,gun,407,192,458,259,51,67
DSC_00251_JPG_jpg.rf.84c5397b55e9c2f94bd7353ca8857e69.jpg,640,640,knife,287,301,358,358,71,57
Innerspace6_jpg.rf.850f06076c3ee8adf9c6d4ea1a0c4385.jpg,640,640,gun,26,288,402,623,376,335
1365438_04__01601_jpg.rf.850c33f483a65608fdb5f73d9f55be4b.jpg,640,640,gun,294,315,349,391,55,76
280_jpg.rf.85200070413344b59f2592563ac34d61.jpg,640,640,knife,348,92,499,440,151,348
gun_3_2_1__0001660_jpg.rf.851924be1f53181a7c18c9ef3601e1b6.jpg,640,640,gun,200,258,319,590,119,332
V_kvadrate_45-Steyr09-1_jpg.rf.855ba84910103d9740cbf707bee80c26.jpg,640,640,gun,140,366,226,459,86,93
1011124348_483_jpg.rf.84eb1143bd9a3cf125f4df495150854b.jpg,640,640,gun,147,27,563,373,416,346
batch_46_jpg.rf.8564f61f6aae8f4fc284d5e2085e7313.jpg,640,640,knife,162,141,171,215,9,74
batch_46_jpg.rf.8564f61f6aae8f4fc284d5e2085e7313.jpg,640,640,knife,182,144,191,209,9,65
batch_46_jpg.rf.8564f61f6aae8f4fc284d5e2085e7313.jpg,640,640,knife,442,139,512,169,70,30
batch_46_jpg.rf.8564f61f6aae8f4fc284d5e2085e7313.jpg,640,640,knife,51,368,243,589,192,221
batch_46_jpg.rf.8564f61f6aae8f4fc284d5e2085e7313.jpg,640,640,knife,493,382,513,469,20,87
knife_202_jpg.rf.854766e3e73a0c302d467cb16c308e08.jpg,640,640,knife,78,112,415,551,337,439
gun_2_1_1__0011565_jpg.rf.852f69d8bb2244aa2b3a2b4cf7148cd6.jpg,640,640,gun,162,366,203,406,41,40
gun_5m_static_0001664_jpg.rf.855191c8a2f87d3b8f0c336911c7b4d6.jpg,640,640,gun,284,136,326,276,42,140
7_7_asd_00098422_jpg.rf.8558b5b4bf5aa43758c2ee0abd21cf0f.jpg,640,640,gun,287,397,315,446,28,49
batch_184_jpg.rf.85601c6b3026566c0bddbeadaf9e868c.jpg,640,640,knife,145,160,184,172,39,12
batch_184_jpg.rf.85601c6b3026566c0bddbeadaf9e868c.jpg,640,640,knife,486,221,515,250,29,29
batch_184_jpg.rf.85601c6b3026566c0bddbeadaf9e868c.jpg,640,640,knife,166,542,195,570,29,28
batch_184_jpg.rf.85601c6b3026566c0bddbeadaf9e868c.jpg,640,640,knife,408,501,442,522,34,21
Unleashed-010_jpg.rf.855d9c141cf6286ab13906e0b18b0aa5.jpg,640,640,gun,187,231,254,426,67,195
batch_139_jpg.rf.8581fa708aaec82c41814bb9f9daadff.jpg,640,640,knife,3,100,175,306,172,206
batch_139_jpg.rf.8581fa708aaec82c41814bb9f9daadff.jpg,640,640,knife,323,105,497,292,174,187
batch_139_jpg.rf.8581fa708aaec82c41814bb9f9daadff.jpg,640,640,knife,2,425,177,611,175,186
batch_139_jpg.rf.8581fa708aaec82c41814bb9f9daadff.jpg,640,640,knife,327,487,467,591,140,104
knife_376_jpg.rf.853fd1e11865169d31537b4a839d3826.jpg,640,640,knife,18,213,292,596,274,383
1364557_01__00084_jpg.rf.85b98e1602fbd5d0fb9b86e6c3191089.jpg,640,640,gun,361,185,460,453,99,268
1364555_01__00050_jpg.rf.8601079abcf206ba8ce5b6d3799b3451.jpg,640,640,gun,377,302,460,533,83,231
6_22_3_0003052_jpg.rf.8634287e1f99086fda00586599ca8704.jpg,640,640,gun,200,33,235,187,35,154
1649338710-165729_jpg.rf.8598dffbcf312f38eb9c7fa397d52c67.jpg,640,640,knife,334,77,409,409,75,332
null_image.jpg,640,640,,,,,,0,0
gun_4m_run_0001312_jpg.rf.861a325566af1ec8d62ea1d9b3446960.jpg,640,640,gun,269,289,321,430,52,141
gun1_5m_static_0000424_jpg.rf.85d11c2ed9c7f1fb485e83e460d6dd03.jpg,640,640,gun,78,212,134,306,56,94
1011151352_1905_jpg.rf.864a00d0646b6fe73ff7165e61a91895.jpg,640,640,gun,195,37,453,304,258,267
null_image.jpg,640,640,,,,,,0,0
2022-04-15_23_jpg.rf.866eab54ebcae4c6b7bc1fd768bb23ec.jpg,640,640,knife,334,508,368,565,34,57
knife_1000_jpg.rf.86940e8f6944d40151cb3b46bd373186.jpg,640,640,knife,111,351,158,520,47,169
6_22_1_0004904_jpg.rf.865e6246d479c2458df2b57c8d8da172.jpg,640,640,gun,95,143,227,339,132,196
Arty_snider_jpg.rf.85dd19d0464f0d77013ba115dc023344.jpg,640,640,gun,15,196,609,510,594,314
Interpreter_010_jpg.rf.86a0eeaae1f1b02ed93cb78a80edb9c8.jpg,640,640,gun,117,78,518,464,401,386
knife_237_jpg.rf.86953ff19ceefb2d797ab0b99dd9282e.jpg,640,640,knife,188,68,291,474,103,406
knife_26_jpg.rf.8676a5dff1e99acabee02c509faec40c.jpg,640,640,knife,231,41,317,265,86,224
DickTracyM1928A1_-3-_jpg.rf.85b24b7e560772028a027a8844429b01.jpg,640,640,gun,312,231,564,557,252,326
Gun_1291_jpg.rf.86250784898d51b89990269ec779b257.jpg,640,640,gun,92,175,540,583,448,408
knife_525_jpg.rf.86cbaaa6397a7955aaaeb596ccfda4c6.jpg,640,640,knife,232,254,607,471,375,217
gun_2_1_1__0006970_jpg.rf.86ac162875224c4c8ead0c8df44df539.jpg,640,640,gun,82,336,114,375,32,39
batch_396_jpg.rf.86ba5b52b1b48a90822ca4e25753f593.jpg,640,640,gun,184,62,242,110,58,48
batch_396_jpg.rf.86ba5b52b1b48a90822ca4e25753f593.jpg,640,640,gun,274,30,313,78,39,48
batch_396_jpg.rf.86ba5b52b1b48a90822ca4e25753f593.jpg,640,640,gun,422,172,483,296,61,124
batch_396_jpg.rf.86ba5b52b1b48a90822ca4e25753f593.jpg,640,640,gun,142,525,198,565,56,40
batch_396_jpg.rf.86ba5b52b1b48a90822ca4e25753f593.jpg,640,640,gun,445,320,619,572,174,252
Gun_2234_jpg.rf.869f7e6c093e0ec65a7fee103beb104d.jpg,640,640,gun,16,5,628,592,612,587
AOP13-P226-1_jpg.rf.86695d90716ecc3aeb70097d88cb9be5.jpg,640,640,gun,342,14,442,346,100,332
batch_221_jpg.rf.863e96043fce34f94372a41ee751db37.jpg,640,640,gun,183,77,203,103,20,26
batch_221_jpg.rf.863e96043fce34f94372a41ee751db37.jpg,640,640,gun,490,108,506,144,16,36
batch_221_jpg.rf.863e96043fce34f94372a41ee751db37.jpg,640,640,gun,212,502,228,521,16,19
batch_221_jpg.rf.863e96043fce34f94372a41ee751db37.jpg,640,640,gun,501,420,515,446,14,26
KravMagaTraining21306_jpg.rf.86bc7c358f7cf663b75f386ddd28f749.jpg,640,640,knife,300,454,382,501,82,47
156_jpg.rf.86e9ecafb1bbb6cfb8938c1b0037e313.jpg,640,640,knife,249,178,431,277,182,99
knife_1247_jpg.rf.86b5d467b7f31c706e1ce38d2920909e.jpg,640,640,knife,183,369,222,445,39,76
knife_1247_jpg.rf.86b5d467b7f31c706e1ce38d2920909e.jpg,640,640,knife,235,183,283,340,48,157
knife_1324_jpg.rf.86cf36ce624578a39e1af095aa801ee2.jpg,640,640,knife,347,439,435,546,88,107
KravMagaTraining139_jpg.rf.85a16dc6fe64364702a2843b3407b130.jpg,640,640,knife,386,37,471,155,85,118
6_22_4_0004532_jpg.rf.868660011b56368cebbbb2fa61269cf5.jpg,640,640,gun,404,375,459,473,55,98
knife_980_jpg.rf.86ab1894b08e4e7ec46a273b49be29b8.jpg,640,640,knife,133,198,193,407,60,209
knife_149_jpg.rf.8690233df745f3306f3015d7c3cce7c2.jpg,640,640,knife,179,296,622,479,443,183
knife_527_jpg.rf.8700ccd68520967d96bf94eb6fcc2b0d.jpg,640,640,knife,130,99,435,622,305,523
knife_841_jpg.rf.87240337c74c8d279cb3e151a0c73d67.jpg,640,640,knife,85,234,169,428,84,194
knife_991_jpg.rf.86dd44194a4cd164efd2e1a0aab320b2.jpg,640,640,knife,157,360,217,516,60,156
TDK_P226_Promo_jpg.rf.86f60e054efa789a735638966e616783.jpg,640,640,gun,192,201,283,379,91,178
knife_351_jpg.rf.87658406ce86443cb4b3b5b5010b19d7.jpg,640,640,knife,66,60,420,377,354,317
KravMagaTraining748_jpg.rf.870f04112de20fdfa531c9b4dad5d271.jpg,640,640,knife,420,126,498,234,78,108
RusoClases264_jpg.rf.877545eddab17f5009d5acbc679e4341.jpg,640,640,knife,197,309,255,440,58,131
knife_22_jpg.rf.876970c63239d325ceefe116a5c44775.jpg,640,640,knife,117,19,552,516,435,497
DefenseKnifeAttack0942_jpg.rf.877637bcaf9f01cf2800a51dae7c5f62.jpg,640,640,knife,392,340,454,442,62,102
DSC_0030_JPG_jpg.rf.876139d18f5e99e4d985dcc7c3063b71.jpg,640,640,knife,270,362,316,394,46,32
knife_1067_jpg.rf.8723589dba579c3b07bc8afe6af2b711.jpg,640,640,knife,132,52,288,428,156,376
MIA2_28_jpg.rf.878a2f8ea31698100ebe404b23241f56.jpg,640,640,gun,140,386,409,579,269,193
KravMagaKnifeDefenseTechniques217_jpg.rf.875969ee2bb26a4a3ea5e996d8f8e058.jpg,640,640,knife,254,253,348,356,94,103
knife_1195_jpg.rf.8762466eb050b7a865f32cc95cb50665.jpg,640,640,knife,163,325,285,409,122,84
batch_271_jpg.rf.87519e36804f0042bbd7e300e4ea4a5d.jpg,640,640,knife,102,114,132,180,30,66
batch_271_jpg.rf.87519e36804f0042bbd7e300e4ea4a5d.jpg,640,640,knife,554,136,586,227,32,91
batch_271_jpg.rf.87519e36804f0042bbd7e300e4ea4a5d.jpg,640,640,knife,229,470,253,565,24,95
batch_271_jpg.rf.87519e36804f0042bbd7e300e4ea4a5d.jpg,640,640,knife,551,469,575,566,24,97
knife_53_jpg.rf.873c1dc756aee104e6477da9ef5188a8.jpg,640,640,knife,191,40,586,529,395,489
Russian_jpg.rf.879470d650c9cd84625d28586403caaa.jpg,640,640,gun,8,23,632,588,624,565
73_jpg.rf.8793610394adf2cf19da42968cbfcc59.jpg,640,640,knife,258,205,271,254,13,49
Frwlppk4_jpg.rf.878ae053edb694cc1fe6c21d12802042.jpg,640,640,gun,175,259,312,453,137,194
323_jpg.rf.87a8c2be2729a73860f3f88ed9eac4e5.jpg,640,640,knife,300,146,509,389,209,243
knife_314_jpg.rf.87cdd8a36e3851c87fc365d6ef8d6968.jpg,640,640,knife,31,123,633,623,602,500
10736_00__05156_jpg.rf.87991a0d411811f0b58de7ab823e941f.jpg,640,640,gun,76,278,122,412,46,134
1649338721-487574_jpg.rf.8761403a1371c9edc4377c5c4bc6b9de.jpg,640,640,knife,340,239,382,608,42,369
knife_837_jpg.rf.879cca2b9ad8aabb78ac048b0a8214bd.jpg,640,640,knife,56,498,126,639,70,141
knife_1237_jpg.rf.87d58c34b5b7d4231b5a90ac426b3ccf.jpg,640,640,knife,323,332,446,454,123,122
2022-04-15_113_jpg.rf.879fccbbd4f2ad3db4a2de415faa24de.jpg,640,640,knife,550,509,579,585,29,76
KravMagaKnifeDefenseTechniques044_jpg.rf.87e489213612247d68e9ab2edffa9d49.jpg,640,640,knife,296,322,362,389,66,67
227_jpg.rf.87ab914ffc9b94d9734dbca32b31dcac.jpg,640,640,knife,337,551,361,629,24,78
KravMagaTraining4052_jpg.rf.87b59dd9e95aff405d4dbe9e40b5874e.jpg,640,640,knife,259,375,321,470,62,95
1364326_00__00128_jpg.rf.879d3eab5235706cde3f75c5e6f5ab18.jpg,640,640,gun,246,450,297,583,51,133
BAR1918_jpg.rf.87ad4d6ad9063b10185d7e16684c467f.jpg,640,640,gun,1,15,635,630,634,615
knife_1304_jpg.rf.87f9e8104d664e56d84192294fa0e70d.jpg,640,640,knife,176,225,239,352,63,127
knife_336_jpg.rf.87cea9a94470e8bafd32ca649e50ee65.jpg,640,640,knife,8,192,291,434,283,242
TLT-04_jpg.rf.8799c43fb7d79cb78810efd68376ef31.jpg,640,640,gun,291,3,590,640,299,637
KravMagaKnifeDefenseTechniques217_jpg.rf.8810a773e2d6fdc9e5f7887dc4686051.jpg,640,640,knife,254,252,348,355,94,103
gun_6m_static_0001512_jpg.rf.87625b25e4a188f1e0864f0125634de8.jpg,640,640,gun,327,152,387,242,60,90
gun_3_1_1__0002540_jpg.rf.880ed04295f1ebefe5a658b2dc919774.jpg,640,640,gun,263,294,309,508,46,214
DefenseKnifeAttack1072_jpg.rf.87f1868060b17df2fda1c62d5954d31b.jpg,640,640,knife,250,412,296,491,46,79
knife_546_jpg.rf.881b189a054fcab5fdfb9cd5aa2a8ea7.jpg,640,640,knife,363,12,602,410,239,398
batch_322_jpg.rf.87a6c0d00d0d7fd438d69a37bb1f5a44.jpg,640,640,knife,164,83,199,119,35,36
batch_322_jpg.rf.87a6c0d00d0d7fd438d69a37bb1f5a44.jpg,640,640,knife,449,210,488,234,39,24
batch_322_jpg.rf.87a6c0d00d0d7fd438d69a37bb1f5a44.jpg,640,640,knife,114,503,149,534,35,31
batch_322_jpg.rf.87a6c0d00d0d7fd438d69a37bb1f5a44.jpg,640,640,knife,438,513,476,542,38,29
1649338745-8283265_jpg.rf.881c61a103cc59dfa247292f67cd50a3.jpg,640,640,knife,211,42,292,609,81,567
72_jpg.rf.8815ad2dc83525367abd98e8477fe289.jpg,640,640,knife,243,373,266,450,23,77
Commander9mm_jpg.rf.87d04f574315ee3c891ba7345867ef45.jpg,640,640,gun,5,10,628,617,623,607
223_jpg.rf.88363afd70df9a8114570de6dde92431.jpg,640,640,knife,345,60,411,454,66,394
3293_jpg.rf.883ccef4cbe6186369a6208b1894cb7f.jpg,640,640,knife,368,152,409,323,41,171
DH4M1911A1-3_jpg.rf.88b0e26db40cf92a88d0dc0c816866f0.jpg,640,640,gun,114,420,244,638,130,218
6_22_2_0004516_jpg.rf.882edf62a00c60cb21957239c9fee0cc.jpg,640,640,gun,382,90,417,175,35,85
knife_1150_jpg.rf.8846a161cda582795f9c1138d7b6883b.jpg,640,640,knife,49,162,351,449,302,287
Faster-Beretta92FS-2_jpg.rf.88da5c8e3600b6bcd1a7a4ae29bbec6a.jpg,640,640,gun,4,389,112,466,108,77
Faster-Beretta92FS-2_jpg.rf.88da5c8e3600b6bcd1a7a4ae29bbec6a.jpg,640,640,gun,136,375,211,467,75,92
Faster-Beretta92FS-2_jpg.rf.88da5c8e3600b6bcd1a7a4ae29bbec6a.jpg,640,640,gun,221,368,295,443,74,75
Faster-Beretta92FS-2_jpg.rf.88da5c8e3600b6bcd1a7a4ae29bbec6a.jpg,640,640,gun,297,354,374,438,77,84
Faster-Beretta92FS-2_jpg.rf.88da5c8e3600b6bcd1a7a4ae29bbec6a.jpg,640,640,gun,374,351,448,427,74,76
Faster-Beretta92FS-2_jpg.rf.88da5c8e3600b6bcd1a7a4ae29bbec6a.jpg,640,640,gun,377,259,460,329,83,70
Faster-Beretta92FS-2_jpg.rf.88da5c8e3600b6bcd1a7a4ae29bbec6a.jpg,640,640,gun,101,267,199,370,98,103
Faster-Beretta92FS-2_jpg.rf.88da5c8e3600b6bcd1a7a4ae29bbec6a.jpg,640,640,gun,203,273,270,345,67,72
Faster-Beretta92FS-2_jpg.rf.88da5c8e3600b6bcd1a7a4ae29bbec6a.jpg,640,640,gun,72,120,395,269,323,149
Faster-Beretta92FS-2_jpg.rf.88da5c8e3600b6bcd1a7a4ae29bbec6a.jpg,640,640,gun,114,0,401,177,287,177
batch_299_jpg.rf.882e51e395e2f09efaff1176bf14be02.jpg,640,640,gun,104,32,121,126,17,94
batch_299_jpg.rf.882e51e395e2f09efaff1176bf14be02.jpg,640,640,gun,360,163,398,218,38,55
batch_299_jpg.rf.882e51e395e2f09efaff1176bf14be02.jpg,640,640,gun,119,386,169,446,50,60
batch_299_jpg.rf.882e51e395e2f09efaff1176bf14be02.jpg,640,640,gun,323,336,638,621,315,285
batch_290_jpg.rf.881e74dbddc098ad011c881de5141536.jpg,640,640,gun,110,175,149,271,39,96
batch_290_jpg.rf.881e74dbddc098ad011c881de5141536.jpg,640,640,gun,464,212,493,262,29,50
batch_290_jpg.rf.881e74dbddc098ad011c881de5141536.jpg,640,640,gun,105,446,200,585,95,139
batch_290_jpg.rf.881e74dbddc098ad011c881de5141536.jpg,640,640,gun,520,478,559,534,39,56
IZTVL-PPK-5_jpg.rf.881c2524901d9a412011b9517ef26564.jpg,640,640,gun,112,478,159,595,47,117
Miasto44-004_jpg.rf.882c4501d83dc1f0a315c45cbbe8e4d2.jpg,640,640,gun,236,221,308,606,72,385
knife_1226_jpg.rf.885c30fe282d14942571dfba5bca6ea6.jpg,640,640,knife,312,308,388,406,76,98
gun_3_1_1__0002084_jpg.rf.884001dfed0c6f33795ff19d8c9fddd4.jpg,640,640,gun,267,216,326,427,59,211
batch_33_jpg.rf.885acfb33f9c98a31597f2f6004680ab.jpg,640,640,gun,122,150,179,303,57,153
batch_33_jpg.rf.885acfb33f9c98a31597f2f6004680ab.jpg,640,640,gun,320,122,384,315,64,193
batch_33_jpg.rf.885acfb33f9c98a31597f2f6004680ab.jpg,640,640,gun,119,353,177,632,58,279
batch_33_jpg.rf.885acfb33f9c98a31597f2f6004680ab.jpg,640,640,gun,470,433,506,589,36,156
137010_05__02887_jpg.rf.88a77b9b3748b10025f5bb3e5ace30c2.jpg,640,640,gun,488,463,528,553,40,90
KravMagaTraining713_jpg.rf.88d0741297e1207130e428f589cbfddf.jpg,640,640,knife,232,226,280,341,48,115
287_jpg.rf.891441f8ec03ca5d47c1225369bbb0de.jpg,640,640,knife,300,195,512,303,212,108
2022-04-15_38_jpg.rf.891db358c56ac245bb9f08d72b81ed25.jpg,640,640,knife,174,343,225,405,51,62
knife_65_jpg.rf.88a5b55f9273e48b615c1283878c4bac.jpg,640,640,knife,200,9,626,523,426,514
10254454_2424_jpg.rf.882b2700c9012b5b33fd7b51b55cf8f7.jpg,640,640,gun,132,288,199,416,67,128
knife_692_jpg.rf.89218ed4e1d7923adba8cd20a84073d2.jpg,640,640,knife,249,177,417,412,168,235
KravMagaKnifeDefenseTechniques261_jpg.rf.88d4a219e27cc89c3d450a49f77ef8f6.jpg,640,640,knife,351,123,446,198,95,75
296_jpg.rf.88e63015517ce07e2b072277a8584c3e.jpg,640,640,knife,209,222,482,406,273,184
Bullet14_16_jpg.rf.893f80e652f5f1ac5a9facf82b62bbf2.jpg,640,640,gun,278,184,448,481,170,297
POTC_25_jpg.rf.88e363aa4e34475f59c8f33658ab7408.jpg,640,640,gun,136,195,281,315,145,120
batch_1_jpg.rf.8919d05ffe717c6a1141c5734574e9cc.jpg,640,640,knife,101,149,209,272,108,123
batch_1_jpg.rf.8919d05ffe717c6a1141c5734574e9cc.jpg,640,640,knife,342,108,509,240,167,132
batch_1_jpg.rf.8919d05ffe717c6a1141c5734574e9cc.jpg,640,640,knife,104,449,209,612,105,163
batch_1_jpg.rf.8919d05ffe717c6a1141c5734574e9cc.jpg,640,640,knife,479,587,489,636,10,49
123_jpg.rf.8950b942ba182787bb97e203c499715c.jpg,640,640,knife,259,434,419,591,160,157
knife_1322_jpg.rf.89388e65e284224bb26838f6a88c8c55.jpg,640,640,knife,306,269,345,397,39,128
knife_1089_jpg.rf.89c205056c2c0950bf1ee1f3d586f64e.jpg,640,640,knife,369,11,587,492,218,481
batch_153_jpg.rf.88ee112ae0ce65ffda5b710ab2fd9771.jpg,640,640,gun,142,100,297,275,155,175
batch_153_jpg.rf.88ee112ae0ce65ffda5b710ab2fd9771.jpg,640,640,gun,417,50,578,293,161,243
batch_153_jpg.rf.88ee112ae0ce65ffda5b710ab2fd9771.jpg,640,640,gun,400,454,510,564,110,110
batch_153_jpg.rf.88ee112ae0ce65ffda5b710ab2fd9771.jpg,640,640,gun,0,328,321,551,321,223
batch_153_jpg.rf.88ee112ae0ce65ffda5b710ab2fd9771.jpg,640,640,gun,0,468,316,638,316,170
1017121333_1071_jpg.rf.8987dd4b109820c0c07081ba117a4045.jpg,640,640,gun,187,226,425,475,238,249
batch_131_jpg.rf.88b1807268e2889fc2f1af6f79838dc0.jpg,640,640,knife,201,58,241,109,40,51
batch_131_jpg.rf.88b1807268e2889fc2f1af6f79838dc0.jpg,640,640,knife,356,45,410,172,54,127
batch_131_jpg.rf.88b1807268e2889fc2f1af6f79838dc0.jpg,640,640,knife,442,55,536,167,94,112
batch_131_jpg.rf.88b1807268e2889fc2f1af6f79838dc0.jpg,640,640,knife,18,362,85,507,67,145
batch_131_jpg.rf.88b1807268e2889fc2f1af6f79838dc0.jpg,640,640,knife,114,371,225,502,111,131
batch_131_jpg.rf.88b1807268e2889fc2f1af6f79838dc0.jpg,640,640,knife,463,481,526,518,63,37
NovemberM_105_jpg.rf.891499ab85cfbc9676d0912c05792c8e.jpg,640,640,gun,194,198,263,511,69,313
IRobotscreencap_jpg.rf.8943de2cdb1747b9376ee036fd5279c0.jpg,640,640,gun,198,163,270,298,72,135
6_22_3_0005592_jpg.rf.89c5755d7ab8503b49cef318654bd36b.jpg,640,640,gun,271,195,350,324,79,129
6_22_1_0001340_jpg.rf.895cdcbca9bc9a8d1c454a71db74db70.jpg,640,640,gun,504,193,639,362,135,169
102417225_900_jpg.rf.892628279506e58cc27ab885f27c9aac.jpg,640,640,gun,91,394,257,558,166,164
102417225_900_jpg.rf.892628279506e58cc27ab885f27c9aac.jpg,640,640,gun,483,419,607,575,124,156
batch_284_jpg.rf.89300686b41613cc94a0a551bee80df5.jpg,640,640,gun,5,20,315,302,310,282
batch_284_jpg.rf.89300686b41613cc94a0a551bee80df5.jpg,640,640,gun,319,0,635,313,316,313
batch_284_jpg.rf.89300686b41613cc94a0a551bee80df5.jpg,640,640,gun,42,542,159,593,117,51
batch_284_jpg.rf.89300686b41613cc94a0a551bee80df5.jpg,640,640,gun,353,456,464,579,111,123
Da_Corleone_a_Brooklyn-Revolver-5_jpg.rf.89daa7efe8127e11af683b5fae3d9761.jpg,640,640,gun,209,126,427,638,218,512
KravMagaKnifeDefenseTechniques246_jpg.rf.89d98bca4b37a389ef1bb6bd3929eea5.jpg,640,640,knife,369,165,446,212,77,47
KravMagaTraining4400_jpg.rf.895bf87a4864b5f596b45fa628077b86.jpg,640,640,knife,288,230,341,361,53,131
DSDGB-Nagant-4_jpg.rf.886b9758ab1ee38c99e502ef11d3bcd1.jpg,640,640,gun,156,237,276,509,120,272
knife_224_jpg.rf.89de7514e764ae18dd58be247e164163.jpg,640,640,knife,181,101,432,444,251,343
knife_942_jpg.rf.89bce4e4e1412514fdf64abaf0294537.jpg,640,640,knife,123,280,188,499,65,219
45_jpg.rf.89fa609e2ff8b2df293cf80a0dc04382.jpg,640,640,knife,222,534,248,612,26,78
228_jpg.rf.8994a62df19f83df13a3492dfc1baabe.jpg,640,640,knife,314,497,369,568,55,71
Navajo_Joe-Winchester-03_jpg.rf.8a03cd17e592e19df767952588addfe1.jpg,640,640,gun,192,327,502,635,310,308
Ohmss-wppk1_jpg.rf.8936d840290130e97c8569537a536af7.jpg,640,640,gun,201,293,254,422,53,129
2022-04-15_6_jpg.rf.89d9d7aaf98e7b2cda56b6c718399c6a.jpg,640,640,knife,337,542,380,589,43,47
00000212_jpg.rf.89ce8abb8f59510c68aebfcf3ab148cc.jpg,640,640,gun,6,9,639,624,633,615
94_jpg.rf.8a3dee6e2f1558d562055395c4aec415.jpg,640,640,knife,283,277,489,417,206,140
KravMagaTraining21321_jpg.rf.89db579c677db21c4391513a27303927.jpg,640,640,knife,142,454,314,622,172,168
KravMagaTraining590_jpg.rf.8a7521d30b22e3cec9fcd828d91b273a.jpg,640,640,knife,280,351,315,485,35,134
Hk-p9s-1_jpg.rf.8a262eb0528e81cdedd00093f4ed244b.jpg,640,640,gun,12,0,629,636,617,636
knife_405_jpg.rf.8a7e179ac63864fe6cfdcacb56fa5869.jpg,640,640,knife,14,233,401,390,387,157
Gun_2215_jpg.rf.8a5089990bc7f8328510790090d5d13d.jpg,640,640,gun,141,57,465,319,324,262
233_jpg.rf.8a6469bf76760401a2d3047a55859bc4.jpg,640,640,knife,286,137,499,365,213,228
6_22_4_0009404_jpg.rf.8a2c6e66150b257e81eed7e68b0c004d.jpg,640,640,gun,275,281,333,355,58,74
knife_356_jpg.rf.8a2cd68dc2bdefd13711a735fa140980.jpg,640,640,knife,74,379,357,605,283,226
POTC2_16_jpg.rf.89febabdcca23453bc63647709702f70.jpg,640,640,gun,386,140,434,284,48,144
knife_384_jpg.rf.8ab82da9952fbf6e140b9489d891ff89.jpg,640,640,knife,70,268,299,634,229,366
6_22_2_0003312_jpg.rf.8ab3cf1800b9b6dbee929a566e973542.jpg,640,640,gun,320,205,354,255,34,50
171_jpg.rf.8a610cf64db7d041b9c0c5a31019bebe.jpg,640,640,knife,246,153,483,262,237,109
Mauser-P38_jpg.rf.8acebadeb196f74be50f60bd02b7b046.jpg,640,640,gun,8,6,633,632,625,626
2022-04-15_90_jpg.rf.8a9c16aaf387d662c2994d6e96345e11.jpg,640,640,knife,252,386,274,471,22,85
null_image.jpg,640,640,,,,,,0,0
DefenseKnifeAttack0666_jpg.rf.8a6f06071b7fe419cfa7044d9b2fe6dc.jpg,640,640,knife,156,225,230,592,74,367
Blowing_Wild-MauserM36-13_jpg.rf.8af5378b4a1976fd40174b61132b1e5e.jpg,640,640,gun,28,192,416,415,388,223
6_22_2_0005428_jpg.rf.8a899e6c618d448f5655fd6025e221f9.jpg,640,640,gun,209,108,241,198,32,90
knife_829_jpg.rf.8a81882725091b65c565aa91b30e61e0.jpg,640,640,knife,91,356,164,566,73,210
RusoClases463_jpg.rf.8ab131efab0110e2461691ab8d9fe733.jpg,640,640,knife,517,380,583,551,66,171
DSC_0039_JPG_jpg.rf.8ab6542549957ba1264d741238b884a0.jpg,640,640,knife,243,249,348,283,105,34
DSC_0039_JPG_jpg.rf.8ab6542549957ba1264d741238b884a0.jpg,640,640,knife,255,412,280,514,25,102
gun1_4m_static_0002384_jpg.rf.8aa58d648e8b5082c123d93500987d90.jpg,640,640,gun,370,231,398,382,28,151
Dhoom_2_pistol_3_2_jpg.rf.8addf457bc7f0d9153133ed8bb425d8b.jpg,640,640,gun,254,254,337,438,83,184
Gun_1333_jpg.rf.8b47a5491606a5c37b855aaa3fb850d9.jpg,640,640,gun,4,11,624,613,620,602
101_jpg.rf.8ac21272ece6f0197948124af1d88b99.jpg,640,640,knife,226,397,286,448,60,51
11_12_2756_jpg.rf.8b109398e9b7954d29351a35d2151825.jpg,640,640,gun,172,83,554,443,382,360
1017205832_312_jpg.rf.8b0ea8a75cf31c380f839e70626148a7.jpg,640,640,gun,225,163,431,282,206,119
250_jpg.rf.8a99113c20c691f8fa105c81bae13e92.jpg,640,640,knife,331,105,432,505,101,400
Batman5906-2_jpg.rf.8b651f5f541d17b0546320fa50322da7.jpg,640,640,gun,272,354,362,591,90,237
Beretta34silver_jpg.rf.8b7e5a4e6e557a4e4e232d225897eceb.jpg,640,640,gun,5,6,640,640,635,634
knife_98_jpg.rf.8b81bf8c184d0493cb49da1267d92301.jpg,640,640,knife,234,75,603,579,369,504
Tri_damy_s_pistoli_pistol_1_3_jpg.rf.8b6acd2cd44b8f2484183377e06c6166.jpg,640,640,gun,92,36,432,576,340,540
11_12_483_jpg.rf.8b2cd8e9bb673be151339a540ce54181.jpg,640,640,gun,303,208,580,387,277,179
null_image.jpg,640,640,,,,,,0,0
CAPDM2_jpg.rf.8be071710adb6b31c5898973b83999cc.jpg,640,640,gun,533,203,594,333,61,130
CAPDM2_jpg.rf.8be071710adb6b31c5898973b83999cc.jpg,640,640,gun,113,231,190,355,77,124
batch_279_jpg.rf.8bbbbb37760071bba89c09a3574dc449.jpg,640,640,gun,86,196,106,217,20,21
batch_279_jpg.rf.8bbbbb37760071bba89c09a3574dc449.jpg,640,640,gun,515,219,538,239,23,20
batch_279_jpg.rf.8bbbbb37760071bba89c09a3574dc449.jpg,640,640,gun,212,523,236,542,24,19
batch_279_jpg.rf.8bbbbb37760071bba89c09a3574dc449.jpg,640,640,gun,425,451,470,603,45,152
6_22_4_0003068_jpg.rf.8bb2d5af8677f319293ac0579beb7193.jpg,640,640,gun,372,497,411,619,39,122
7_7_asd_00141010_jpg.rf.8bb15ddca8b318adec013655824c79dc.jpg,640,640,gun,434,166,578,431,144,265
knifeDefenseTechnique111_jpg.rf.8bcdb64b370b97b6f742c0840132b6e8.jpg,640,640,knife,395,253,442,447,47,194
BELCOSW_jpg.rf.8c0736743bbc9acd0c91effea047491b.jpg,640,640,gun,115,291,600,638,485,347
knife_649_jpg.rf.8c00316b7ce5e9ccde60aaf1f7eccc2e.jpg,640,640,knife,316,176,395,504,79,328
knife_736_jpg.rf.8b86a8a5b7758a45b06c80301a00e7e0.jpg,640,640,knife,297,76,355,416,58,340
DefenseKnifeAttack1008_jpg.rf.8bbfea4576190ed3ec88713c1786f8d1.jpg,640,640,knife,6,440,63,565,57,125
137_jpg.rf.8c115dfa6f941fbc190c0b35e6a853a2.jpg,640,640,knife,328,541,366,597,38,56
Kill_Switch-M1911-06_jpg.rf.8b858ddc85e352b8d7d7db5dc49e4cb1.jpg,640,640,gun,189,298,395,481,206,183
11_12_2016_jpg.rf.8bddbc09e18ce3200c90d0a4d1170d2d.jpg,640,640,gun,0,6,628,614,628,608
6_22_4_0007296_jpg.rf.8c85340975ec5cf08bbb306cdf9b9159.jpg,640,640,gun,455,134,519,217,64,83
156_jpg.rf.8c6b4ab891d1e232f7c9509b0ce971f7.jpg,640,640,knife,319,534,343,634,24,100
knife_281_jpg.rf.8c41a3f2e870dabb117612651f5f4f87.jpg,640,640,knife,0,83,275,326,275,243
Gun_302_jpg.rf.8c8edc7bdfdbab327d6b52bb0111a20f.jpg,640,640,gun,0,0,639,638,639,638
DefenseKnifeAttack1123_jpg.rf.8c3cf094fba0be26e0aa2a77271d8546.jpg,640,640,knife,257,361,298,437,41,76
BSt-shot-3_jpg.rf.8bf603a3a49d5c858cd5205c1f84c220.jpg,640,640,gun,315,286,632,608,317,322
knife_1057_jpg.rf.8cbacffa140cb1ec04637c57da24dcb9.jpg,640,640,knife,251,57,383,215,132,158
294519_00__214768_jpg.rf.8be8ffd5be09b7a4d2905ebf9398fe2e.jpg,640,640,gun,123,128,303,248,180,120
294519_00__214768_jpg.rf.8be8ffd5be09b7a4d2905ebf9398fe2e.jpg,640,640,gun,28,304,336,632,308,328
knife_319_jpg.rf.8be3d841a29de97651b020b707825166.jpg,640,640,knife,13,323,290,632,277,309
DSC_00541_JPG_jpg.rf.8ca913dafb7d206683357769fb68dc48.jpg,640,640,knife,208,182,246,296,38,114
null_image.jpg,640,640,,,,,,0,0
gun_2_1_1__0003140_jpg.rf.8cfa101d8536eda93bae759d75c78fd0.jpg,640,640,gun,298,435,342,471,44,36
DefenseKnifeAttack0161_jpg.rf.8cfb2d9f71a5bdf580820a680108023d.jpg,640,640,knife,185,419,282,479,97,60
10177244_282_jpg.rf.8ce712a76822a45e5906ae188774493c.jpg,640,640,gun,185,264,301,412,116,148
Dil73-m1911b_jpg.rf.8d11f07a64ee3020e9bb2e54fef763ad.jpg,640,640,gun,330,369,461,581,131,212
knife_6_jpg.rf.8ce29e0dbc63c16bd31a5082356c18a2.jpg,640,640,knife,160,206,638,440,478,234
1017104223_1251_jpg.rf.8d1c987d71b5645f09177b97e2fdc2e8.jpg,640,640,gun,49,285,387,541,338,256
117_jpg.rf.8d1012556a8b744a95e8229aaa18f0ee.jpg,640,640,knife,360,214,468,557,108,343
gun_3_1_1__0002108_jpg.rf.8d0decd6ffef3c2d5e82b9e9197023dd.jpg,640,640,gun,280,210,332,432,52,222
7_7_asd_00098254_jpg.rf.8d30c416bcdc9238c45a98759496216b.jpg,640,640,gun,117,180,208,308,91,128
Il_trucido_e_lo_sbirro-BerettaM51-9_jpg.rf.8d3dbe632ec3443696a041565f336ffb.jpg,640,640,gun,111,152,270,625,159,473
185_jpg.rf.8d184a7a8f9c7cd3f7d168aa6f635ad0.jpg,640,640,knife,306,515,334,623,28,108
196_jpg.rf.8d65430dda53978ad0161bc7bb272876.jpg,640,640,knife,274,82,429,399,155,317
null_image.jpg,640,640,,,,,,0,0
KnifeDefenseKrav020_jpg.rf.8d35e9e40c89909eca5d533a668d7ccd.jpg,640,640,knife,282,23,353,88,71,65
7_7_asd_00139476_jpg.rf.8d9643cd2447a630340bad0869e1c7dc.jpg,640,640,gun,330,138,369,228,39,90
7_7_asd_00139476_jpg.rf.8d9643cd2447a630340bad0869e1c7dc.jpg,640,640,gun,555,350,599,415,44,65
knife_111_jpg.rf.8d6ff89b14cfe9bff873796efd71c368.jpg,640,640,knife,455,5,531,494,76,489
78_jpg.rf.8d9e0d78b49b1ecdc6024afb7df390f0.jpg,640,640,knife,189,220,434,462,245,242
knife_716_jpg.rf.8d71a9d6a0a335323024ab9b77c95400.jpg,640,640,knife,129,300,189,488,60,188
knife_1251_jpg.rf.8dba7c2326a988cb53063134d727d722.jpg,640,640,knife,152,212,224,346,72,134
batch_3_jpg.rf.8d58f07c418ec7841c6087bb8858180b.jpg,640,640,knife,108,116,218,199,110,83
batch_3_jpg.rf.8d58f07c418ec7841c6087bb8858180b.jpg,640,640,knife,427,121,536,203,109,82
batch_3_jpg.rf.8d58f07c418ec7841c6087bb8858180b.jpg,640,640,knife,202,329,282,382,80,53
batch_3_jpg.rf.8d58f07c418ec7841c6087bb8858180b.jpg,640,640,knife,405,432,504,512,99,80
Detention-MP5-4_jpg.rf.8d98d21b04fb3fce0ffbea316ba6f8f3.jpg,640,640,gun,131,161,575,617,444,456
DSC_0031_JPG_jpg.rf.8d318a3e59faa0dce580940a5ea2c315.jpg,640,640,knife,186,334,240,375,54,41
gun_2_1_1__0013655_jpg.rf.8cfc7fb6a88c70005faeb6ecce58d454.jpg,640,640,gun,258,373,288,402,30,29
125_jpg.rf.8dc305c82f3dbf697359758df282d71f.jpg,640,640,knife,251,417,435,609,184,192
knife_1182_jpg.rf.8da8977891e79513dbeae66ac5e91990.jpg,640,640,knife,412,305,480,437,68,132
DSC_00511_JPG_jpg.rf.8dcf58469e6d3612d01b1d7a49a57913.jpg,640,640,knife,197,248,221,365,24,117
KravMagaKnifeDefenseTechniques670_jpg.rf.8dcd27ceabe56dc1a5e173a29abc2469.jpg,640,640,knife,237,335,321,424,84,89
DDM3GreaseGun-13_jpg.rf.8dd76fd620e93d3286c00795a6d7bf76.jpg,640,640,gun,305,131,372,370,67,239
1023131139_8055_jpg.rf.8d674631ed7344315bc51fc0e5d4ab11.jpg,640,640,gun,436,273,476,320,40,47
163_jpg.rf.8d1e370b9ace3a9a219a3652cadc7d22.jpg,640,640,knife,306,188,379,588,73,400
HFBabyEagle-4_jpg.rf.8e0bcd03156c7138e2b9dd4b4b1af4ac.jpg,640,640,gun,211,125,317,539,106,414
HFBabyEagle-4_jpg.rf.8e0bcd03156c7138e2b9dd4b4b1af4ac.jpg,640,640,gun,418,49,529,513,111,464
Once_a_Thief_1965-Revolver-5_jpg.rf.8ddd5fee8709be9678c5ba09f71f3f03.jpg,640,640,gun,415,318,495,614,80,296
gun_3_3_1__0003376_jpg.rf.8deddb5555ea04014a6ee5662ec6412f.jpg,640,640,gun,298,407,343,591,45,184
knife_487_jpg.rf.8deb0532b6aa794d51d37e85fb94352c.jpg,640,640,knife,177,105,315,382,138,277
batch_105_jpg.rf.8de4512f0c0f5d0847c039296729f473.jpg,640,640,gun,156,55,232,167,76,112
batch_105_jpg.rf.8de4512f0c0f5d0847c039296729f473.jpg,640,640,gun,507,126,537,216,30,90
batch_105_jpg.rf.8de4512f0c0f5d0847c039296729f473.jpg,640,640,gun,184,323,270,580,86,257
batch_105_jpg.rf.8de4512f0c0f5d0847c039296729f473.jpg,640,640,gun,42,319,129,551,87,232
batch_105_jpg.rf.8de4512f0c0f5d0847c039296729f473.jpg,640,640,gun,416,559,458,631,42,72
KravMagaKnifeDefenseTechniques225_jpg.rf.8de084dee85e810487b3432a22ec6484.jpg,640,640,knife,258,244,347,338,89,94
BrickM_79_jpg.rf.8e3a58337361ac474c24edad84480b6c.jpg,640,640,gun,191,314,371,543,180,229
gun_2_1_1__0007730_jpg.rf.8e19ab6d2da48751bb9c3a01d17d746e.jpg,640,640,gun,381,315,426,351,45,36
knife_691_jpg.rf.8e02550c87c4e88faa31b4bf382c728e.jpg,640,640,knife,140,66,200,400,60,334
batch_146_jpg.rf.8e03f3da1328c7d8cc03d8c1ff0999b2.jpg,640,640,gun,117,125,187,277,70,152
batch_146_jpg.rf.8e03f3da1328c7d8cc03d8c1ff0999b2.jpg,640,640,gun,379,159,450,319,71,160
batch_146_jpg.rf.8e03f3da1328c7d8cc03d8c1ff0999b2.jpg,640,640,gun,184,425,282,639,98,214
batch_146_jpg.rf.8e03f3da1328c7d8cc03d8c1ff0999b2.jpg,640,640,gun,465,539,489,617,24,78
KravMagaTraining464_jpg.rf.8e344a74410d72f4dc5394f9f37cb28a.jpg,640,640,knife,137,365,194,471,57,106
gun_2_1_1__0015545_jpg.rf.8d43ff95e7fb1fd7d287c0c4c1761448.jpg,640,640,gun,143,335,178,372,35,37
gun_3_2_1__0002016_jpg.rf.8e19a5ce7557e15554cc185b12d0aab0.jpg,640,640,gun,316,244,427,563,111,319
batch_111_jpg.rf.8e0ba36044f2910c8b03954faa676401.jpg,640,640,gun,22,58,269,317,247,259
batch_111_jpg.rf.8e0ba36044f2910c8b03954faa676401.jpg,640,640,gun,346,99,493,319,147,220
batch_111_jpg.rf.8e0ba36044f2910c8b03954faa676401.jpg,640,640,gun,96,386,217,568,121,182
batch_111_jpg.rf.8e0ba36044f2910c8b03954faa676401.jpg,640,640,gun,359,346,559,608,200,262
Gun_700_jpg.rf.8d6053bb6ffc1f00994618bd325d5ecf.jpg,640,640,gun,183,20,603,615,420,595
knife_946_jpg.rf.8e428afbfc6eff1e620a2e152926199f.jpg,640,640,knife,65,485,131,639,66,154
null_image.jpg,640,640,,,,,,0,0
gun_3_1_1__0001204_jpg.rf.8e52d261c7da625f70233a054102ac3a.jpg,640,640,gun,241,338,292,518,51,180
knife_1218_jpg.rf.8e4f91169305e782e4e0b3d616600b3d.jpg,640,640,knife,311,285,358,411,47,126
knife_1218_jpg.rf.8e4f91169305e782e4e0b3d616600b3d.jpg,640,640,knife,366,299,419,443,53,144
11_12_1799_jpg.rf.8e3d10216a544962852b0f5be6388fb8.jpg,640,640,gun,226,98,290,307,64,209
Gun_1210_jpg.rf.8e75b200f102cadaccf723309cacf829.jpg,640,640,gun,0,0,636,640,636,640
knife4_jpg.rf.8e55515facaa5ffa9e440571262a5c54.jpg,640,640,knife,3,9,431,611,428,602
TGLJ-02_jpg.rf.8e71ac5c6503913483d1324c4290e011.jpg,640,640,gun,410,387,497,508,87,121
batch_257_jpg.rf.8e6d768a6879d03bc82b6ada3da7250c.jpg,640,640,knife,52,256,85,319,33,63
batch_257_jpg.rf.8e6d768a6879d03bc82b6ada3da7250c.jpg,640,640,knife,359,164,398,254,39,90
batch_257_jpg.rf.8e6d768a6879d03bc82b6ada3da7250c.jpg,640,640,knife,48,492,81,584,33,92
batch_257_jpg.rf.8e6d768a6879d03bc82b6ada3da7250c.jpg,640,640,knife,367,503,400,587,33,84
null_image.jpg,640,640,,,,,,0,0
sharpenKnife096_jpg.rf.8e76961e9ff19f3a0dd068e441138c4e.jpg,640,640,knife,338,409,478,498,140,89
knife_530_jpg.rf.8eae3e6bd4a31fb2de5aa7e8afeef30e.jpg,640,640,knife,232,177,366,592,134,415
knife_985_jpg.rf.8e8071b7f512610ed802f704c2ce8320.jpg,640,640,knife,65,498,132,640,67,142
knife_857_jpg.rf.8e92ba711730ee6a569587ae7248ad9f.jpg,640,640,knife,140,360,202,525,62,165
knife_342_jpg.rf.8ea4d093153f4036f5d9fa3f062cdd37.jpg,640,640,knife,300,233,494,616,194,383
47_jpg.rf.8eadbbd45990846010767f5fe5c29b88.jpg,640,640,knife,213,537,239,608,26,71
knife_513_jpg.rf.8e0d07061f48c2a43834026ff0467a6b.jpg,640,640,knife,20,51,402,485,382,434
6_22_4_0001768_jpg.rf.8ea39a09bec833fc36b844fb2c939688.jpg,640,640,gun,492,134,521,252,29,118
10239436_144_jpg.rf.8ec13cbe29fa4c2dd9dff740ee7f8b37.jpg,640,640,gun,336,105,414,217,78,112
165_jpg.rf.8e970d1eb99da26aed7a5c62df9d97d5.jpg,640,640,knife,348,37,483,441,135,404
7_7_asd_00140792_jpg.rf.8ebd724eeb2b53475596307e87aa4263.jpg,640,640,gun,168,273,486,409,318,136
knife_483_jpg.rf.8e948d6967e7d27e80a4598150b4ab05.jpg,640,640,knife,175,112,488,623,313,511
7_7_asd_00131164_jpg.rf.8ee44cfffc1c4cf19ef3797d36ab3f08.jpg,640,640,gun,104,168,150,219,46,51
6_22_2_0002128_jpg.rf.8ecb39a3fbe4e9562b71a0735630bb4f.jpg,640,640,gun,184,143,232,220,48,77
knife_985_jpg.rf.8ee81acdad07a69d3db89e411d84ad58.jpg,640,640,knife,64,498,132,639,68,141
Dobry_vojak_Svejk-Mannlicher-5_jpg.rf.8f0ed2db56547ef134942563d352756e.jpg,640,640,gun,62,77,186,543,124,466
Band-snub2_jpg.rf.8ed264e422c7930b3c4bd6139cae7526.jpg,640,640,gun,48,456,229,630,181,174
KravMagaTraining355_jpg.rf.8ed804b6e3d1cdb0b050b9269a8f6b18.jpg,640,640,knife,182,105,218,217,36,112
99_jpg.rf.8e7ef702652aea5fd3899ccfc666be0f.jpg,640,640,knife,269,276,377,539,108,263
knife_628_jpg.rf.8ee5260d3094aed76e7aab5dc453747a.jpg,640,640,knife,97,241,157,537,60,296
knife_628_jpg.rf.8ee5260d3094aed76e7aab5dc453747a.jpg,640,640,knife,167,131,281,639,114,508
Mc-cz27a_jpg.rf.8f04acd72f6c6b062a866f6b20ed3602.jpg,640,640,gun,247,438,480,587,233,149
gun_3_1_1__0002100_jpg.rf.8f37c1010e4f6194aca4531d4057bc1e.jpg,640,640,gun,281,207,329,435,48,228
KravMagaKnifeDefenseTechniques060_jpg.rf.8ed726ccfb09d462445ce096aacf40de.jpg,640,640,knife,282,351,348,409,66,58
gun_2_1_1__0008620_jpg.rf.8f3f643cf3901c16f6c3b599f244669c.jpg,640,640,gun,374,356,425,403,51,47
KravMagaKnifeDefenseTechniques157_jpg.rf.8f6ffb210ec2d4c83f8ae9931deff5ae.jpg,640,640,knife,200,142,278,240,78,98
knife_1301_jpg.rf.8efe994620540403c59b0c114b98cd52.jpg,640,640,knife,483,156,525,280,42,124
89_jpg.rf.8f01b04fec08b757f76b1710c376c279.jpg,640,640,knife,260,1,377,640,117,639
DefenseKnifeAttack1427_jpg.rf.8f177a62186c6839987721e7c2dbe457.jpg,640,640,knife,314,218,362,308,48,90
226_jpg.rf.8f077f584f5b95d76a003e3f80f45f6e.jpg,640,640,knife,309,367,362,636,53,269
102418559_5218_jpg.rf.8eeefdbbb289370e7791842757ff7342.jpg,640,640,gun,267,220,358,408,91,188
AgentHamiltonITIOTN-AKMS-02_jpg.rf.8f33dc2e94f84543934679685bd8a125.jpg,640,640,gun,210,248,382,490,172,242
101773550_1083_jpg.rf.8f1900263122c9d0d20d0d2f32483ffb.jpg,640,640,gun,169,332,525,554,356,222
11_12_2276_jpg.rf.8f7e17fe6c662c6f901d300614e6696f.jpg,640,640,gun,0,446,205,590,205,144
OpenRangeColtSAA-9_jpg.rf.8f4b911a222cfbadee94a9d940cc33ac.jpg,640,640,gun,309,72,506,439,197,367
knife_237_jpg.rf.8f08ebcd9491519fc49f35499f28c554.jpg,640,640,knife,187,67,291,473,104,406
75_jpg.rf.8ed967c4f13f9a6efed2272e8b9cdd6c.jpg,640,640,knife,203,383,408,640,205,257
KravMagaKnifeDefenseTechniques752_jpg.rf.8f973c6f3f38aed0e5ee8f0c493f1a1e.jpg,640,640,knife,197,458,285,551,88,93
12_jpg.rf.8fe8702ddaebdf6d957a78d7626575f1.jpg,640,640,knife,274,511,305,589,31,78
batch_340_jpg.rf.8fbe1b20c55fe9a9f907c3b5f76a9d9d.jpg,640,640,gun,65,262,100,309,35,47
batch_340_jpg.rf.8fbe1b20c55fe9a9f907c3b5f76a9d9d.jpg,640,640,gun,588,108,628,164,40,56
batch_340_jpg.rf.8fbe1b20c55fe9a9f907c3b5f76a9d9d.jpg,640,640,gun,8,321,316,634,308,313
batch_340_jpg.rf.8fbe1b20c55fe9a9f907c3b5f76a9d9d.jpg,640,640,gun,575,532,639,633,64,101
batch_375_jpg.rf.8ffae7241f210de5eb536ab2e891c64e.jpg,640,640,gun,52,156,122,319,70,163
batch_375_jpg.rf.8ffae7241f210de5eb536ab2e891c64e.jpg,640,640,gun,333,141,392,296,59,155
batch_375_jpg.rf.8ffae7241f210de5eb536ab2e891c64e.jpg,640,640,gun,69,464,118,624,49,160
batch_375_jpg.rf.8ffae7241f210de5eb536ab2e891c64e.jpg,640,640,gun,393,464,444,623,51,159
P04NavyLuger_jpg.rf.8fd4419bc563e12c1c4247d8b43b33ed.jpg,640,640,gun,8,10,639,635,631,625
4714_jpg.rf.8f9c3acac3a3191882a257fdcdfb3a48.jpg,640,640,knife,457,72,515,226,58,154
batch_282_jpg.rf.900fc490ba0a929cf702d468aee10081.jpg,640,640,gun,10,82,49,268,39,186
batch_282_jpg.rf.900fc490ba0a929cf702d468aee10081.jpg,640,640,gun,487,148,540,259,53,111
batch_282_jpg.rf.900fc490ba0a929cf702d468aee10081.jpg,640,640,gun,74,438,145,516,71,78
batch_282_jpg.rf.900fc490ba0a929cf702d468aee10081.jpg,640,640,gun,396,523,486,633,90,110
knife_23_jpg.rf.8f9bd4d9629f9b78aa6de5dc61d8bb6e.jpg,640,640,knife,224,388,628,631,404,243
gun_6m_static_0000608_jpg.rf.8f9e7484f390aaf6b8d15b1a90e89587.jpg,640,640,gun,227,125,278,207,51,82
1649338729-1563032_jpg.rf.8f84f84ef50b970aa445e6ef0fe5fb0d.jpg,640,640,knife,331,73,449,599,118,526
knife_953_jpg.rf.902273eb87582807dc16eca6bda3a3de.jpg,640,640,knife,154,369,221,523,67,154
knife_1062_jpg.rf.8f920ba495a8d9271b9422207e0dec21.jpg,640,640,knife,275,150,334,223,59,73
KnifeDefenseKrav078_jpg.rf.8f9bef0d451cfa7246dee0959c213160.jpg,640,640,knife,105,265,146,354,41,89
gun_3_2_1__0001516_jpg.rf.8fcc413557c443f5eebf97ea0b0a6712.jpg,640,640,gun,216,271,357,611,141,340
1011133951_25_jpg.rf.8f5698357ff201266f99521a379ab9f6.jpg,640,640,gun,261,318,477,618,216,300
104_jpg.rf.8fbe2235afb3353545192fd7502fefb7.jpg,640,640,knife,226,392,272,451,46,59
Dilcap-c11e_jpg.rf.8fea8a3088f76208717e568feeeed3f3.jpg,640,640,gun,229,71,388,330,159,259
gun_2_1_1__0013560_jpg.rf.8fbe6772b94a2b4de0aa1f73b5afa619.jpg,640,640,gun,173,352,209,391,36,39
knife_114_jpg.rf.902113aa7d39be240be9c4ca77a33fc3.jpg,640,640,knife,0,208,620,432,620,224
knife_1033_jpg.rf.8fe416904487315818ff002168c10d56.jpg,640,640,knife,223,503,340,548,117,45
knife_541_jpg.rf.9060d8966015e47d630f4deb51610db8.jpg,640,640,knife,46,113,442,636,396,523
batch_169_jpg.rf.9023395671b787cf42e8d7a3ecd54110.jpg,640,640,gun,74,106,100,208,26,102
batch_169_jpg.rf.9023395671b787cf42e8d7a3ecd54110.jpg,640,640,gun,451,146,581,316,130,170
batch_169_jpg.rf.9023395671b787cf42e8d7a3ecd54110.jpg,640,640,gun,0,416,113,543,113,127
batch_169_jpg.rf.9023395671b787cf42e8d7a3ecd54110.jpg,640,640,gun,453,507,507,619,54,112
batch_169_jpg.rf.9023395671b787cf42e8d7a3ecd54110.jpg,640,640,gun,533,445,589,530,56,85
batch_169_jpg.rf.9023395671b787cf42e8d7a3ecd54110.jpg,640,640,gun,502,383,569,467,67,84
1011133951_124_jpg.rf.9046389c498ca07e37499a82edfa77e5.jpg,640,640,gun,128,276,549,584,421,308
null_image.jpg,640,640,,,,,,0,0
batch_388_jpg.rf.908cf7d4b732e346e306661d53f6cd1c.jpg,640,640,gun,70,118,99,144,29,26
batch_388_jpg.rf.908cf7d4b732e346e306661d53f6cd1c.jpg,640,640,gun,466,127,517,256,51,129
batch_388_jpg.rf.908cf7d4b732e346e306661d53f6cd1c.jpg,640,640,gun,18,467,209,639,191,172
batch_388_jpg.rf.908cf7d4b732e346e306661d53f6cd1c.jpg,640,640,gun,532,551,579,599,47,48
7_7_asd_00140828_jpg.rf.907c59035365c613bdd2e9530aa05576.jpg,640,640,gun,176,275,496,425,320,150
202_jpg.rf.904b2976e07a69080788f1bc50474bbb.jpg,640,640,knife,305,494,334,598,29,104
GunmanPx4-6_jpg.rf.9055dbbdbed557ad73bdfe0ee5f3b26c.jpg,640,640,gun,267,220,437,574,170,354
batch_4_jpg.rf.9089b6f265fb8fc03c2d9f0b1d74ab16.jpg,640,640,knife,173,52,262,142,89,90
batch_4_jpg.rf.9089b6f265fb8fc03c2d9f0b1d74ab16.jpg,640,640,knife,471,16,583,151,112,135
batch_4_jpg.rf.9089b6f265fb8fc03c2d9f0b1d74ab16.jpg,640,640,knife,103,435,214,521,111,86
batch_4_jpg.rf.9089b6f265fb8fc03c2d9f0b1d74ab16.jpg,640,640,knife,444,334,566,489,122,155
batch_329_jpg.rf.907844ecd08bb63cd447ffc5bf980734.jpg,640,640,gun,13,144,126,316,113,172
batch_329_jpg.rf.907844ecd08bb63cd447ffc5bf980734.jpg,640,640,gun,477,166,635,319,158,153
batch_329_jpg.rf.907844ecd08bb63cd447ffc5bf980734.jpg,640,640,gun,78,399,167,479,89,80
batch_329_jpg.rf.907844ecd08bb63cd447ffc5bf980734.jpg,640,640,gun,494,400,531,507,37,107
Gun_1755_jpg.rf.8fbe2b8f4a0ab7d23e01c2a9ddf5b5a6.jpg,640,640,gun,0,3,598,426,598,423
knife_115_jpg.rf.906c3cca512a91a945c91133637b5240.jpg,640,640,knife,266,234,574,529,308,295
K911-RugerKP94-3_jpg.rf.90e22c572319ea36aa7f8839d3dc6855.jpg,640,640,gun,134,36,239,259,105,223
Outrage-Coda-M1911A1-1_jpg.rf.902a4287d0dfe45860e80a761985afee.jpg,640,640,gun,197,273,280,464,83,191
30_jpg.rf.90852289ee7cbdc9f30f34c8545fae6d.jpg,640,640,knife,262,443,286,514,24,71
2022-04-21_444_jpg.rf.90f89dd7330bc76e63b40fb419db8b8b.jpg,640,640,knife,308,495,352,557,44,62
gun_3_2_1__0001280_jpg.rf.910cbb218f4fa80ef21d3aba7cb730fe.jpg,640,640,gun,257,222,356,542,99,320
Gun_836_jpg.rf.90e151e25659cc97257e4af71aa694e6.jpg,640,640,gun,91,105,513,504,422,399
knife_32_jpg.rf.90f59bdd327122b8a85acb42cda75708.jpg,640,640,knife,51,124,484,455,433,331
batch_188_jpg.rf.90c944a2c97499451ad67bd667f686e3.jpg,640,640,knife,58,135,195,225,137,90
batch_188_jpg.rf.90c944a2c97499451ad67bd667f686e3.jpg,640,640,knife,358,210,391,282,33,72
batch_188_jpg.rf.90c944a2c97499451ad67bd667f686e3.jpg,640,640,knife,38,530,71,602,33,72
batch_188_jpg.rf.90c944a2c97499451ad67bd667f686e3.jpg,640,640,knife,394,463,428,553,34,90
8mm1_jpg.rf.9112eab1eb812d42f22f71ab8f05ea5f.jpg,640,640,gun,213,203,292,488,79,285
7_7_asd_00140690_jpg.rf.9107445e61cb836ba0988aceffa80834.jpg,640,640,gun,206,175,309,560,103,385
28_jpg.rf.91008c3fd6c0de9b0d716d34b5db0da1.jpg,640,640,knife,194,315,405,571,211,256
Arminius_HW1_jpg.rf.914c065e06e48b62c334ae4e1f9fac83.jpg,640,640,gun,8,16,628,634,620,618
71_jpg.rf.9108d784aab006d3e630e41c7146a8fa.jpg,640,640,knife,222,362,245,442,23,80
KravMagaKnifeDefenseTechniques052_jpg.rf.90f0b512b7cd37ec668f9fbcbf3a2a1c.jpg,640,640,knife,289,344,359,401,70,57
knife_1026_jpg.rf.913ea10fd503a7448ad9d2cbb11b2b04.jpg,640,640,knife,257,294,514,360,257,66
Passez_une_bonne_nuit-Revolver-1_jpg.rf.911946af05573e0079b1b823ee3a4691.jpg,640,640,gun,129,352,189,453,60,101
Passez_une_bonne_nuit-Revolver-1_jpg.rf.911946af05573e0079b1b823ee3a4691.jpg,640,640,gun,257,304,348,470,91,166
The_hitchhiker_shotgun_3_jpg.rf.912d017fb3a4260e059eea309a67f69c.jpg,640,640,gun,227,305,323,457,96,152
knife_576_jpg.rf.918b568a32950a0111eebd14a77f1b79.jpg,640,640,knife,180,220,377,486,197,266
Meeting_Evil_3_jpg.rf.912c2ed8b358811430f61af04cdf4344.jpg,640,640,gun,125,347,208,485,83,138
11_12_1533_jpg.rf.91a7fe80baad3f16bcecdc3c07cc6557.jpg,640,640,gun,192,23,599,357,407,334
11_12_1533_jpg.rf.91a7fe80baad3f16bcecdc3c07cc6557.jpg,640,640,gun,192,251,614,546,422,295
gun_3_3_1__0001432_jpg.rf.91cef92b06406565112a001e668b577f.jpg,640,640,gun,59,201,133,371,74,170
PoD-SW-3_jpg.rf.91db9928f645d8be0006ad4641141d45.jpg,640,640,gun,134,475,215,605,81,130
null_image.jpg,640,640,,,,,,0,0
RealityKnifeAttacks0178_jpg.rf.91455e518f9e5797d89fb4f7aa677de2.jpg,640,640,knife,269,328,317,379,48,51
batch_66_jpg.rf.919744cee1f72c81f2d7b3f4bad7e25f.jpg,640,640,knife,98,234,117,251,19,17
batch_66_jpg.rf.919744cee1f72c81f2d7b3f4bad7e25f.jpg,640,640,knife,417,109,538,220,121,111
batch_66_jpg.rf.919744cee1f72c81f2d7b3f4bad7e25f.jpg,640,640,knife,91,492,127,568,36,76
batch_66_jpg.rf.919744cee1f72c81f2d7b3f4bad7e25f.jpg,640,640,knife,391,459,420,549,29,90
gun_2_1_1__0012325_jpg.rf.9207017cc459bea7b447c4751f82667d.jpg,640,640,gun,295,361,336,399,41,38
DefenseKnifeAttack1327_jpg.rf.9157dfacaf927d9b41bbe90c790736df.jpg,640,640,knife,226,77,316,164,90,87
KravMagaKnifeDefenseTechniques167_jpg.rf.91786ff632dc9791d6d1bd5633c3bec5.jpg,640,640,knife,210,177,292,280,82,103
batch_84_jpg.rf.91afece401e60ae091e99ba5df2672c9.jpg,640,640,gun,114,77,163,240,49,163
batch_84_jpg.rf.91afece401e60ae091e99ba5df2672c9.jpg,640,640,gun,442,9,519,120,77,111
batch_84_jpg.rf.91afece401e60ae091e99ba5df2672c9.jpg,640,640,gun,27,445,319,631,292,186
batch_84_jpg.rf.91afece401e60ae091e99ba5df2672c9.jpg,640,640,gun,529,486,639,630,110,144
gun_3_1_1__0000912_jpg.rf.91be1f20003a92d83cc991a3b6d64060.jpg,640,640,gun,241,339,289,481,48,142
84_jpg.rf.910a46e4e4a39dbb02c4a45e8a3a6933.jpg,640,640,knife,305,448,349,505,44,57
258_jpg.rf.91e00dd57213ab11662169d65bbc84f4.jpg,640,640,knife,303,456,348,590,45,134
DSC_0045_JPG_jpg.rf.91dab99128a8b52e9cbe5d3d239cacec.jpg,640,640,knife,320,354,348,468,28,114
6_22_1_0000220_jpg.rf.90e5eff4e4811ea45e121e366dd8d8ff.jpg,640,640,gun,250,79,291,347,41,268
2022-04-15_112_jpg.rf.91cad3f7417fd675cc6c412ecbbe5169.jpg,640,640,knife,332,186,383,272,51,86
233_jpg.rf.91219904709b9bbcda4002b8a2488b0d.jpg,640,640,knife,286,573,322,639,36,66
6_22_4_0009528_jpg.rf.91b52375aa95036b61874dcd32afc665.jpg,640,640,gun,368,508,416,632,48,124
batch_25_jpg.rf.920d55734720bb705175ad896941f744.jpg,640,640,knife,9,135,164,306,155,171
batch_25_jpg.rf.920d55734720bb705175ad896941f744.jpg,640,640,knife,327,56,580,311,253,255
batch_25_jpg.rf.920d55734720bb705175ad896941f744.jpg,640,640,knife,180,466,317,621,137,155
batch_25_jpg.rf.920d55734720bb705175ad896941f744.jpg,640,640,knife,357,490,488,575,131,85
DefenseKnifeAttack0166_jpg.rf.921f9bb4be7c03ee350c4e28cf723f02.jpg,640,640,knife,194,407,292,465,98,58
batch_200_jpg.rf.92229f2e39fa73d0e82406352bdff9ba.jpg,640,640,knife,6,2,319,178,313,176
batch_200_jpg.rf.92229f2e39fa73d0e82406352bdff9ba.jpg,640,640,knife,329,0,539,290,210,290
batch_200_jpg.rf.92229f2e39fa73d0e82406352bdff9ba.jpg,640,640,knife,4,368,317,548,313,180
batch_200_jpg.rf.92229f2e39fa73d0e82406352bdff9ba.jpg,640,640,knife,456,341,514,639,58,298
KravMagaKnifeDefenseTechniques209_jpg.rf.922545e0b25a09092f93605329b9443f.jpg,640,640,knife,256,255,344,344,88,89
Package_029_jpg.rf.9201976d1e1e90dc5423297bc6f5ac01.jpg,640,640,gun,263,325,366,546,103,221
knife_1281_jpg.rf.924d91282ddab1b9ea9a2d17282bb315.jpg,640,640,knife,203,298,243,366,40,68
116_jpg.rf.9214c0d91a81dec4cecbc4bb89c32126.jpg,640,640,knife,317,416,363,465,46,49
batch_175_jpg.rf.926d419fa77b983f4ac66fc7fb73737d.jpg,640,640,gun,166,50,238,145,72,95
batch_175_jpg.rf.926d419fa77b983f4ac66fc7fb73737d.jpg,640,640,gun,516,124,542,193,26,69
batch_175_jpg.rf.926d419fa77b983f4ac66fc7fb73737d.jpg,640,640,gun,180,466,198,520,18,54
batch_175_jpg.rf.926d419fa77b983f4ac66fc7fb73737d.jpg,640,640,gun,495,481,514,558,19,77
batch_384_jpg.rf.922d664623952006b67cb1f71549faf7.jpg,640,640,knife,159,268,174,308,15,40
batch_384_jpg.rf.922d664623952006b67cb1f71549faf7.jpg,640,640,knife,441,172,550,305,109,133
batch_384_jpg.rf.922d664623952006b67cb1f71549faf7.jpg,640,640,knife,122,484,223,639,101,155
batch_384_jpg.rf.922d664623952006b67cb1f71549faf7.jpg,640,640,knife,395,396,454,596,59,200
160_jpg.rf.92283f331fa5daa35409fbd263c64d74.jpg,640,640,knife,326,40,514,352,188,312
gun_4m_static_0003440_jpg.rf.92120079864ab161d05584ba00d5ed47.jpg,640,640,gun,361,382,382,490,21,108
10251430_1948_jpg.rf.92678be4bd0ee78915ec5b5025def19c.jpg,640,640,gun,334,8,471,301,137,293
batch_252_jpg.rf.90e7f85970e8e3b114b2e2c15ee11a7c.jpg,640,640,gun,125,74,172,158,47,84
batch_252_jpg.rf.90e7f85970e8e3b114b2e2c15ee11a7c.jpg,640,640,gun,417,102,470,210,53,108
batch_252_jpg.rf.90e7f85970e8e3b114b2e2c15ee11a7c.jpg,640,640,gun,21,326,112,629,91,303
batch_252_jpg.rf.90e7f85970e8e3b114b2e2c15ee11a7c.jpg,640,640,gun,185,319,271,639,86,320
batch_252_jpg.rf.90e7f85970e8e3b114b2e2c15ee11a7c.jpg,640,640,gun,413,488,460,637,47,149
batch_252_jpg.rf.90e7f85970e8e3b114b2e2c15ee11a7c.jpg,640,640,gun,513,540,555,639,42,99
gun_3_3_1__0000856_jpg.rf.92ab629b45e8e1fb9595254f2da5cbb0.jpg,640,640,gun,186,262,246,469,60,207
93_jpg.rf.93020fab390c66fbd5176c0b86b0022e.jpg,640,640,knife,189,235,509,500,320,265
DSC_0023_JPG_jpg.rf.9119fac19497abce4647b838209fded9.jpg,640,640,knife,288,322,372,349,84,27
batch_113_jpg.rf.92586c9181a4daff7ae780fd6a6feabe.jpg,640,640,gun,47,116,313,252,266,136
batch_113_jpg.rf.92586c9181a4daff7ae780fd6a6feabe.jpg,640,640,gun,384,68,570,221,186,153
batch_113_jpg.rf.92586c9181a4daff7ae780fd6a6feabe.jpg,640,640,gun,216,481,298,602,82,121
batch_113_jpg.rf.92586c9181a4daff7ae780fd6a6feabe.jpg,640,640,gun,17,501,113,612,96,111
batch_113_jpg.rf.92586c9181a4daff7ae780fd6a6feabe.jpg,640,640,gun,504,379,574,606,70,227
101415368_3990_jpg.rf.930d2d54a9763c4734c51bbd8d50f085.jpg,640,640,gun,5,63,313,552,308,489
10_jpg.rf.928909649a972da9dfc0634723b23224.jpg,640,640,knife,266,581,370,640,104,59
LL-MAS36-2_jpg.rf.9331652299bd0405dac64546c4ddf954.jpg,640,640,gun,358,87,395,592,37,505
LL-MAS36-2_jpg.rf.9331652299bd0405dac64546c4ddf954.jpg,640,640,gun,115,144,183,614,68,470
6_22_4_0003820_jpg.rf.932612faf21b0fce492398423de140b8.jpg,640,640,gun,411,265,467,350,56,85
batch_194_jpg.rf.92d0665f7661a919cce11cd876199084.jpg,640,640,knife,144,98,284,286,140,188
batch_194_jpg.rf.92d0665f7661a919cce11cd876199084.jpg,640,640,knife,577,116,627,164,50,48
batch_194_jpg.rf.92d0665f7661a919cce11cd876199084.jpg,640,640,knife,257,436,307,484,50,48
batch_194_jpg.rf.92d0665f7661a919cce11cd876199084.jpg,640,640,knife,319,342,422,579,103,237
gun_4m_static_0002016_jpg.rf.931f41df8b9325020c46864dc3678cd0.jpg,640,640,gun,571,182,623,326,52,144
gun_2_1_1__0007505_jpg.rf.92f0f1cac2a3d367d9027febc30f9275.jpg,640,640,gun,544,322,585,358,41,36
knife34_jpg.rf.9314d265f5b3f2c43b0b7629dabe97a9.jpg,640,640,knife,34,181,600,466,566,285
6_22_3_0006024_jpg.rf.9294287b32e7f97401a11d178e491e7e.jpg,640,640,gun,291,254,327,403,36,149
MoneyT_51_jpg.rf.9330ab491266736558f66a636f02b9d0.jpg,640,640,gun,216,85,326,367,110,282
batch_366_jpg.rf.92ffc4a53d9cccf8e157de56d15c6cc5.jpg,640,640,gun,106,97,151,233,45,136
batch_366_jpg.rf.92ffc4a53d9cccf8e157de56d15c6cc5.jpg,640,640,gun,503,138,618,301,115,163
batch_366_jpg.rf.92ffc4a53d9cccf8e157de56d15c6cc5.jpg,640,640,gun,124,412,221,540,97,128
batch_366_jpg.rf.92ffc4a53d9cccf8e157de56d15c6cc5.jpg,640,640,gun,456,524,540,589,84,65
256_jpg.rf.934ffc00dec7ee7f26ecd304901a54fa.jpg,640,640,knife,185,286,446,397,261,111
6_22_4_0006200_jpg.rf.9350811c5c69b8d6ed0f0cfb4ce7c3c6.jpg,640,640,gun,339,250,377,335,38,85
KravMagaTraining572_jpg.rf.93352f8a71e9d737c03e1d36df06f51a.jpg,640,640,knife,459,301,507,490,48,189
Kommissar_X-1-Revolver-5_jpg.rf.91664c10dd121ba2f414e9a713277788.jpg,640,640,gun,357,269,397,440,40,171
gun_2_1_1__0002730_jpg.rf.c04d939cd687e0bfd3b104acf223f9fe.jpg,640,640,gun,440,396,479,431,39,35
knife_303_jpg.rf.c061f0f68fcc7f7b7c92bb8a1732ff8d.jpg,640,640,knife,5,268,328,591,323,323
36_jpg.rf.c081659d243f2cf6adac96deb0f178b3.jpg,640,640,knife,246,459,269,528,23,69
knife_1155_jpg.rf.c02862f7233e68c1313954ffa361f70c.jpg,640,640,knife,457,240,501,444,44,204
Czech_policeman-CZ_75B_jpg.rf.c028af6ee6d75c24a7e238596756bb7d.jpg,640,640,gun,400,387,513,553,113,166
11_12_87_jpg.rf.c02e35d1856b48a837de49b1e07f7ab5.jpg,640,640,gun,224,126,396,276,172,150
50_jpg.rf.c03c62e8d8682d0e887a4f07dc242bbc.jpg,640,640,knife,211,0,415,477,204,477
101712215_1563_jpg.rf.c04aa79b36a5a8c486ecdc5b370bdbfb.jpg,640,640,gun,114,68,290,376,176,308
101712215_1563_jpg.rf.c04aa79b36a5a8c486ecdc5b370bdbfb.jpg,640,640,gun,256,42,378,392,122,350
286_jpg.rf.c04d4dfc5245e3642b1ad8173f5f0012.jpg,640,640,knife,206,237,403,420,197,183
11_12_1994_jpg.rf.c0adf93461970fcc6cf44055bf106940.jpg,640,640,gun,37,108,572,548,535,440
6_22_4_0001868_jpg.rf.c0766bd5325d7eee4d4cec25bfed76dc.jpg,640,640,gun,327,178,389,267,62,89
14_jpg.rf.c0e3417031b65a1b53612f679afb0415.jpg,640,640,knife,302,531,323,569,21,38
36P_B92_01_jpg.rf.c0e596f9c3c2a227964e520fdb3b4d2c.jpg,640,640,gun,60,441,176,640,116,199
knife_1330_jpg.rf.c0fd165c3e7ba81327bc81d0cd49e979.jpg,640,640,knife,206,306,291,388,85,82
6_22_2_0003864_jpg.rf.c0b337d75242878175d510d6817c95c2.jpg,640,640,gun,124,164,176,227,52,63
knife_734_jpg.rf.c08fd248e3252d8474fcd43335264abf.jpg,640,640,knife,89,209,154,546,65,337
knife_734_jpg.rf.c08fd248e3252d8474fcd43335264abf.jpg,640,640,knife,203,92,323,591,120,499
ICIP_61_jpg.rf.c06abbf1570d91a47647df27285f46f9.jpg,640,640,gun,277,263,339,400,62,137
55_jpg.rf.c0864b5b5eda1836d42f334f599f4ca5.jpg,640,640,knife,273,45,413,580,140,535
2022-04-15_13_jpg.rf.c099975381bf81ffa9d6f7ab5fd4c39a.jpg,640,640,knife,326,339,348,419,22,80
KravMagaTraining319_jpg.rf.c0b2c9fdbb0a588bf615ebfdb9e16354.jpg,640,640,knife,132,454,208,503,76,49
knife_208_jpg.rf.c0b998eec254a1db3f479dbb762e9c81.jpg,640,640,knife,3,112,557,521,554,409
159_jpg.rf.c0625ce4cc2e920cc889ec5f6eb71c1f.jpg,640,640,knife,331,529,372,605,41,76
7_7_asd_00094348_jpg.rf.c0fa3519952c7de4e47b6893cbfc0900.jpg,640,640,gun,361,380,427,471,66,91
Avengers4_07_jpg.rf.c0d1e71a30ae4395f35fa370f8b5d4f1.jpg,640,640,gun,18,378,76,581,58,203
101516510_5901_jpg.rf.c0b74737535e9992bc63d9f9e5149ddc.jpg,640,640,gun,405,93,499,179,94,86
null_image.jpg,640,640,,,,,,0,0
DH2Beretta951-3_jpg.rf.c105e1c0ad08f9716a3acc4a009351b0.jpg,640,640,gun,261,218,300,394,39,176
batch_22_jpg.rf.c10f98b43d3a67ec29b81293e4700288.jpg,640,640,gun,166,131,196,203,30,72
batch_22_jpg.rf.c10f98b43d3a67ec29b81293e4700288.jpg,640,640,gun,443,72,493,101,50,29
batch_22_jpg.rf.c10f98b43d3a67ec29b81293e4700288.jpg,640,640,gun,444,135,467,281,23,146
batch_22_jpg.rf.c10f98b43d3a67ec29b81293e4700288.jpg,640,640,gun,466,114,483,287,17,173
batch_22_jpg.rf.c10f98b43d3a67ec29b81293e4700288.jpg,640,640,gun,473,154,497,287,24,133
batch_22_jpg.rf.c10f98b43d3a67ec29b81293e4700288.jpg,640,640,gun,525,0,578,273,53,273
batch_22_jpg.rf.c10f98b43d3a67ec29b81293e4700288.jpg,640,640,gun,140,321,210,637,70,316
batch_22_jpg.rf.c10f98b43d3a67ec29b81293e4700288.jpg,640,640,gun,452,463,487,600,35,137
1024154023_2518_jpg.rf.c138483e2948343c7e8b857867964c24.jpg,640,640,gun,131,187,463,480,332,293
USRAutopis_3_jpg.rf.c117b6faf7767148ac2240868da018e8.jpg,640,640,gun,145,84,337,554,192,470
Ricco-Vis-2_jpg.rf.c1198f2f21f98671691efce404578ee3.jpg,640,640,gun,201,331,309,499,108,168
null_image.jpg,640,640,,,,,,0,0
image15_jpg.rf.c12044171d719c086bb00cbd219bfeef.jpg,640,640,gun,47,155,133,481,86,326
batch_115_jpg.rf.c13a623a977fa9eb87c6247d771667b9.jpg,640,640,gun,155,176,318,298,163,122
batch_115_jpg.rf.c13a623a977fa9eb87c6247d771667b9.jpg,640,640,gun,410,117,441,286,31,169
batch_115_jpg.rf.c13a623a977fa9eb87c6247d771667b9.jpg,640,640,gun,556,197,592,299,36,102
batch_115_jpg.rf.c13a623a977fa9eb87c6247d771667b9.jpg,640,640,gun,0,325,316,620,316,295
batch_115_jpg.rf.c13a623a977fa9eb87c6247d771667b9.jpg,640,640,gun,376,333,427,603,51,270
KravMagaTraining105_jpg.rf.c11562fda8f2d1b99f3f85a0a7dbe039.jpg,640,640,knife,311,2,455,188,144,186
10251482_56_jpg.rf.c15ebaf5a95f606fe8ffa332aeb9829a.jpg,640,640,gun,280,83,378,584,98,501
batch_263_jpg.rf.c16ca3b34dc594d56f2656bfaac70f57.jpg,640,640,gun,127,115,164,292,37,177
batch_263_jpg.rf.c16ca3b34dc594d56f2656bfaac70f57.jpg,640,640,gun,441,174,457,191,16,17
batch_263_jpg.rf.c16ca3b34dc594d56f2656bfaac70f57.jpg,640,640,gun,29,330,295,572,266,242
batch_263_jpg.rf.c16ca3b34dc594d56f2656bfaac70f57.jpg,640,640,gun,320,329,600,636,280,307
KravMagaKnifeDefenseTechniques149_jpg.rf.c1727a521b2de58e81367177b90b70e7.jpg,640,640,knife,176,126,245,219,69,93
image42_jpg.rf.c18ae810b1f6babc95b2d593aab5461e.jpg,640,640,gun,55,327,546,618,491,291
gun_2_1_1__0013835_jpg.rf.c18354521b1d3c5725d9f502347df064.jpg,640,640,gun,313,355,347,391,34,36
JungleW-MG-017_jpg.rf.c1d2a5b4f6d13613f8365a849396049b.jpg,640,640,gun,102,329,342,639,240,310
Bugsy-cds3_jpg.rf.c1a8c340ba8185ed12679d9fad0ed248.jpg,640,640,gun,277,464,329,552,52,88
10256538_6134_jpg.rf.c1ea483a972193fce18cfca077ef0d60.jpg,640,640,gun,244,233,560,500,316,267
knife_552_jpg.rf.c1baecf99b1cd3080a7764daa2e70b6d.jpg,640,640,knife,175,233,343,362,168,129
knife_388_jpg.rf.c1e4ffd3909185505fa7950001c6d691.jpg,640,640,knife,66,283,312,628,246,345
knife_197_jpg.rf.c1ce5be60c22b1fd3a8b08bf7752708a.jpg,640,640,knife,143,131,424,638,281,507
101414415_1284_jpg.rf.c1b8a2f76576b499547f45ecdbd57016.jpg,640,640,gun,132,162,167,250,35,88
66_jpg.rf.c1edaa6d892ab5bbf244b988977937ad.jpg,640,640,knife,146,449,169,523,23,74
batch_156_jpg.rf.c1ba6036c0dc3fbd87efbf1e86da33a6.jpg,640,640,knife,119,146,241,241,122,95
batch_156_jpg.rf.c1ba6036c0dc3fbd87efbf1e86da33a6.jpg,640,640,knife,414,0,539,212,125,212
batch_156_jpg.rf.c1ba6036c0dc3fbd87efbf1e86da33a6.jpg,640,640,knife,110,387,235,493,125,106
batch_156_jpg.rf.c1ba6036c0dc3fbd87efbf1e86da33a6.jpg,640,640,knife,394,550,407,588,13,38
Fledos-016_jpg.rf.c1d6c0c5568aee4f86d96ac186672321.jpg,640,640,gun,153,246,301,503,148,257
Ilsa_She_Wolf_pistol1_jpg.rf.c230c9cbade22ddc2456b577cbf40223.jpg,640,640,gun,453,359,544,499,91,140
knife_909_jpg.rf.c1ebdf6388d7419f5ddaa8b0ae760ae9.jpg,640,640,knife,62,498,126,640,64,142
Entebbe_Kuhlman_P38_2_jpg.rf.c1a7b93b1bb1e836055a657694208a97.jpg,640,640,gun,213,215,304,639,91,424
KravMagaTraining20043_jpg.rf.c22314c53db4fc18afef0d1de8446d8c.jpg,640,640,knife,56,518,130,621,74,103
6_22_4_0004768_jpg.rf.c1a96518395fe93c0cf5d80baece154a.jpg,640,640,gun,442,366,469,472,27,106
knife_164_jpg.rf.c2489a11bd7b9e07a2cc87129756a518.jpg,640,640,knife,15,29,616,619,601,590
batch_370_jpg.rf.c2560d48dafe6b87681a489474e031d6.jpg,640,640,gun,266,93,288,137,22,44
batch_370_jpg.rf.c2560d48dafe6b87681a489474e031d6.jpg,640,640,gun,477,71,497,124,20,53
batch_370_jpg.rf.c2560d48dafe6b87681a489474e031d6.jpg,640,640,gun,38,320,249,605,211,285
batch_370_jpg.rf.c2560d48dafe6b87681a489474e031d6.jpg,640,640,gun,324,377,634,597,310,220
2022-04-15_109_jpg.rf.c20b41ac0cb7c7cb04bc82136e1cda66.jpg,640,640,knife,253,463,296,499,43,36
RusoClases396_jpg.rf.c20a90667f1b44a24132bd2c47e59528.jpg,640,640,knife,227,377,301,434,74,57
gun_3_1_1__0001320_jpg.rf.c1e4f672c540c39b69cc34bcde68b07b.jpg,640,640,gun,277,232,354,446,77,214
6_22_1_0002380_jpg.rf.c21c6a24b7060f78e1b99900d06b2773.jpg,640,640,gun,95,358,192,595,97,237
knife_346_jpg.rf.c2090c167aacbc5806aa524fd69117c7.jpg,640,640,knife,169,316,406,627,237,311
knife_1061_jpg.rf.c2036a13ae4b3d9821289b682a09a403.jpg,640,640,knife,311,357,382,503,71,146
gun_7m_static_0001392_jpg.rf.c24525e3b6f6239de8ea5707ad2a7c36.jpg,640,640,gun,334,143,369,233,35,90
2022-04-21_496_jpg.rf.c21c1913309d39849542ef2b67169413.jpg,640,640,knife,283,506,305,586,22,80
knife_1063_jpg.rf.c22c1342efb3d011f1bd7efc04a98bfc.jpg,640,640,knife,231,120,331,358,100,238
FairGame-SilencedPistolA_jpg.rf.c26255ecb0e6bef2bcafc7a415e149ff.jpg,640,640,gun,16,0,236,452,220,452
batch_117_jpg.rf.c270e256767b6856f602b51b834d0cb1.jpg,640,640,knife,89,163,141,207,52,44
batch_117_jpg.rf.c270e256767b6856f602b51b834d0cb1.jpg,640,640,knife,452,200,542,319,90,119
batch_117_jpg.rf.c270e256767b6856f602b51b834d0cb1.jpg,640,640,knife,140,499,158,553,18,54
batch_117_jpg.rf.c270e256767b6856f602b51b834d0cb1.jpg,640,640,knife,446,519,543,629,97,110
00000652_jpg.rf.c1dbff278e203a0ac08db40e506d4d6b.jpg,640,640,gun,132,159,466,375,334,216
Tickle_Me-M1911-4_jpg.rf.c285ee04863368d4cc6d9d999a2a72e6.jpg,640,640,gun,230,352,321,516,91,164
BTguns_jpg.rf.c27790a01a75795aaabdd86c54748907.jpg,640,640,gun,233,160,444,381,211,221
BTguns_jpg.rf.c27790a01a75795aaabdd86c54748907.jpg,640,640,gun,110,311,321,434,211,123
BTguns_jpg.rf.c27790a01a75795aaabdd86c54748907.jpg,640,640,gun,200,432,380,600,180,168
Insoumis-002_jpg.rf.c29b3b7ebd5a3c297ad5d73c3c6c9f43.jpg,640,640,gun,0,307,140,451,140,144
M16SP1Birdcage_jpg.rf.c2b48c1f3fd5066d8028ea687f7daf39.jpg,640,640,gun,4,19,635,611,631,592
GunmanGlock19_jpg.rf.c2af034249226d6fcae45a487cf3d6a5.jpg,640,640,gun,384,202,446,373,62,171
gun_2_1_1__0007775_jpg.rf.c2bce7e7380e62c05c4a2ca5340dd2fe.jpg,640,640,gun,330,327,367,363,37,36
knife_816_jpg.rf.c297fd49f8f07e3d768c3c1ecb8139a0.jpg,640,640,knife,104,348,166,554,62,206
6_22_2_0005520_jpg.rf.c36f63d62de76a440c2412a999759118.jpg,640,640,gun,471,140,498,236,27,96
batch_179_jpg.rf.c2ef507a931c969ee899b2b5287a8fea.jpg,640,640,gun,3,2,314,305,311,303
batch_179_jpg.rf.c2ef507a931c969ee899b2b5287a8fea.jpg,640,640,gun,323,10,634,310,311,300
batch_179_jpg.rf.c2ef507a931c969ee899b2b5287a8fea.jpg,640,640,gun,2,323,314,624,312,301
batch_179_jpg.rf.c2ef507a931c969ee899b2b5287a8fea.jpg,640,640,gun,416,432,464,517,48,85
batch_179_jpg.rf.c2ef507a931c969ee899b2b5287a8fea.jpg,640,640,gun,370,437,420,509,50,72
137_jpg.rf.c2cf67adbab74d7470aa39f458d041d8.jpg,640,640,knife,325,215,523,480,198,265
Bruni8mm_jpg.rf.c2ead48312ffaafeec42d6193324dac3.jpg,640,640,gun,8,0,626,623,618,623
gun_2_1_1__0015500_jpg.rf.c2d1361e0f9d7da04dc2da4013fe1959.jpg,640,640,gun,115,338,146,370,31,32
DH2ColtDS-3_jpg.rf.c2ddfe8c7b34750f6d582021e028c5e4.jpg,640,640,gun,146,244,187,401,41,157
DH2ColtDS-3_jpg.rf.c2ddfe8c7b34750f6d582021e028c5e4.jpg,640,640,gun,491,346,543,461,52,115
IZTVL-MP40-3_jpg.rf.c2fd8221da658bddbea2c69aa7ba70ba.jpg,640,640,gun,13,461,177,618,164,157
IZTVL-MP40-3_jpg.rf.c2fd8221da658bddbea2c69aa7ba70ba.jpg,640,640,gun,197,429,321,604,124,175
batch_245_jpg.rf.c2bc2fc0ae8b87ca442c3e82db3e8e86.jpg,640,640,gun,161,74,208,141,47,67
batch_245_jpg.rf.c2bc2fc0ae8b87ca442c3e82db3e8e86.jpg,640,640,gun,426,247,463,319,37,72
batch_245_jpg.rf.c2bc2fc0ae8b87ca442c3e82db3e8e86.jpg,640,640,gun,158,431,200,547,42,116
batch_245_jpg.rf.c2bc2fc0ae8b87ca442c3e82db3e8e86.jpg,640,640,gun,516,532,595,619,79,87
Gun_211_jpg.rf.c329407fdd25c3536efe695ba418e024.jpg,640,640,gun,0,0,624,629,624,629
KravMagaTraining20340_jpg.rf.c34e63a50ec11e82ee67b49109221f53.jpg,640,640,knife,395,417,480,457,85,40
500_jpg.rf.c3225921aeabfbb673d12075556eb184.jpg,640,640,knife,185,180,619,374,434,194
160_jpg.rf.c393efef625eece0c3838b87d741823f.jpg,640,640,knife,320,540,375,608,55,68
05_14_0000576_jpg.rf.c381e755f6e3bbed17c40e1b80e58fe1.jpg,640,640,gun,88,121,364,400,276,279
knife_1244_jpg.rf.c340f85a36485403ad0ad6b387a2811e.jpg,640,640,knife,284,411,366,477,82,66
knife6_jpg.rf.c2de95f92680967d317125235db2a88d.jpg,640,640,knife,74,156,295,513,221,357
knife_1149_jpg.rf.c395f9a0258e74312c7827cd07fc9cf8.jpg,640,640,knife,382,493,449,616,67,123
101785944_315_jpg.rf.c397b90e030cd624c0b1920ef2c054ba.jpg,640,640,gun,344,247,397,353,53,106
6_22_4_0003664_jpg.rf.c340b38a8e6c2cd79d7bd928817faeae.jpg,640,640,gun,414,182,454,307,40,125
batch_50_jpg.rf.c3a5265e39f1e7d7f2cdd6e6dc7eacf1.jpg,640,640,knife,119,27,147,313,28,286
batch_50_jpg.rf.c3a5265e39f1e7d7f2cdd6e6dc7eacf1.jpg,640,640,knife,505,33,561,122,56,89
batch_50_jpg.rf.c3a5265e39f1e7d7f2cdd6e6dc7eacf1.jpg,640,640,knife,70,461,107,554,37,93
batch_50_jpg.rf.c3a5265e39f1e7d7f2cdd6e6dc7eacf1.jpg,640,640,knife,391,474,426,560,35,86
knife_520_jpg.rf.c38ba7e53cab4870246a4527e29f2406.jpg,640,640,knife,285,80,634,480,349,400
149_jpg.rf.c39fc55bd643f036b9b8fde78c303c96.jpg,640,640,knife,203,246,435,508,232,262
Gun_1663_jpg.rf.c2c76b5d8dbd1957da0a32242e15d6d0.jpg,640,640,gun,54,68,448,398,394,330
gun_2_1_1__0004265_jpg.rf.c3c90be50e4d3f83278f3d9d84e15980.jpg,640,640,gun,237,290,265,330,28,40
102110589_6618_jpg.rf.c3de2fa8e98a3f4262c64ed4fb9c2679.jpg,640,640,gun,369,124,420,315,51,191
knife_403_jpg.rf.c3aaa926267f4bc1afc562bf1a3a2ddd.jpg,640,640,knife,21,183,352,384,331,201
knife_1178_jpg.rf.c4119f92e90143a0e28ec00c6ac06047.jpg,640,640,knife,314,291,362,422,48,131
knife_1178_jpg.rf.c4119f92e90143a0e28ec00c6ac06047.jpg,640,640,knife,371,276,417,423,46,147
Tremors5hipower2_jpg.rf.c3ba7e6a54c4b583fa7c7d9492d84ab0.jpg,640,640,gun,180,369,264,515,84,146
162_jpg.rf.c3a68b4d174acfe8531a2460f6c50aab.jpg,640,640,knife,263,134,463,277,200,143
knife_1125_jpg.rf.c3af2d982ef3a56ec7faa1a315cae8c8.jpg,640,640,knife,132,75,317,400,185,325
DefenseKnifeAttack0700_jpg.rf.c3ec36b90722cb20b503643188cd8ec6.jpg,640,640,knife,286,424,330,462,44,38
115_jpg.rf.c3f0b8bc5ce4fd603bbf97ab25868a51.jpg,640,640,knife,334,217,528,503,194,286
batch_216_jpg.rf.c3ca937e28cf81927487f72fd2d69610.jpg,640,640,knife,146,262,165,285,19,23
batch_216_jpg.rf.c3ca937e28cf81927487f72fd2d69610.jpg,640,640,knife,441,193,557,289,116,96
batch_216_jpg.rf.c3ca937e28cf81927487f72fd2d69610.jpg,640,640,knife,131,395,223,459,92,64
batch_216_jpg.rf.c3ca937e28cf81927487f72fd2d69610.jpg,640,640,knife,583,357,632,523,49,166
batch_216_jpg.rf.c3ca937e28cf81927487f72fd2d69610.jpg,640,640,knife,482,344,555,539,73,195
batch_216_jpg.rf.c3ca937e28cf81927487f72fd2d69610.jpg,640,640,knife,330,349,403,544,73,195
batch_216_jpg.rf.c3ca937e28cf81927487f72fd2d69610.jpg,640,640,knife,411,347,459,553,48,206
NJC028_jpg.rf.c3d31999737e72cd2c171b70c716d20a.jpg,640,640,gun,211,151,389,403,178,252
knife_165_jpg.rf.c3f04d52b2e7a59a58259230d36ce2dc.jpg,640,640,knife,131,6,638,499,507,493
95_jpg.rf.c427cb9387aa0a17573395ba4f42f7f6.jpg,640,640,knife,180,239,511,510,331,271
Un_comisar_acuza-SWMP-6_jpg.rf.c41dbe710d4ed0a86abf5f9b0b61e567.jpg,640,640,gun,354,109,411,331,57,222
DefenseKnifeAttack0426_jpg.rf.c40630d2b2c20164afc772d1f9207daa.jpg,640,640,knife,178,540,272,621,94,81
25_jpg.rf.c405492960eb9f2d2026ec61489eaf26.jpg,640,640,knife,326,574,391,634,65,60
85_jpg.rf.c3e97d132a400f1106e45cf052c1ed5e.jpg,640,640,knife,249,218,269,294,20,76
151_jpg.rf.c42f285d0c5bee0f97029b11b97c66ec.jpg,640,640,knife,226,286,477,557,251,271
11_12_870_jpg.rf.c4319ec0f26e0699db2611fa1a7ea30f.jpg,640,640,gun,16,231,459,620,443,389
11_12_870_jpg.rf.c4319ec0f26e0699db2611fa1a7ea30f.jpg,640,640,gun,99,11,629,371,530,360
Nbk-rem870c_jpg.rf.c422a2ecdea056f0e7fd3a144da31b30.jpg,640,640,gun,0,334,592,610,592,276
batch_308_jpg.rf.c451d376944a4e7b1d4242c1e974309c.jpg,640,640,knife,59,155,90,244,31,89
batch_308_jpg.rf.c451d376944a4e7b1d4242c1e974309c.jpg,640,640,knife,352,245,383,319,31,74
batch_308_jpg.rf.c451d376944a4e7b1d4242c1e974309c.jpg,640,640,knife,169,517,237,559,68,42
batch_308_jpg.rf.c451d376944a4e7b1d4242c1e974309c.jpg,640,640,knife,368,367,417,483,49,116
batch_308_jpg.rf.c451d376944a4e7b1d4242c1e974309c.jpg,640,640,knife,445,377,530,481,85,104
14_jpg.rf.c44db35e14de40e6fdc15c4d2ac58ac3.jpg,640,640,knife,245,442,274,533,29,91
6_22_2_0004224_jpg.rf.c46e5dd12217f63db91288543af8b64f.jpg,640,640,gun,290,108,325,205,35,97
batch_215_jpg.rf.c45b2442fa7b22f014ee52a2873f14b2.jpg,640,640,knife,127,202,146,246,19,44
batch_215_jpg.rf.c45b2442fa7b22f014ee52a2873f14b2.jpg,640,640,knife,455,125,508,255,53,130
batch_215_jpg.rf.c45b2442fa7b22f014ee52a2873f14b2.jpg,640,640,knife,83,525,149,567,66,42
batch_215_jpg.rf.c45b2442fa7b22f014ee52a2873f14b2.jpg,640,640,knife,455,532,482,544,27,12
knife_878_jpg.rf.c488bc6e3e2646680bae22f38e89a88d.jpg,640,640,knife,78,490,154,639,76,149
sharpenKnife182_jpg.rf.c4a6e5a1555eab6c6b38e6d8139a67a8.jpg,640,640,knife,305,387,412,470,107,83
gun_2_1_1__0014055_jpg.rf.c4aec5fbbb2701d6976376873b686e00.jpg,640,640,gun,235,450,293,510,58,60
MindPTSilv4_jpg.rf.c513f8d3f6a9b98a08f3232bf731f3fb.jpg,640,640,gun,114,105,235,303,121,198
knife_1226_jpg.rf.c4feb94bdeef0f2e6521133d29fe2255.jpg,640,640,knife,311,307,387,405,76,98
Taxi4_92FS_Inox_jpg.rf.c4958d258f8bbd444faab849853ce70e.jpg,640,640,gun,262,255,324,387,62,132
knife_833_jpg.rf.c4d70a225ac5f2a51401b5cd031a1ccd.jpg,640,640,knife,91,397,158,572,67,175
Knock-sig1_jpg.rf.c536bca2fa626e3692901f64b3c4d7d5.jpg,640,640,gun,157,128,408,550,251,422
knife_560_jpg.rf.c4f9a0c552e9238dcb2dcf49cb0c0bb3.jpg,640,640,knife,142,101,459,545,317,444
KravMagaTraining718_jpg.rf.c4a57e31aea3d080ee0e95c9144a65ba.jpg,640,640,knife,375,169,431,255,56,86
7_7_asd_00024708_jpg.rf.c577908ca5a6eb712d913b5bd1bfc3d5.jpg,640,640,gun,156,280,179,331,23,51
7_7_asd_00024708_jpg.rf.c577908ca5a6eb712d913b5bd1bfc3d5.jpg,640,640,gun,285,262,299,309,14,47
7_7_asd_00024708_jpg.rf.c577908ca5a6eb712d913b5bd1bfc3d5.jpg,640,640,gun,309,405,350,477,41,72
KravMagaTraining21028_jpg.rf.c5160d68a6d7ddc17e6ae6ac6a2288d3.jpg,640,640,knife,220,465,312,532,92,67
knife_945_jpg.rf.c56c098ee2eee80cfa00baf0046565d4.jpg,640,640,knife,77,363,151,531,74,168
DefenseKnifeAttack1224_jpg.rf.c56eea2067b49fa664823209af3783b0.jpg,640,640,knife,303,368,400,448,97,80
knife11_jpg.rf.c4f25057070b98f6b9503ba721d8c3be.jpg,640,640,knife,5,62,452,639,447,577
knife_1240_jpg.rf.c558f4887d9b1ffb75e146c14fa49e0f.jpg,640,640,knife,122,329,213,411,91,82
null_image.jpg,640,640,,,,,,0,0
KravMagaTraining21141_jpg.rf.c522de365dea053bc8082a1011322260.jpg,640,640,knife,374,295,458,414,84,119
4719_jpg.rf.c5f32119f955fb6e70c764348345ad73.jpg,640,640,knife,414,185,512,252,98,67
197_jpg.rf.c57881e2b4dad9b4389f9076bad841e5.jpg,640,640,knife,248,140,429,322,181,182
KravMagaKnifeDefenseTechniques380_jpg.rf.c5e783a68fce473a40167074d53d4359.jpg,640,640,knife,450,226,518,356,68,130
90_jpg.rf.c59f5ef0dc9ae93128a05fea4c9e928a.jpg,640,640,knife,217,243,511,520,294,277
gun_3_1_1__0000872_jpg.rf.c5fab6640f2745e55a399510f5b77d8b.jpg,640,640,gun,251,341,305,503,54,162
22_jpg.rf.c586ee28dc2b0aef2e941b723620940e.jpg,640,640,knife,254,454,277,521,23,67
322_jpg.rf.c5b3c25645ad152c30b95e4c3c7f16f9.jpg,640,640,knife,325,2,419,545,94,543
11_12_1409_jpg.rf.c602bb2155e0349f2ee7191b569ab105.jpg,640,640,gun,52,108,576,557,524,449
knife_251_jpg.rf.c5aa33c486c7150a8668e6bc9ad90cfd.jpg,640,640,knife,291,15,617,304,326,289
batch_0_jpg.rf.c5ca7a3f647918358828c9ea90fb7c22.jpg,640,640,knife,81,156,139,219,58,63
batch_0_jpg.rf.c5ca7a3f647918358828c9ea90fb7c22.jpg,640,640,knife,404,168,458,219,54,51
batch_0_jpg.rf.c5ca7a3f647918358828c9ea90fb7c22.jpg,640,640,knife,103,445,209,546,106,101
batch_0_jpg.rf.c5ca7a3f647918358828c9ea90fb7c22.jpg,640,640,knife,507,442,557,639,50,197
DSC_0012_JPG_jpg.rf.c613430887f3f744578611c36343b40e.jpg,640,640,knife,290,257,393,294,103,37
knife_1265_jpg.rf.c5ff3d33ae872c37736d0972a0366d2c.jpg,640,640,knife,349,249,415,402,66,153
batch_87_jpg.rf.c61590eb3e0c05d7e07f10898b140dcb.jpg,640,640,knife,110,233,168,295,58,62
batch_87_jpg.rf.c61590eb3e0c05d7e07f10898b140dcb.jpg,640,640,knife,504,191,524,281,20,90
batch_87_jpg.rf.c61590eb3e0c05d7e07f10898b140dcb.jpg,640,640,knife,69,478,136,534,67,56
batch_87_jpg.rf.c61590eb3e0c05d7e07f10898b140dcb.jpg,640,640,knife,470,382,498,487,28,105
Outrageous_Fortune-13_jpg.rf.c6379ebcdc015ed8388cae5cd4105e62.jpg,640,640,gun,246,379,356,576,110,197
93_jpg.rf.c651ee7abb2336e86fb7d18acca0800a.jpg,640,640,knife,191,163,349,549,158,386
3bar5_jpg.rf.c5fc532f8e2cc9443fceef897ef1c3c2.jpg,640,640,gun,300,299,502,628,202,329
1023131113_8025_jpg.rf.c5ffe2409fcb4fb09606934bcaef3520.jpg,640,640,gun,421,386,464,427,43,41
The_Bank_Job-Revolver5_jpg.rf.c63e9d121ed2380fc44c07514ad142d4.jpg,640,640,gun,186,318,277,501,91,183
Operation_Y-2_jpg.rf.c61705c9dea0a5a2c4b49e15d64051df.jpg,640,640,gun,373,245,629,458,256,213
6_22_4_0009784_jpg.rf.c58055f237bb3e1c1bb13bd5f2566997.jpg,640,640,gun,337,528,408,639,71,111
knife_712_jpg.rf.c68c51fdde6f460a80eae7ceff459af8.jpg,640,640,knife,275,351,345,585,70,234
Old_Surehand-SAA-7_jpg.rf.c66af4a36cce5899eb8aef65e3c23da5.jpg,640,640,gun,351,318,426,495,75,177
KravMagaKnifeDefenseTechniques597_jpg.rf.c654d5bebc8399151fa51b6d51420865.jpg,640,640,knife,201,482,317,548,116,66
00000833_jpg.rf.c68ce60dc8dc037362269ccc2cbcffc3.jpg,640,640,gun,31,125,604,550,573,425
102462046_1367_jpg.rf.c654ea59558f3ff5d6c88427531e455a.jpg,640,640,gun,69,441,195,603,126,162
batch_232_jpg.rf.c65f0d2f09c7ed53cca9c304b7b21d8f.jpg,640,640,knife,50,170,81,271,31,101
batch_232_jpg.rf.c65f0d2f09c7ed53cca9c304b7b21d8f.jpg,640,640,knife,362,164,400,259,38,95
batch_232_jpg.rf.c65f0d2f09c7ed53cca9c304b7b21d8f.jpg,640,640,knife,69,363,149,602,80,239
batch_232_jpg.rf.c65f0d2f09c7ed53cca9c304b7b21d8f.jpg,640,640,knife,434,537,484,576,50,39
knife_452_jpg.rf.c62be248db0678dd5be423393f6022f8.jpg,640,640,knife,77,342,337,513,260,171
batch_230_jpg.rf.c68ce7091c8cf28b046b7393b2e4c022.jpg,640,640,gun,159,155,195,206,36,51
batch_230_jpg.rf.c68ce7091c8cf28b046b7393b2e4c022.jpg,640,640,gun,452,40,587,287,135,247
batch_230_jpg.rf.c68ce7091c8cf28b046b7393b2e4c022.jpg,640,640,gun,175,357,215,543,40,186
batch_230_jpg.rf.c68ce7091c8cf28b046b7393b2e4c022.jpg,640,640,gun,383,319,546,623,163,304
6_22_2_0002248_jpg.rf.c6baf346c2af23c7d0ed88bceea19952.jpg,640,640,gun,216,397,259,481,43,84
05_14_0000209_jpg.rf.c6bf61ecd0bfcaa51c444326f187f200.jpg,640,640,gun,9,11,620,604,611,593
gun_2_1_1__0012945_jpg.rf.c6cb76baa1755702f7e645205417d095.jpg,640,640,gun,461,349,506,396,45,47
FrenchII-1_jpg.rf.c6abc4dc6aa8e32d882d1feba69abae0.jpg,640,640,gun,167,64,378,564,211,500
10141571_2076_jpg.rf.c69dd5cc80076ac6f6f2948fe55fee60.jpg,640,640,gun,140,45,328,547,188,502
FATB_17_jpg.rf.c6e95568e2590bbf3ada68e873b6b43b.jpg,640,640,gun,97,236,425,607,328,371
gun_5m_static_0000704_jpg.rf.c6b2c5720689985af964b16beb816c52.jpg,640,640,gun,247,193,288,308,41,115
132_jpg.rf.c6ee0343e3a9529b9eb15406ee036b00.jpg,640,640,knife,274,322,469,516,195,194
knife_1157_jpg.rf.c6d9e87d2c904c019b45769a106026ad.jpg,640,640,knife,291,131,375,211,84,80
DefenseKnifeAttack0359_jpg.rf.c6e94cc543b1480bda8e9a20d93af602.jpg,640,640,knife,120,440,206,486,86,46
knife_444_jpg.rf.c6aff0328b8d6c78d2e73e2306340c05.jpg,640,640,knife,409,286,638,629,229,343
knife_444_jpg.rf.c6aff0328b8d6c78d2e73e2306340c05.jpg,640,640,knife,213,320,424,625,211,305
knife_728_jpg.rf.c707539d47760aea36a9637fbbaaa46d.jpg,640,640,knife,124,309,189,471,65,162
knife_728_jpg.rf.c707539d47760aea36a9637fbbaaa46d.jpg,640,640,knife,353,117,420,323,67,206
KravMagaTraining21225_jpg.rf.c6da35724a0b9a377475da006de08a80.jpg,640,640,knife,329,457,403,491,74,34
53_jpg.rf.c6c3f6577125c2901a127ead5414cbec.jpg,640,640,knife,248,468,320,611,72,143
TRK-G17-1_jpg.rf.c7218cbdf1b57e5fed5d6f830fc0c46f.jpg,640,640,gun,302,154,335,301,33,147
KravMagaKnifeDefenseTechniques238_jpg.rf.c66482184b9ff26ebf3ccbe204fc27b3.jpg,640,640,knife,193,251,273,362,80,111
knife_1275_jpg.rf.c73c52d7584a3e6a224623760ec55233.jpg,640,640,knife,285,146,336,265,51,119
knife_1275_jpg.rf.c73c52d7584a3e6a224623760ec55233.jpg,640,640,knife,349,282,386,402,37,120
knife_1279_jpg.rf.c73580e5eab0eea4ee86a618e4eba0df.jpg,640,640,knife,485,245,523,379,38,134
Inspecteur_la_Bavure-Revolver-1_jpg.rf.c742a158fbeb379c90a58cf4d8072085.jpg,640,640,gun,445,384,554,545,109,161
2022-04-21_421_jpg.rf.c6e8b079ffa55a1a0887b7810eeedf8d.jpg,640,640,knife,280,369,309,457,29,88
knife_480_jpg.rf.c750dd9904a1beb54115f0d772ae5d81.jpg,640,640,knife,92,138,495,525,403,387
null_image.jpg,640,640,,,,,,0,0
knife_336_jpg.rf.c750e66aaf961e545484ad31d771fc00.jpg,640,640,knife,8,192,291,434,283,242
44_jpg.rf.c755214a046cc392070e53da33b64635.jpg,640,640,knife,54,176,108,339,54,163
batch_214_jpg.rf.c759b1dbbe5572ed749d018227b994b8.jpg,640,640,gun,134,152,153,193,19,41
batch_214_jpg.rf.c759b1dbbe5572ed749d018227b994b8.jpg,640,640,gun,559,218,589,260,30,42
batch_214_jpg.rf.c759b1dbbe5572ed749d018227b994b8.jpg,640,640,gun,225,499,241,562,16,63
batch_214_jpg.rf.c759b1dbbe5572ed749d018227b994b8.jpg,640,640,gun,544,498,559,558,15,60
null_image.jpg,640,640,,,,,,0,0
knife_973_jpg.rf.c77111011209fdc173f050eae549e1a4.jpg,640,640,knife,71,340,162,520,91,180
1021102044_4122_jpg.rf.c7bdb41fb7d7a5167025ce0cf04af085.jpg,640,640,gun,104,111,215,324,111,213
H-KMP5A3_jpg.rf.c758851bdd0cd92ea2724748fe2a8e09.jpg,640,640,gun,3,5,628,613,625,608
ADM-Beretta92FS-02_jpg.rf.c7a90c91692ad50548f4055dbf7b7d23.jpg,640,640,gun,357,290,558,520,201,230
batch_84_jpg.rf.c793a9a6860f12ee6fc61293a261bb43.jpg,640,640,knife,216,94,235,144,19,50
batch_84_jpg.rf.c793a9a6860f12ee6fc61293a261bb43.jpg,640,640,knife,573,126,584,174,11,48
batch_84_jpg.rf.c793a9a6860f12ee6fc61293a261bb43.jpg,640,640,knife,272,418,286,479,14,61
batch_84_jpg.rf.c793a9a6860f12ee6fc61293a261bb43.jpg,640,640,knife,433,561,459,616,26,55
knife_561_jpg.rf.c7e6019ee91bfd87b4382caab5b1aa7e.jpg,640,640,knife,168,185,391,546,223,361
05_14_0000429_jpg.rf.c7b602a231b3a644e9aca8cd4ce4241e.jpg,640,640,gun,6,0,631,615,625,615
knife_1006_jpg.rf.c80f141d8868b25c092cf35de8829c03.jpg,640,640,knife,70,530,157,640,87,110
Der_Scout-ColtSAA-4A_jpg.rf.c820eb78dea1c14529aa8a7b9afaa852.jpg,640,640,gun,86,140,192,340,106,200
batch_21_jpg.rf.c791e5577a97d9ee854c2f4b6709bff8.jpg,640,640,knife,125,206,147,245,22,39
batch_21_jpg.rf.c791e5577a97d9ee854c2f4b6709bff8.jpg,640,640,knife,436,195,469,249,33,54
batch_21_jpg.rf.c791e5577a97d9ee854c2f4b6709bff8.jpg,640,640,knife,116,516,149,569,33,53
batch_21_jpg.rf.c791e5577a97d9ee854c2f4b6709bff8.jpg,640,640,knife,482,429,536,480,54,51
gun1_4m_static_0000280_jpg.rf.c7d02094dec4cec77327d1fd8280aa8b.jpg,640,640,gun,104,260,189,365,85,105
6_22_4_0005828_jpg.rf.c82989030b904c742ea27df1a42e9f7a.jpg,640,640,gun,409,434,447,552,38,118
null_image.jpg,640,640,,,,,,0,0
gun_2_1_1__0001110_jpg.rf.c7a0c1d0a0713e93dc09769efc029ce6.jpg,640,640,gun,87,335,119,368,32,33
RealityKnifeAttacks0651_jpg.rf.c82d2e4d4b2bd6feb3c84b6a8fb5bf3d.jpg,640,640,knife,277,262,298,348,21,86
Gun_683_jpg.rf.c87de3f940d95f68340334f088add6c6.jpg,640,640,gun,110,3,478,575,368,572
6_22_1_0004864_jpg.rf.c832d9b1d7261cc05f1a4b497b3eeb91.jpg,640,640,gun,151,152,293,400,142,248
knife_1116_jpg.rf.c861e26ddeaac2fef63c542d26264f0f.jpg,640,640,knife,209,435,255,559,46,124
gun_3_3_1__0004300_jpg.rf.c78e5db7a75a7cf46d598eb15b696431.jpg,640,640,gun,213,249,259,450,46,201
BdBys27_jpg.rf.c86f08a1775115dfa04f800f8ecb7a28.jpg,640,640,gun,231,358,356,636,125,278
102415010_5528_jpg.rf.c7db63dd466cc1cd87da7e0536b14a66.jpg,640,640,gun,254,251,356,507,102,256
knife_473_jpg.rf.c83a8e6429b3d8390e5b30241018f983.jpg,640,640,knife,11,263,295,634,284,371
knife_1280_jpg.rf.c8158de77c5377227cad9011ed7f91a4.jpg,640,640,knife,273,151,359,283,86,132
Vengeance-92FS-2_jpg.rf.c87ef0b4dff8a993e1dca39f754b2b72.jpg,640,640,gun,307,196,405,493,98,297
KravMagaTraining20599_jpg.rf.c80355a335bae0b258af88149d2f2f6e.jpg,640,640,knife,205,471,269,509,64,38
knife_1153_jpg.rf.c7e553a8233c477d66365ade27521878.jpg,640,640,knife,283,399,394,485,111,86
Ka-m92fs_jpg.rf.c899de84139b927506781eee63ac3003.jpg,640,640,gun,241,253,289,462,48,209
00000811_jpg.rf.c88b6a27e91a4e70704ef5c13351f32b.jpg,640,640,gun,260,425,484,639,224,214
00000811_jpg.rf.c88b6a27e91a4e70704ef5c13351f32b.jpg,640,640,gun,7,170,632,458,625,288
11_12_695_jpg.rf.c88c609c54c9c1b71f01c168cd781bdb.jpg,640,640,gun,55,217,298,599,243,382
KravMagaTraining21139_jpg.rf.c8a58f66c88ce313fdba9b24b3292a48.jpg,640,640,knife,355,328,443,429,88,101
Akm-maadi-deactivated-3920-p_jpg.rf.c8d5cefe88fa66ff58f32a9c07b2ce26.jpg,640,640,gun,11,136,635,579,624,443
null_image.jpg,640,640,,,,,,0,0
1113202_465_jpg.rf.c8da5422180e303b6079ca0a2804108c.jpg,640,640,gun,380,0,495,167,115,167
9_jpg.rf.c78e275c474b6a8466473254eee77120.jpg,640,640,knife,249,456,274,516,25,60
6_22_1_0000604_jpg.rf.c8d6d3125a7fc60f52a1b89cf544cc8a.jpg,640,640,gun,266,44,327,293,61,249
101416024_5589_jpg.rf.c8c5ea514cb2055dfbfb5ad9655fa507.jpg,640,640,gun,286,447,432,615,146,168
6_22_1_0005044_jpg.rf.c8dd321eaef138489adba6fb022221a4.jpg,640,640,gun,281,235,342,432,61,197
S-W_Model_19_jpg.rf.c93f3925ea59698639dcc6d1f538e628.jpg,640,640,gun,0,16,626,626,626,610
gun_6m_static_0001968_jpg.rf.c8c726426e18d8bf8e6163fe87238afa.jpg,640,640,gun,226,200,283,282,57,82
3416_jpg.rf.c97fdc86f2e2e6c0e904314e1c4365b7.jpg,640,640,knife,383,82,431,396,48,314
batch_151_jpg.rf.c9222b15720e63a3b9e92d6e68007de1.jpg,640,640,gun,111,52,140,194,29,142
batch_151_jpg.rf.c9222b15720e63a3b9e92d6e68007de1.jpg,640,640,gun,421,49,467,172,46,123
batch_151_jpg.rf.c9222b15720e63a3b9e92d6e68007de1.jpg,640,640,gun,96,437,124,552,28,115
batch_151_jpg.rf.c9222b15720e63a3b9e92d6e68007de1.jpg,640,640,gun,424,451,451,558,27,107
batch_148_jpg.rf.c9257dc3ec8fba0bc195a7280a4194c0.jpg,640,640,gun,106,44,148,178,42,134
batch_148_jpg.rf.c9257dc3ec8fba0bc195a7280a4194c0.jpg,640,640,gun,425,26,462,159,37,133
batch_148_jpg.rf.c9257dc3ec8fba0bc195a7280a4194c0.jpg,640,640,gun,104,333,139,466,35,133
batch_148_jpg.rf.c9257dc3ec8fba0bc195a7280a4194c0.jpg,640,640,gun,404,319,435,462,31,143
6_22_4_0002540_jpg.rf.c8e90d8e48832367748004a79ec1ee9c.jpg,640,640,gun,361,280,430,396,69,116
40_jpg.rf.c91aa5260d3bc9fb2a106f39d7196749.jpg,640,640,knife,300,411,337,526,37,115
knife_474_jpg.rf.c95eb6fb586cce94aff09f0e16a577de.jpg,640,640,knife,16,335,296,543,280,208
OSS117CNS_PP_03_jpg.rf.c9a147c91e894774aec58ade28e2fda2.jpg,640,640,gun,204,261,258,441,54,180
knife_1054_jpg.rf.c94f3b0660243ae389043ad15e860d11.jpg,640,640,knife,292,306,474,500,182,194
784_jpg.rf.c9834cd28537e48a13e6a82a22929e7c.jpg,640,640,knife,157,440,218,586,61,146
MP5K-N_jpg.rf.c9ad687555254266742755c496205183.jpg,640,640,gun,5,14,630,626,625,612
KravMagaKnifeDefenseTechniques775_jpg.rf.c97e936bf6f062a2f3d906d5b86b74b2.jpg,640,640,knife,255,409,343,468,88,59
The_Ultimate_Weapon-Pistol2-8_jpg.rf.c943fd4877ba861aeec135da2722b2b0.jpg,640,640,gun,364,145,558,568,194,423
248_jpg.rf.c8fcb0642b2bae315245279dbb1de541.jpg,640,640,knife,334,83,435,472,101,389
2Guns_2002_jpg.rf.c9547a7f747364f0a64a90a80c787995.jpg,640,640,gun,270,251,367,612,97,361
KravMagaTraining215_jpg.rf.c92813950ef00b2cff1dfe7610fc781d.jpg,640,640,knife,445,283,469,431,24,148
FOC-G17-5_jpg.rf.c9328552699b22b7ed93d99a61267e35.jpg,640,640,gun,267,63,333,297,66,234
6_22_3_0000256_jpg.rf.c97d55ba929cdfd5b96d72bfb963aae8.jpg,640,640,gun,240,120,292,225,52,105
knife_1101_jpg.rf.c8eaf22e9b21abe55a24d1dba0688888.jpg,640,640,knife,56,8,245,494,189,486
knife_79_jpg.rf.c991685c039808a4d50eb4b43a7dea3f.jpg,640,640,knife,211,309,506,477,295,168
knife_762_jpg.rf.c9a919205537b71343170436dbcd76a4.jpg,640,640,knife,297,156,388,459,91,303
DSC_0051_JPG_jpg.rf.c9812f8095acf96efb25ab0a2fcc1ef9.jpg,640,640,knife,269,442,334,513,65,71
11_12_2341_jpg.rf.c9f0566e35dc88e16b0041622a196eee.jpg,640,640,gun,0,5,628,635,628,630
38_jpg.rf.c9cb79f74df7aef5a2a657cacc572294.jpg,640,640,knife,417,571,498,640,81,69
knife_607_jpg.rf.c9d1dd06b2ceeb7adf18f7df2c4bf4cc.jpg,640,640,knife,359,152,466,403,107,251
46_jpg.rf.ca3c70ffae59bee805834c38f4932fbc.jpg,640,640,knife,286,359,332,463,46,104
11_12_784_jpg.rf.ca1d5794fc4685422a18bbfbb296bf8e.jpg,640,640,gun,0,161,341,588,341,427
DSC_00381_JPG_jpg.rf.c9ca7d33844e8cf729142e47919e365a.jpg,640,640,knife,401,101,433,120,32,19
gun_2_1_1__0002805_jpg.rf.ca2711bcf33e6cfe2007add233f0c887.jpg,640,640,gun,381,389,418,427,37,38
knife_157_jpg.rf.ca437ee710fb9f077c962b588e38418f.jpg,640,640,knife,239,141,445,637,206,496
1011135445_1296_jpg.rf.ca8da9e425b16e2a2f140c84b95c6b8e.jpg,640,640,gun,217,153,590,639,373,486
262_jpg.rf.c9d2a0bbb26a3e0a819bda0ae8b09005.jpg,640,640,knife,185,220,563,358,378,138
Narrow_13_jpg.rf.c9b5fa24186e9daf6496f101599834d0.jpg,640,640,gun,262,179,312,346,50,167
knife_1300_jpg.rf.ca9ada304fd6335f1091ac26f926a0eb.jpg,640,640,knife,214,380,258,515,44,135
KravMagaKnifeDefenseTechniques660_jpg.rf.ca2c556e643e3b699b92f5b4a7c21fb4.jpg,640,640,knife,216,392,304,479,88,87
knife_1146_jpg.rf.ca8c1d15c0665d0afa800e1baca43b9e.jpg,640,640,knife,221,294,294,509,73,215
knife_238_jpg.rf.c9e0ee26ab2cef9a83a8de19f8b0a8f9.jpg,640,640,knife,80,0,623,637,543,637
batch_130_jpg.rf.c9c3cc45fcfed722d692b4d5a53ca5d1.jpg,640,640,knife,94,176,124,216,30,40
batch_130_jpg.rf.c9c3cc45fcfed722d692b4d5a53ca5d1.jpg,640,640,knife,512,72,546,104,34,32
batch_130_jpg.rf.c9c3cc45fcfed722d692b4d5a53ca5d1.jpg,640,640,knife,199,394,233,430,34,36
batch_130_jpg.rf.c9c3cc45fcfed722d692b4d5a53ca5d1.jpg,640,640,knife,519,397,552,438,33,41
knife_1297_jpg.rf.ca94f0763fbbb1310396a32cfcca10d1.jpg,640,640,knife,191,379,255,493,64,114
knife_672_jpg.rf.cad3a2047af48b272bbed5a8b1b4a918.jpg,640,640,knife,114,285,175,488,61,203
Gun_1562_jpg.rf.ca1531fad49751ff8661e64cebf0e858.jpg,640,640,gun,4,0,620,629,616,629
knife_1296_jpg.rf.cace46bd516fd6b8bbdf8aac507a3fed.jpg,640,640,knife,302,237,414,295,112,58
229_jpg.rf.cabbb9139480d83d34cc5517d705842b.jpg,640,640,knife,314,509,368,580,54,71
1649338730-8362596_jpg.rf.cac1c5bec7df28e7c7c40275ba3f1182.jpg,640,640,knife,308,123,405,639,97,516
Armstrong_Sig226_Nickel_5_jpg.rf.caaabf0c6b363037d3be6c42d9623cdd.jpg,640,640,gun,33,266,282,639,249,373
05_14_0000360_jpg.rf.cadffed5fd28faee0936e02d450e36ff.jpg,640,640,gun,194,92,325,435,131,343
gun_2_1_1__0001775_jpg.rf.c9af65a9ef6fc2a495f62053b619cc19.jpg,640,640,gun,239,303,272,337,33,34
APSIGP228-2_jpg.rf.cae737987281b5603c42976d2d4ef975.jpg,640,640,gun,17,193,95,308,78,115
knife_745_jpg.rf.cae5df027c9cbf70d282cfff8210a6cd.jpg,640,640,knife,81,83,136,313,55,230
knife_292_jpg.rf.cafcf68132db1d766b4405cfa7ba39a0.jpg,640,640,knife,146,152,360,399,214,247
11_12_1749_jpg.rf.cb23d91d3460ae12b7f91e24c4e5480a.jpg,640,640,gun,147,246,416,625,269,379
knife_737_jpg.rf.cb1b9bcbbd657337dd6da17fe914b8a8.jpg,640,640,knife,357,137,426,506,69,369
6_22_4_0003168_jpg.rf.cb2e2c3a6dfb75fb426318c0650715f8.jpg,640,640,gun,457,338,502,453,45,115
batch_144_jpg.rf.cb16fcc99b98b88565b718a4ee7fa89b.jpg,640,640,knife,0,104,318,208,318,104
batch_144_jpg.rf.cb16fcc99b98b88565b718a4ee7fa89b.jpg,640,640,knife,422,229,461,260,39,31
batch_144_jpg.rf.cb16fcc99b98b88565b718a4ee7fa89b.jpg,640,640,knife,142,483,160,541,18,58
batch_144_jpg.rf.cb16fcc99b98b88565b718a4ee7fa89b.jpg,640,640,knife,411,360,427,426,16,66
gun_5m_static_0001624_jpg.rf.caf1ef659c86b0d9a7b055234720803b.jpg,640,640,gun,285,149,324,280,39,131
Kodeks_beshchestiya-PM-2_jpg.rf.cb299df8f4252ab35d83f9a9ededa22e.jpg,640,640,gun,219,63,633,522,414,459
05_14_0000107_jpg.rf.cb290475255362e8e51de0957ce7013a.jpg,640,640,gun,100,137,435,338,335,201
gun_2_1_1__0006510_jpg.rf.cb8a63b24d2567e822d93d8cf4fc766b.jpg,640,640,gun,415,312,457,355,42,43
6_22_4_0006928_jpg.rf.cb661257a47a9ff8fcaf97bfc0e7529b.jpg,640,640,gun,415,162,474,256,59,94
gun_2_1_1__0006720_jpg.rf.cb10fd6eeb5aba433f577f1280804114.jpg,640,640,gun,265,308,303,344,38,36
batch_158_jpg.rf.cb805666bf3d3ce1d0de25ea18866cac.jpg,640,640,gun,152,130,166,179,14,49
batch_158_jpg.rf.cb805666bf3d3ce1d0de25ea18866cac.jpg,640,640,gun,480,147,492,191,12,44
batch_158_jpg.rf.cb805666bf3d3ce1d0de25ea18866cac.jpg,640,640,gun,215,475,234,519,19,44
batch_158_jpg.rf.cb805666bf3d3ce1d0de25ea18866cac.jpg,640,640,gun,416,395,439,431,23,36
knife_714_jpg.rf.cb6b0f44e82af53a9f54af4688d17bb7.jpg,640,640,knife,283,374,346,574,63,200
KravMagaTraining20622_jpg.rf.cb6c740adf992a6b0b56007580f863c8.jpg,640,640,knife,300,369,371,437,71,68
1024165237_232_jpg.rf.cba0f26cd048b7173595af5f5cd4c9f7.jpg,640,640,gun,302,184,601,468,299,284
1365918_05__02050_jpg.rf.cb6f0782296c9f8eea8cfa95ad3896ea.jpg,640,640,gun,504,157,553,286,49,129
gun_3_2_1__0002812_jpg.rf.cbb1eb0367e00bcd1ce0907c5325aa52.jpg,640,640,gun,276,478,346,627,70,149
Bayard_1908_Pocket_jpg.rf.cb71f2fcaa74b011b04785c5aa31482b.jpg,640,640,gun,14,15,622,616,608,601
KravMagaTraining705_jpg.rf.cbbabd23cdf030abe24315353d0618a0.jpg,640,640,knife,204,355,244,465,40,110
knife_564_jpg.rf.cba56c156fcb262ee3dbbcd52a1933c2.jpg,640,640,knife,107,197,640,564,533,367
batch_65_jpg.rf.cbbaf13f8bf2815fbf32ceb1c1f6b660.jpg,640,640,knife,45,194,81,276,36,82
batch_65_jpg.rf.cbbaf13f8bf2815fbf32ceb1c1f6b660.jpg,640,640,knife,369,170,401,271,32,101
batch_65_jpg.rf.cbbaf13f8bf2815fbf32ceb1c1f6b660.jpg,640,640,knife,29,565,62,639,33,74
batch_65_jpg.rf.cbbaf13f8bf2815fbf32ceb1c1f6b660.jpg,640,640,knife,352,562,385,639,33,77
NNwBG-1911A1-05_jpg.rf.cb7ba40a11020175041225f74f3365d0.jpg,640,640,gun,346,392,485,634,139,242
11_12_2406_jpg.rf.cbbcda9978c4bcedec1e88b6b2c88d76.jpg,640,640,gun,75,54,473,414,398,360
145_jpg.rf.cbcdeecfa365c8a888782db9bd54366a.jpg,640,640,knife,291,106,486,417,195,311
ADT-016_jpg.rf.caefa71de5c1e7c4a3ec5447c5224351.jpg,640,640,gun,328,429,444,639,116,210
1649338717-1667213_jpg.rf.cc00a28a1c1518b2a73b8c3b40d8aa7a.jpg,640,640,knife,226,263,452,408,226,145
knife_733_jpg.rf.cbfc7894989fefb430c8ba1d2e44e19b.jpg,640,640,knife,359,145,436,345,77,200
K911-Beretta92-10_jpg.rf.cc06b08a9dd29317c6fb02585f91b7d2.jpg,640,640,gun,104,290,249,512,145,222
KravMagaKnifeDefenseTechniques092_jpg.rf.cc0973ae984afc3e87586e659757a031.jpg,640,640,knife,265,407,343,468,78,61
FreeState_remington_1_jpg.rf.cbe899b6c70cb931b0e1f61d6fadf749.jpg,640,640,gun,564,348,639,579,75,231
FreeState_remington_1_jpg.rf.cbe899b6c70cb931b0e1f61d6fadf749.jpg,640,640,gun,433,7,558,106,125,99
gun_3_2_1__0000040_jpg.rf.cbee2bd53f0403399c966361560954c6.jpg,640,640,gun,380,213,439,521,59,308
11_12_2184_jpg.rf.cc8d7b32f68eed65acdd598f1d4758f4.jpg,640,640,gun,162,253,373,400,211,147
gun_3_3_1__0000788_jpg.rf.cc2d91e75d83a8b21940990282ee2aae.jpg,640,640,gun,270,396,321,584,51,188
knife_201_jpg.rf.cbeaf58027c25d81d368e53b06af106b.jpg,640,640,knife,46,66,427,423,381,357
7_7_asd_00139752_jpg.rf.cc61f97522b08063edd50561659d5582.jpg,640,640,gun,149,240,201,391,52,151
77_jpg.rf.cc5bfa9592e31400c1e3a12a0a8776c2.jpg,640,640,knife,194,220,437,449,243,229
knife_128_jpg.rf.cc8fcbc865c953017cc9203206d88255.jpg,640,640,knife,350,161,466,440,116,279
Gun_371_jpg.rf.cc411a1bcc8c4951d706387e1d66862c.jpg,640,640,gun,214,194,508,580,294,386
59_jpg.rf.ccab52d40b38c1f8f472dd785ca59956.jpg,640,640,knife,288,0,415,565,127,565
101515310_195_jpg.rf.cc53f6fc33501202c2af1b7731954356.jpg,640,640,gun,201,362,283,473,82,111
batch_121_jpg.rf.ccf5ddf5b8ae5c7a078fed21244ab310.jpg,640,640,knife,177,256,197,279,20,23
batch_121_jpg.rf.ccf5ddf5b8ae5c7a078fed21244ab310.jpg,640,640,knife,396,38,454,305,58,267
batch_121_jpg.rf.ccf5ddf5b8ae5c7a078fed21244ab310.jpg,640,640,knife,136,326,302,579,166,253
batch_121_jpg.rf.ccf5ddf5b8ae5c7a078fed21244ab310.jpg,640,640,knife,409,467,631,559,222,92
knife_646_jpg.rf.cc9a8d50bab3ae8699c399029b273c6e.jpg,640,640,knife,379,140,443,425,64,285
MaximumParaOrdnanceLDA3_jpg.rf.ccbf0292d4c60bf207ebeaa2d38e749a.jpg,640,640,gun,162,362,271,639,109,277
10178626_801_jpg.rf.cc80bfa24b4392dbd386db96cb43af2e.jpg,640,640,gun,207,17,581,450,374,433
Osceola-PercussionPistol-4_jpg.rf.ccfbb0a0ab1a7fb2d1399da21bdfdda4.jpg,640,640,gun,134,368,288,635,154,267
gun_7m_static_0000824_jpg.rf.ccbc8704fc357babad07752d64cab55c.jpg,640,640,gun,386,154,419,237,33,83
643_jpg.rf.cc1b95f2f5c3f87c95a402bceabe0ee9.jpg,640,640,knife,157,283,218,628,61,345
DefenseKnifeAttack0502_jpg.rf.cc937fb10b9ec4bb791861b0b717864e.jpg,640,640,knife,117,386,211,501,94,115
140_jpg.rf.ccf662b2e6d5d4e11f6728a2a008c9d2.jpg,640,640,knife,374,368,546,585,172,217
232_jpg.rf.cc7246ec277cbb7bb2a8f5ae0c56f11f.jpg,640,640,knife,355,88,414,489,59,401
102313158_8295_jpg.rf.cce933bdf7dc89e83160703d9b066fc1.jpg,640,640,gun,323,183,370,222,47,39
DH1_5011_jpg.rf.cc6a20b3fdc19667d49b0c6168e92806.jpg,640,640,gun,261,102,288,166,27,64
7_7_asd_00134756_jpg.rf.cc2f0fea798cd8af1664c49400784515.jpg,640,640,gun,496,218,514,258,18,40
7_7_asd_00134756_jpg.rf.cc2f0fea798cd8af1664c49400784515.jpg,640,640,gun,219,209,255,273,36,64
knife_1241_jpg.rf.cd0d4757f4e8c2ae7f840649132092b4.jpg,640,640,knife,90,468,232,542,142,74
6_22_4_0002808_jpg.rf.ccdf231e9db5517155f449f6439a3a1a.jpg,640,640,gun,399,353,470,467,71,114
Mask_of_Death-VP70-3_jpg.rf.cd3faa0e3f58046bf14eba3f1ee3ece2.jpg,640,640,gun,219,355,313,497,94,142
694_jpg.rf.cd0517053b3c7cf924d795efadf34ffb.jpg,640,640,knife,171,234,228,640,57,406
knife_1345_jpg.rf.cd191c04d441f940ba22f1969ffbf3f3.jpg,640,640,knife,240,291,274,398,34,107
null_image.jpg,640,640,,,,,,0,0
DirectC_21_jpg.rf.cd111e490778df3230dca46fd2fb2f81.jpg,640,640,gun,34,229,436,489,402,260
302_jpg.rf.cd2ad449c74d495b81e41ecaff4cc8f2.jpg,640,640,knife,349,174,465,385,116,211
gun_2_1_1__0005220_jpg.rf.cd27aa11d6750953631607485adcb65e.jpg,640,640,gun,33,285,70,351,37,66
Fled_02_jpg.rf.cd539a558df626a1926ac1029c220663.jpg,640,640,gun,157,168,405,508,248,340
6_22_4_0010388_jpg.rf.cd57ca9543b4cabb12813c734bf88c23.jpg,640,640,gun,232,163,264,229,32,66
DSC_0027_JPG_jpg.rf.cd7a4475bda3d5147ab3f754fe370667.jpg,640,640,knife,331,261,392,327,61,66
knife_345_jpg.rf.cd5f61bfa05d3ba8f5193e0d057d0ddf.jpg,640,640,knife,367,22,631,335,264,313
gun_2_1_1__0001610_jpg.rf.cd7f9e496090d9c668bf57f3b4725653.jpg,640,640,gun,391,287,429,325,38,38
6_22_4_0005440_jpg.rf.cdb4b6c590f0c510565817b126e3ae63.jpg,640,640,gun,119,199,172,263,53,64
Kahr_jpg.rf.cd9d18ff91ce7732a2c2b3cf2d80c187.jpg,640,640,gun,23,11,631,630,608,619
knife_511_jpg.rf.cd568397662d742848519bf456cd865d.jpg,640,640,knife,207,104,372,403,165,299
Gun_898_jpg.rf.cda2c33bd1b1a17be7e113c0a50c4f57.jpg,640,640,gun,225,227,265,285,40,58
6_22_4_0004316_jpg.rf.cd65b315726d8d6b86d3b4af27ab7e03.jpg,640,640,gun,404,292,430,371,26,79
Gun_2082_jpg.rf.cde3f327a7b6b78cf27280e0c9c90d22.jpg,640,640,gun,234,125,287,245,53,120
knife_119_jpg.rf.cd27d3badc56e0255376db65e5439cec.jpg,640,640,knife,100,216,620,459,520,243
17_jpg.rf.cdfc777750a841f19c3207d97e1c5b7f.jpg,640,640,knife,297,531,325,566,28,35
knife_43_jpg.rf.cd821f325abf09484e57ab2117d50fab.jpg,640,640,knife,268,88,506,425,238,337
7_7_asd_00024682_jpg.rf.cdd5af822019a4ae8e4dfef6840e475e.jpg,640,640,gun,130,280,158,335,28,55
5Days_Georgian_AKMS_5_jpg.rf.cd8dbd264e554fbe59f42218a6496414.jpg,640,640,gun,163,223,353,491,190,268
Hell_Comes_to_Frogtown-MicroUzi-4_jpg.rf.cdf4cf4ce87d35d9443992eb97a07118.jpg,640,640,gun,178,155,287,396,109,241
knife_958_jpg.rf.ce68d853a2c912ee3df6b0fde57f31ef.jpg,640,640,knife,77,323,152,523,75,200
175_jpg.rf.cd5fcc7f8433c32f5d00330d921f3583.jpg,640,640,knife,299,511,328,618,29,107
KravMagaKnifeDefenseTechniques205_jpg.rf.cdc6ad529bf684a0749554b0f7d6eb19.jpg,640,640,knife,255,252,348,351,93,99
48hrs03_jpg.rf.ce57f5da3bf68afe64b7f79040d78e53.jpg,640,640,gun,364,365,479,629,115,264
58_jpg.rf.cdc458b89f9d82cddef8ee5400f15727.jpg,640,640,knife,239,287,270,344,31,57
batch_45_jpg.rf.ce0435a2829dcb46ec7ffb7e43461e82.jpg,640,640,knife,126,174,178,225,52,51
batch_45_jpg.rf.ce0435a2829dcb46ec7ffb7e43461e82.jpg,640,640,knife,473,134,492,198,19,64
batch_45_jpg.rf.ce0435a2829dcb46ec7ffb7e43461e82.jpg,640,640,knife,167,384,188,457,21,73
batch_45_jpg.rf.ce0435a2829dcb46ec7ffb7e43461e82.jpg,640,640,knife,370,368,563,588,193,220
BTILC-SW29_jpg.rf.ce053772f8cae748bb758f7efaa7b66c.jpg,640,640,gun,260,30,341,527,81,497
gun_3_1_1__0002144_jpg.rf.ce5628982bf340fde2efd49deb357754.jpg,640,640,gun,301,205,344,448,43,243
knife_401_jpg.rf.ce1f7e49b7389728b42c7c1294d4fcb4.jpg,640,640,knife,14,220,272,588,258,368
1021115225_10197_jpg.rf.cdb415e55b6e29229da792291170df68.jpg,640,640,gun,331,69,431,292,100,223
2022-04-15_85_jpg.rf.ce41d76086377debd2e0f4ee75cdbde2.jpg,640,640,knife,246,439,266,508,20,69
6_22_3_0000696_jpg.rf.ce8dc06d6f7f60b49344f8b1e9e98358.jpg,640,640,gun,321,178,342,278,21,100
DefenseKnifeAttack0198_jpg.rf.ce84ddefe639683e49caebc15c6985a7.jpg,640,640,knife,191,437,284,503,93,66
gun_3_3_1__0000956_jpg.rf.ce716d46742783bafef274d63a499d8e.jpg,640,640,gun,249,270,300,425,51,155
13_jpg.rf.ce95e5e7bd892d8a372d4e09244057b1.jpg,640,640,knife,302,513,329,576,27,63
6_22_2_0002492_jpg.rf.ceb5482a5e441d799faf41972fdf5bde.jpg,640,640,gun,165,107,214,185,49,78
batch_208_jpg.rf.cea97d64f6f9587417b2a9887ebcdf1e.jpg,640,640,gun,61,196,118,319,57,123
batch_208_jpg.rf.cea97d64f6f9587417b2a9887ebcdf1e.jpg,640,640,gun,424,53,550,283,126,230
batch_208_jpg.rf.cea97d64f6f9587417b2a9887ebcdf1e.jpg,640,640,gun,0,469,39,525,39,56
batch_208_jpg.rf.cea97d64f6f9587417b2a9887ebcdf1e.jpg,640,640,gun,496,556,527,598,31,42
knife43_jpg.rf.ce80c027f791bc82c033561c7ce10a95.jpg,640,640,knife,0,220,422,637,422,417
DefenseKnifeAttack0300_jpg.rf.ce120b61a36a3c62b3528082c37e8204.jpg,640,640,knife,345,440,385,474,40,34
KravMagaTraining754_jpg.rf.cec8827d994b8f6c2c2b53e7fc80ff1e.jpg,640,640,knife,464,301,490,477,26,176
batch_431_jpg.rf.ce9e2552b2e3c080e3c490cd1bda7195.jpg,640,640,gun,217,139,246,170,29,31
batch_431_jpg.rf.ce9e2552b2e3c080e3c490cd1bda7195.jpg,640,640,gun,395,40,630,319,235,279
batch_431_jpg.rf.ce9e2552b2e3c080e3c490cd1bda7195.jpg,640,640,gun,43,435,225,638,182,203
batch_431_jpg.rf.ce9e2552b2e3c080e3c490cd1bda7195.jpg,640,640,gun,372,403,483,464,111,61
knife_128_jpg.rf.ce9ff7b8fa1ff207cdbd49c37139cb0a.jpg,640,640,knife,351,162,466,442,115,280
knife_153_jpg.rf.ced3cb72cdf3d89901cbf0ce809b0e80.jpg,640,640,knife,9,82,519,594,510,512
79_jpg.rf.ceb85adeffdd48ccb7815baedb33fbaa.jpg,640,640,knife,466,0,534,343,68,343
79_jpg.rf.ceb85adeffdd48ccb7815baedb33fbaa.jpg,640,640,knife,377,60,472,435,95,375
KravMagaKnifeDefenseTechniques254_jpg.rf.cebb500e8f899963c632b0066faf7beb.jpg,640,640,knife,343,171,417,218,74,47
knife_666_jpg.rf.ceb70ab2d8d5739f3442565cd973e743.jpg,640,640,knife,227,241,335,640,108,399
PhoneB_019_jpg.rf.cec357213601389aff57fbc3ae8ef4ee.jpg,640,640,gun,205,371,368,638,163,267
DSC_0009_JPG_jpg.rf.ceb31d6cddb5d9faea9b0e7fb03c3b15.jpg,640,640,knife,328,251,383,308,55,57
6_22_2_0004764_jpg.rf.cee9206ec00644208e475acc2f38eb1e.jpg,640,640,gun,101,139,142,210,41,71
knife_630_jpg.rf.cede88580e9a4d7f9dcec971c070eacf.jpg,640,640,knife,308,152,400,471,92,319
05_14_0000005_jpg.rf.cf021c57fc08d4806372f1da54038b62.jpg,640,640,gun,161,50,598,536,437,486
1649338723-1684678_jpg.rf.cef77f2e6827adbc72e2c828c20cf80d.jpg,640,640,knife,385,286,426,637,41,351
knife_809_jpg.rf.cf12cb29283e4c110374fc960ae3421a.jpg,640,640,knife,117,329,177,511,60,182
knife_603_jpg.rf.cf091b93ce8b4758a8ddfda7ca9b4190.jpg,640,640,knife,188,51,439,440,251,389
2022-04-21_532_jpg.rf.cf13c4370f3d8435428c0ed1c3f287af.jpg,640,640,knife,272,506,291,586,19,80
DSC_0049_JPG_jpg.rf.cf458748336de8d6a4b2ab64908839bd.jpg,640,640,knife,298,440,320,563,22,123
gun_3_3_1__0002096_jpg.rf.cf2c0917dd72dde98e324642c6b0cf33.jpg,640,640,gun,79,281,132,417,53,136
Pistol_Russian_Stechkin_9x18mm_Makarov_machine_pistol_2_jpg.rf.cf15259a974bfa7bb0479008ce0d2eec.jpg,640,640,gun,4,7,639,618,635,611
gun1_5m_static_0001888_jpg.rf.cf31339513d16e7ea6cfadddb6f6c21c.jpg,640,640,gun,346,315,412,401,66,86
6_22_4_0011196_jpg.rf.cf91036d448a901458865efbff65ca0b.jpg,640,640,gun,140,279,172,368,32,89
5_jpg.rf.cf4152af878c882c014358e4273daf7f.jpg,640,640,knife,285,256,337,485,52,229
knife_178_jpg.rf.cf4d274239a5cb7dcf6db1f6188872af.jpg,640,640,knife,138,63,514,575,376,512
The_Maze_Runner_Revolver_jpg.rf.cf7c8524d1d56374598691b04173066b.jpg,640,640,gun,151,156,263,417,112,261
2022-04-15_97_jpg.rf.cf630eebbae13d7b67be5e5ec0d87b53.jpg,640,640,knife,308,234,351,271,43,37
batch_189_jpg.rf.cf7d82b8004b28131db4954c274a75fd.jpg,640,640,knife,61,152,93,260,32,108
batch_189_jpg.rf.cf7d82b8004b28131db4954c274a75fd.jpg,640,640,knife,184,118,213,229,29,111
batch_189_jpg.rf.cf7d82b8004b28131db4954c274a75fd.jpg,640,640,knife,394,172,428,249,34,77
batch_189_jpg.rf.cf7d82b8004b28131db4954c274a75fd.jpg,640,640,knife,63,442,98,538,35,96
batch_189_jpg.rf.cf7d82b8004b28131db4954c274a75fd.jpg,640,640,knife,348,562,381,639,33,77
JW3_735_jpg.rf.cf1aefc824227e2c8d1185d537117282.jpg,640,640,gun,275,181,384,254,109,73
batch_18_jpg.rf.cf69bb9467cdd9d03e3978fc713bc29e.jpg,640,640,gun,12,133,176,275,164,142
batch_18_jpg.rf.cf69bb9467cdd9d03e3978fc713bc29e.jpg,640,640,gun,468,222,516,261,48,39
batch_18_jpg.rf.cf69bb9467cdd9d03e3978fc713bc29e.jpg,640,640,gun,0,444,116,639,116,195
batch_18_jpg.rf.cf69bb9467cdd9d03e3978fc713bc29e.jpg,640,640,gun,449,467,503,538,54,71
DSC_00211_JPG_jpg.rf.d00be1744340222a46b5d25432c2a4ea.jpg,640,640,knife,300,256,323,376,23,120
knife_504_jpg.rf.d005cf9448a548b846582907ee461681.jpg,640,640,knife,115,120,369,512,254,392
knife_643_jpg.rf.cf628c86f2975e27f554097e6558dc68.jpg,640,640,knife,334,196,475,370,141,174
102461647_1103_jpg.rf.cfabf0b87a5fc18f14e4c1b53a61813a.jpg,640,640,gun,349,501,468,631,119,130
knife_1189_jpg.rf.cfdb186e42cb4b8f1c97abe97e7c86c7.jpg,640,640,knife,133,216,222,367,89,151
11_12_1247_jpg.rf.cfca3bfd9b61085ee6fd20176577296e.jpg,640,640,gun,139,253,201,349,62,96
11_12_1247_jpg.rf.cfca3bfd9b61085ee6fd20176577296e.jpg,640,640,gun,321,265,361,334,40,69
knife_1099_jpg.rf.cf783c23ed71e0e6aed8cfa5b26ea108.jpg,640,640,knife,346,340,392,582,46,242
DSC_00371_JPG_jpg.rf.d011acc88141b43eb032ac3b33780101.jpg,640,640,knife,400,88,433,109,33,21
KravMagaKnifeDefenseTechniques175_jpg.rf.d01622b91042f58e87b90787ce808034.jpg,640,640,knife,213,176,293,287,80,111
KravMagaTraining4401_jpg.rf.cf8357d4d010d254a483bbad0cd8e401.jpg,640,640,knife,272,220,320,340,48,120
RusoClases263_jpg.rf.cfe6a91e2cb0a0f1b3a04faaf4c0008b.jpg,640,640,knife,219,362,273,489,54,127
knife_506_jpg.rf.cfe13e93e37c99702ed6d70e373ed355.jpg,640,640,knife,31,103,430,609,399,506
gun_2_1_1__0001625_jpg.rf.cfe441b03e64b639962b2baf7616fd0f.jpg,640,640,gun,355,293,397,335,42,42
46_jpg.rf.d034222ed652f48b3e230babd714c52e.jpg,640,640,knife,0,5,594,608,594,603
101415122_1704_jpg.rf.d0211f5ecb0344ca0aaad67a9d8be527.jpg,640,640,gun,237,11,386,637,149,626
DSC_0005_JPG_jpg.rf.cfb1b79bbc5f21e91dc8755c095e7897.jpg,640,640,knife,295,301,372,367,77,66
MS-45-003_jpg.rf.d03e9ea20889410c80d9d1db4ecf808c.jpg,640,640,gun,72,342,513,639,441,297
knife_1282_jpg.rf.d03694b113c23107ddb25a130333dc19.jpg,640,640,knife,329,177,383,312,54,135
knife_277_jpg.rf.d04231d44cd7b4e8872cc847d2380e18.jpg,640,640,knife,31,203,297,391,266,188
DefenseKnifeAttack0731_jpg.rf.d046999f4defa0b683faeb0b75261ba1.jpg,640,640,knife,259,534,350,592,91,58
knife_481_jpg.rf.d044e8d538280768b7a529fb60173e06.jpg,640,640,knife,183,196,302,579,119,383
26_jpg.rf.d05e39004b238af85fb1a45b0bb96ac1.jpg,640,640,knife,306,486,363,529,57,43
Podvig_razvedchika-Frommer-2_jpg.rf.d0762dfb9f86d6ac100454f02a78d851.jpg,640,640,gun,134,382,266,480,132,98
KravMagaKnifeDefenseTechniques655_jpg.rf.d0677d48f7dfbbd64c983fff10c07d1a.jpg,640,640,knife,125,386,157,522,32,136
11_12_372_jpg.rf.d09d90b2ba11ee4f2514aa5ad2c1d1c5.jpg,640,640,gun,93,180,616,639,523,459
Podnyataya_tselina-Nagant-5_jpg.rf.d08c421f56100f8de64435f6abdcb416.jpg,640,640,gun,455,450,573,588,118,138
136544_04__01119_jpg.rf.d0a8a08a593e4b63cf39367f996a017d.jpg,640,640,gun,494,364,531,469,37,105
DefenseKnifeAttack0984_jpg.rf.d0c69f2d3d1b34d4649bcfc8da40d560.jpg,640,640,knife,391,268,442,468,51,200
Le_cousin-Manurhin_F1-4_jpg.rf.d0b585f74347b133d6f6e04f7b0d2589.jpg,640,640,gun,242,200,599,597,357,397
gun_5m_static_0000552_jpg.rf.d0948ee794f2bc1f127879ec19e43444.jpg,640,640,gun,234,223,299,349,65,126
95_jpg.rf.d088f7db41d06164e995d5680f676557.jpg,640,640,knife,331,523,375,609,44,86
1017143258_1422_jpg.rf.d0680e6307c1731159f7148907374fb3.jpg,640,640,gun,411,145,468,279,57,134
05_14_0000751_jpg.rf.d0bf32a68c817ee084eba3f18fc25b8b.jpg,640,640,gun,92,96,551,551,459,455
gun_3_1_1__0003248_jpg.rf.d07ad94246be5a07a6ce80279b81b811.jpg,640,640,gun,187,336,244,512,57,176
6_22_1_0006184_jpg.rf.d092f8fc0a7c2d731df3e7da217a8634.jpg,640,640,gun,312,404,458,558,146,154
Le_Tueur-SW15-4_jpg.rf.d0e825cecc62ba539f9fd23cc1948cee.jpg,640,640,gun,407,170,477,287,70,117
batch_196_jpg.rf.d0d2aaa95fd33102c8c198d2128f511f.jpg,640,640,knife,116,37,267,282,151,245
batch_196_jpg.rf.d0d2aaa95fd33102c8c198d2128f511f.jpg,640,640,knife,366,37,536,256,170,219
batch_196_jpg.rf.d0d2aaa95fd33102c8c198d2128f511f.jpg,640,640,knife,372,331,582,533,210,202
batch_196_jpg.rf.d0d2aaa95fd33102c8c198d2128f511f.jpg,640,640,knife,10,417,316,526,306,109
63_jpg.rf.d0e7c4579d272cebe3e2c60e57c1f16e.jpg,640,640,knife,146,454,168,525,22,71
gun_3_3_1__0001860_jpg.rf.d0a024cf354b92246322875f4a8be56c.jpg,640,640,gun,65,199,118,390,53,191
DSC_00091_JPG_jpg.rf.d0772ec08a58c61e97e55d021b885c5b.jpg,640,640,knife,321,450,374,499,53,49
Sannikov_Land-Nagant-1_jpg.rf.d0f13097cbe403c9ca33edb7a3d36bac.jpg,640,640,gun,310,449,398,600,88,151
MOTOE17_06_jpg.rf.d0c17d4173aecec6316ada3db17a822f.jpg,640,640,gun,383,29,430,192,47,163
gun_3_3_1__0004008_jpg.rf.d10602387d9a4e5f0e5ab8c6720de6f7.jpg,640,640,gun,218,329,266,491,48,162
134_jpg.rf.d04bb940c1875296b666753f43de0cc1.jpg,640,640,knife,266,371,466,503,200,132
KravMagaKnifeDefenseTechniques284_jpg.rf.d0c519cec81e155ab1f2d967eb3b61cb.jpg,640,640,knife,371,275,473,370,102,95
PicassoTrigger-explosivebuggy-05_jpg.rf.d0eb9e79a767d66b37e3c9ff26c5728b.jpg,640,640,gun,141,498,280,638,139,140
knife_192_jpg.rf.d0fe5364d4000d12e0665199bbf6a3a9.jpg,640,640,knife,86,10,615,589,529,579
1649338725-160023_jpg.rf.d10454276326be310d42a76ad0d2db21.jpg,640,640,knife,366,165,422,623,56,458
knife_976_jpg.rf.d10fca981fc01b565fb1788f43675ba7.jpg,640,640,knife,144,370,203,596,59,226
knife_557_jpg.rf.d1188162b724734ad2da11e03e60eb00.jpg,640,640,knife,53,174,542,489,489,315
DefenseKnifeAttack0059_jpg.rf.d14e50af1cebdd85a0f6e462d2729239.jpg,640,640,knife,353,281,392,344,39,63
11132326_704_jpg.rf.d14bfee1f477355303235b3b7f6d23e8.jpg,640,640,gun,118,16,221,177,103,161
knife_852_jpg.rf.d1102970f605ce0703f781339b56ebdc.jpg,640,640,knife,132,267,186,428,54,161
10178538_3990_jpg.rf.d11cb8d2d6b8946eaa5c13c8d9adeb40.jpg,640,640,gun,283,109,352,201,69,92
Gun_858_jpg.rf.d148b0446f04b437973391b97a3bd30f.jpg,640,640,gun,5,25,629,624,624,599
gun_6m_static_0002288_jpg.rf.d16acae6ce1b967416af44dfc4e96458.jpg,640,640,gun,311,96,331,207,20,111
gun1_6m_static_0002224_jpg.rf.d1545ad78b2fc934143e8bb981f886fb.jpg,640,640,gun,324,299,347,371,23,72
264_jpg.rf.d14fc0c249e5ea54536a7072aa4e4515.jpg,640,640,knife,282,477,313,588,31,111
knife_1170_jpg.rf.d17fa9922a0d438298226dd2a8312320.jpg,640,640,knife,197,421,335,554,138,133
Highlandercolt3_jpg.rf.d15b3faa6915a7ffd02ac617b7b6ff79.jpg,640,640,gun,223,289,548,617,325,328
KravMagaTraining20585_jpg.rf.d0b5d78d23127d6572d146da4d39b8af.jpg,640,640,knife,189,471,262,535,73,64
6_22_3_0003156_jpg.rf.d1a89f922c80eb2cc011cc4f79c723c4.jpg,640,640,gun,140,114,228,181,88,67
knife_35_jpg.rf.d17b068721bec330812187b1dc5d63fa.jpg,640,640,knife,66,31,639,582,573,551
gun_3_1_1__0003848_jpg.rf.d1b6570bea49664fa448276a03dc9e6c.jpg,640,640,gun,290,183,340,420,50,237
knife_303_jpg.rf.d1c5f59810f8c2ca06551e0603f7fdf0.jpg,640,640,knife,4,267,326,590,322,323
7_7_asd_00140810_jpg.rf.d1a5e21998f12a848e8380f53754bc99.jpg,640,640,gun,163,264,490,418,327,154
AAU-POlice-R4sScreengrab_jpg.rf.d168ab8e69047a3a1ba94e12b14e806d.jpg,640,640,gun,115,209,445,453,330,244
AAU-POlice-R4sScreengrab_jpg.rf.d168ab8e69047a3a1ba94e12b14e806d.jpg,640,640,gun,416,48,639,320,223,272
AAU-POlice-R4sScreengrab_jpg.rf.d168ab8e69047a3a1ba94e12b14e806d.jpg,640,640,gun,191,122,408,254,217,132
DH2_Beretta-5_jpg.rf.d20b919efdf595c5057ba7505f83811d.jpg,640,640,gun,62,338,220,631,158,293
knife_447_jpg.rf.d211161a39d055c565d293380dba993b.jpg,640,640,knife,97,373,355,587,258,214
knife_447_jpg.rf.d211161a39d055c565d293380dba993b.jpg,640,640,knife,74,271,294,423,220,152
knife_447_jpg.rf.d211161a39d055c565d293380dba993b.jpg,640,640,knife,50,173,251,312,201,139
knife_1225_jpg.rf.d1b28d79642f2d32a56df3418f91dd18.jpg,640,640,knife,354,323,457,412,103,89
gun_2_1_1__0004595_jpg.rf.d1b410e1568041ac2a37bbe738f276be.jpg,640,640,gun,254,307,285,359,31,52
batch_199_jpg.rf.d1d11dd70dc4d43116ba6036443f2040.jpg,640,640,knife,120,105,129,142,9,37
batch_199_jpg.rf.d1d11dd70dc4d43116ba6036443f2040.jpg,640,640,knife,439,36,537,318,98,282
batch_199_jpg.rf.d1d11dd70dc4d43116ba6036443f2040.jpg,640,640,knife,53,332,197,609,144,277
batch_199_jpg.rf.d1d11dd70dc4d43116ba6036443f2040.jpg,640,640,knife,458,549,529,579,71,30
6_22_2_0007528_jpg.rf.d227b6fc4fdc7ba3947b32348ba1ae06.jpg,640,640,gun,327,335,396,441,69,106
KravMagaTraining20622_jpg.rf.d240958fc0dfe1970ee4adbcf1f55730.jpg,640,640,knife,300,369,370,435,70,66
05_14_0000492_jpg.rf.d272eac679e80818fc6185aacab32407.jpg,640,640,gun,86,43,509,569,423,526
107340_00__05457_jpg.rf.d17d580fe0b27b0f440961790ccd8b69.jpg,640,640,gun,351,492,397,603,46,111
KravMagaKnifeDefenseTechniques209_jpg.rf.d1f34731751226c62b893b6eeeb9019f.jpg,640,640,knife,257,256,345,345,88,89
NedKEllyRepilicaGun_jpg.rf.d13042de9d513d6c51e770bbd200e535.jpg,640,640,gun,1,50,633,565,632,515
Gun_791_jpg.rf.d2832fec245d498635547d74c10f7efb.jpg,640,640,gun,158,86,481,537,323,451
knife_5_jpg.rf.d21b647fb3a6b9e6240c24051e1a3850.jpg,640,640,knife,0,123,638,383,638,260
knife_7_jpg.rf.d27bd336429c7940b2c88cdcf4bee02c.jpg,640,640,knife,49,0,383,553,334,553
RealityKnifeAttacks0650_jpg.rf.d25a47f64883f19e6a3e22831aed8b6e.jpg,640,640,knife,273,263,291,343,18,80
4_jpg.rf.d227e66579f7029323b08e4bb0ec5037.jpg,640,640,knife,248,445,277,509,29,64
knife_854_jpg.rf.d24c070169c48c40db8412b711db741f.jpg,640,640,knife,82,366,150,501,68,135
gun_2_1_1__0011580_jpg.rf.d290fc38cb04dd0e2676c0f50ee8f213.jpg,640,640,gun,163,362,197,398,34,36
101119454_2343_jpg.rf.d1daf7a504aa85b87dd646ccaef1ed77.jpg,640,640,gun,155,70,488,570,333,500
6_22_4_0001672_jpg.rf.d249536efa22153abb02ecf63630a189.jpg,640,640,gun,270,210,307,286,37,76
knife_220_jpg.rf.d2b07ba13965af0be8ccc8c87c2de4b7.jpg,640,640,knife,239,103,333,460,94,357
11_12_2410_jpg.rf.d2f9e3764ad1c90d6cec2d671e6e0e76.jpg,640,640,gun,47,47,299,593,252,546
11_12_2410_jpg.rf.d2f9e3764ad1c90d6cec2d671e6e0e76.jpg,640,640,gun,331,68,632,606,301,538
L-Honneur_d-un_capitaine-FAMAS-1_jpg.rf.d2a03930d00b634e80eb9483098663e4.jpg,640,640,gun,46,430,516,638,470,208
L-Honneur_d-un_capitaine-FAMAS-1_jpg.rf.d2a03930d00b634e80eb9483098663e4.jpg,640,640,gun,209,199,369,324,160,125
gun_3_1_1__0002492_jpg.rf.d364a29e230a58a0b680ce7fd935f407.jpg,640,640,gun,268,287,312,454,44,167
knife_70_jpg.rf.d31eeb444fccffb908850272de98e784.jpg,640,640,knife,242,122,351,451,109,329
knife_75_jpg.rf.d2df2f871a94132859beb0ab2e225670.jpg,640,640,knife,208,217,323,574,115,357
The_Bank_Job-FAL-2_jpg.rf.d2c979729a5c29dde1d2bee348b40318.jpg,640,640,gun,101,355,421,552,320,197
4_jpg.rf.d2ff65cda74b2ece544252a7db572474.jpg,640,640,knife,280,205,355,399,75,194
gun_2_1_1__0001350_jpg.rf.d3035086f2c4da441a61e6422667029d.jpg,640,640,gun,311,340,349,379,38,39
knife_1309_jpg.rf.d29fda67a8be1e52eb6fb5341b7b1db2.jpg,640,640,knife,255,175,298,350,43,175
batch_379_jpg.rf.d2b50e559fac18692bd0c9b97ed19e6f.jpg,640,640,gun,35,90,181,278,146,188
batch_379_jpg.rf.d2b50e559fac18692bd0c9b97ed19e6f.jpg,640,640,gun,469,168,481,229,12,61
batch_379_jpg.rf.d2b50e559fac18692bd0c9b97ed19e6f.jpg,640,640,gun,150,489,161,553,11,64
batch_379_jpg.rf.d2b50e559fac18692bd0c9b97ed19e6f.jpg,640,640,gun,557,451,591,490,34,39
Der_Scout-Reichsrevolver79-8_jpg.rf.d3ab2ed846bff272dcaeaf6eeeb845b9.jpg,640,640,gun,81,76,225,330,144,254
knife_666_jpg.rf.d38250a86b07b5a16f48c0777f9e1f49.jpg,640,640,knife,228,241,336,639,108,398
knife_502_jpg.rf.d33328c58dbd6089b8d4a35f68d9b590.jpg,640,640,knife,368,334,512,535,144,201
knife_313_jpg.rf.d208e23b76e6ac9f08808df6eeb661e5.jpg,640,640,knife,54,279,358,600,304,321
gun_2_1_1__0008530_jpg.rf.d3816ffb876ea6be027547f98ceecbd6.jpg,640,640,gun,494,378,545,427,51,49
116_jpg.rf.d2fe644c934603c0665ee7ac31f9685a.jpg,640,640,knife,244,404,426,640,182,236
HimmelohneSterne-Pistol1_jpg.rf.d37a4aff67f8e24c7013e8493a9ccfeb.jpg,640,640,gun,291,354,369,418,78,64
null_image.jpg,640,640,,,,,,0,0
11_12_12_jpg.rf.d29858471779f149c803d6f7ae898a27.jpg,640,640,gun,227,178,285,243,58,65
Destroy_All_Monsters-03_jpg.rf.d38209d668202b7c551556e764535724.jpg,640,640,gun,311,251,366,480,55,229
RusoClases647_jpg.rf.d381ddff70ce6b1d910cd3ee5ebb6e66.jpg,640,640,knife,301,137,335,352,34,215
knife_943_jpg.rf.d3aa321157d982e6ebe45580ebe01770.jpg,640,640,knife,72,321,157,518,85,197
Le_deuxieme_souffle-Browning03-1_jpg.rf.d39d34ca9de2e2b90ba0933658bf6740.jpg,640,640,gun,144,485,223,622,79,137
6_22_1_0002148_jpg.rf.d3b23285f118a88719cde48236f81f2e.jpg,640,640,gun,281,416,358,640,77,224
RealityKnifeAttacks0180_jpg.rf.d3b7e11bed4189ad8ee8d0d7a3208500.jpg,640,640,knife,285,323,329,372,44,49
2022-04-15_29_jpg.rf.d34f6a7b4f7385a30fbb9044b02a33a7.jpg,640,640,knife,243,506,280,551,37,45
11_12_2046_jpg.rf.d3d9de143ee6b28db87926c761a5e137.jpg,640,640,gun,45,88,580,432,535,344
Family_plot_1903_2_jpg.rf.d2bbf073899326e6a8b20d5a09e8caf8.jpg,640,640,gun,266,443,348,556,82,113
Gun_67_jpg.rf.d3e6611593dd0a7a7c2335ea70260de0.jpg,640,640,gun,0,6,620,614,620,608
knife_1146_jpg.rf.d3b500f0e44f65c5b18ad36a1550c0cd.jpg,640,640,knife,221,293,293,509,72,216
255_jpg.rf.d3bc84512937ede6cfcbf774d575e2db.jpg,640,640,knife,170,289,453,402,283,113
DSC_0021_JPG_jpg.rf.d403d89ae0a15860749cc4832c1de25e.jpg,640,640,knife,367,441,423,474,56,33
batch_125_jpg.rf.d3f0b9d30b3d558251b8903f55ca9dd4.jpg,640,640,knife,104,160,223,269,119,109
batch_125_jpg.rf.d3f0b9d30b3d558251b8903f55ca9dd4.jpg,640,640,knife,409,245,462,278,53,33
batch_125_jpg.rf.d3f0b9d30b3d558251b8903f55ca9dd4.jpg,640,640,knife,73,551,125,587,52,36
batch_125_jpg.rf.d3f0b9d30b3d558251b8903f55ca9dd4.jpg,640,640,knife,427,536,477,584,50,48
D9000-SMB-3_jpg.rf.d3b41f3e8d2cf45213fccca7a71a81f9.jpg,640,640,gun,340,162,430,353,90,191
image187_jpg.rf.d4342825147c792c2418b8186d42d89a.jpg,640,640,gun,182,193,502,379,320,186
2022-04-15_28_jpg.rf.d40fd33340a38dee203ca95430afda28.jpg,640,640,knife,327,539,376,588,49,49
297_jpg.rf.d48328815d33636a929b1653ae31d2d7.jpg,640,640,knife,318,0,511,182,193,182
DefenseKnifeAttack0053_jpg.rf.d410fef9486e44d3c578d21ad88ee635.jpg,640,640,knife,343,260,382,338,39,78
DefenseKnifeAttack1222_jpg.rf.d42f69bf17b730152eb53169c36a0e03.jpg,640,640,knife,297,349,392,434,95,85
Operationcondor7_jpg.rf.d41caa8682fab5c2b10b65bd9561838b.jpg,640,640,gun,201,441,266,563,65,122
Carlo_De_Mejo-M1911_jpg.rf.d4b548e63022fc3e396c79203e0aab9f.jpg,640,640,gun,152,387,290,568,138,181
DefenseKnifeAttack0782_jpg.rf.d4933e04e1a42cb8fd0469a50cd69f29.jpg,640,640,knife,208,530,311,579,103,49
KravMagaKnifeDefenseTechniques370_jpg.rf.d4ea530c1212d73c1e31b34354a12667.jpg,640,640,knife,440,229,524,351,84,122
null_image.jpg,640,640,,,,,,0,0
knife_604_jpg.rf.d457480febaf358ff734fe56d0d42624.jpg,640,640,knife,232,292,580,437,348,145
TOTB_29_jpg.rf.d4a84c39af465b025e0bc3f2bbb80744.jpg,640,640,gun,426,492,576,639,150,147
TOTB_29_jpg.rf.d4a84c39af465b025e0bc3f2bbb80744.jpg,640,640,gun,130,61,262,423,132,362
101115824_1536_jpg.rf.d47309ecd4b7fd5478ea5e0a497ab96a.jpg,640,640,gun,70,106,378,337,308,231
56_jpg.rf.d4aa7c71841346224f135fec21d1d7f0.jpg,640,640,knife,49,180,254,452,205,272
batch_3_jpg.rf.d3ed3c6a78ee25cd235331b263489366.jpg,640,640,gun,154,83,212,207,58,124
batch_3_jpg.rf.d3ed3c6a78ee25cd235331b263489366.jpg,640,640,gun,370,61,580,259,210,198
batch_3_jpg.rf.d3ed3c6a78ee25cd235331b263489366.jpg,640,640,gun,112,385,312,569,200,184
batch_3_jpg.rf.d3ed3c6a78ee25cd235331b263489366.jpg,640,640,gun,375,377,554,564,179,187
gun_2_1_1__0002300_jpg.rf.d4ce45f295a267c715d5aff808d95e4f.jpg,640,640,gun,182,380,218,419,36,39
null_image.jpg,640,640,,,,,,0,0
knife_542_jpg.rf.d46dbcb9ac9fade9974a361473e1e6d1.jpg,640,640,knife,116,151,391,526,275,375
gun_3_2_1__0002348_jpg.rf.d49726820f785e529920c4d63a719de1.jpg,640,640,gun,49,299,181,593,132,294
knife_1193_jpg.rf.d4998fbfe1d9135df54bb854f82628da.jpg,640,640,knife,141,323,274,434,133,111
gun_6m_static_0001168_jpg.rf.d51804742c4a721fb6ef1681d7d0376a.jpg,640,640,gun,366,174,425,238,59,64
gun_2_1_1__0010770_jpg.rf.d5034c0f661eacb1f2472f609e18713b.jpg,640,640,gun,165,292,193,335,28,43
Gun_1219_jpg.rf.d3da1d71c1fa0a90901df0acbc646a2d.jpg,640,640,gun,12,6,624,614,612,608
129_jpg.rf.d3d1c0b4681456ecf87df501e26ad842.jpg,640,640,knife,32,122,480,565,448,443
batch_32_jpg.rf.d4e2dbe1c49e1686db1e4559b071e1a2.jpg,640,640,knife,156,307,194,319,38,12
batch_32_jpg.rf.d4e2dbe1c49e1686db1e4559b071e1a2.jpg,640,640,knife,471,22,535,185,64,163
batch_32_jpg.rf.d4e2dbe1c49e1686db1e4559b071e1a2.jpg,640,640,knife,151,435,162,498,11,63
batch_32_jpg.rf.d4e2dbe1c49e1686db1e4559b071e1a2.jpg,640,640,knife,408,366,430,422,22,56
null_image.jpg,640,640,,,,,,0,0
6_22_4_0011532_jpg.rf.d50aaae7824a672cd5352deb8ad0b791.jpg,640,640,gun,240,4,272,96,32,92
234_jpg.rf.d53ad923b51665dedd6e7c7ae2866e84.jpg,640,640,knife,286,562,323,639,37,77
RusoClases434_jpg.rf.d52832fe4dbd8c85e44904ac85e97c6b.jpg,640,640,knife,254,381,316,428,62,47
knife_623_jpg.rf.d5298fc5a1a8bb6e98eff908afeb8886.jpg,640,640,knife,125,306,189,522,64,216
knife_623_jpg.rf.d5298fc5a1a8bb6e98eff908afeb8886.jpg,640,640,knife,369,238,428,460,59,222
253_jpg.rf.d54ad925ef11d7dbeb4a90e4ec2fae67.jpg,640,640,knife,276,454,333,535,57,81
DefenseKnifeAttack0052_jpg.rf.d51dcd2f920ce16bd3552516a00466a1.jpg,640,640,knife,341,242,373,321,32,79
6_22_3_0000344_jpg.rf.d4f48493a592f9c9aaff8b6c9b76d7ed.jpg,640,640,gun,112,63,203,211,91,148
1649338722-8488343_jpg.rf.d4fd5f02f09840463f20ca6a2514e030.jpg,640,640,knife,322,310,362,639,40,329
Lesecret-003_jpg.rf.d48823e12bc46903b387ed5f071e7510.jpg,640,640,gun,87,321,222,633,135,312
knife_1024_jpg.rf.d54ef0c6e3d78455952f3b2adb3a7eb6.jpg,640,640,knife,0,242,303,580,303,338
9_jpg.rf.d598ac7f5222cc8981174b5c8ba30941.jpg,640,640,knife,287,44,415,640,128,596
batch_400_jpg.rf.d528edd96b2e739c903814d5ef8f8d44.jpg,640,640,gun,9,17,301,284,292,267
batch_400_jpg.rf.d528edd96b2e739c903814d5ef8f8d44.jpg,640,640,gun,547,182,566,236,19,54
batch_400_jpg.rf.d528edd96b2e739c903814d5ef8f8d44.jpg,640,640,gun,36,421,88,564,52,143
batch_400_jpg.rf.d528edd96b2e739c903814d5ef8f8d44.jpg,640,640,gun,112,393,159,533,47,140
batch_400_jpg.rf.d528edd96b2e739c903814d5ef8f8d44.jpg,640,640,gun,195,435,221,546,26,111
batch_400_jpg.rf.d528edd96b2e739c903814d5ef8f8d44.jpg,640,640,gun,323,327,435,493,112,166
10177132_3270_jpg.rf.d5a740486f887d6ef39ff17ee37d15ba.jpg,640,640,gun,419,79,604,236,185,157
knife_511_jpg.rf.d59cd797c0f59e02963ed8da34c58d99.jpg,640,640,knife,208,103,372,403,164,300
batch_381_jpg.rf.d55c6fd5e466bd333b85aacd0ac2de58.jpg,640,640,gun,92,54,164,276,72,222
batch_381_jpg.rf.d55c6fd5e466bd333b85aacd0ac2de58.jpg,640,640,gun,478,80,528,170,50,90
batch_381_jpg.rf.d55c6fd5e466bd333b85aacd0ac2de58.jpg,640,640,gun,52,365,226,483,174,118
batch_381_jpg.rf.d55c6fd5e466bd333b85aacd0ac2de58.jpg,640,640,gun,512,521,638,635,126,114
batch_381_jpg.rf.d55c6fd5e466bd333b85aacd0ac2de58.jpg,640,640,gun,453,381,492,629,39,248
156_jpg.rf.d5a09ca7ceb68191536131d8b3084209.jpg,640,640,knife,263,477,319,546,56,69
102312622_3573_jpg.rf.d5869ad4acaedb083b021dce6acf63f2.jpg,640,640,gun,357,383,405,454,48,71
2022-04-21_456_jpg.rf.d562c0f69b71fe7c54efd10124e591cb.jpg,640,640,knife,209,499,223,570,14,71
RK_08_jpg.rf.d5ae7a28013e1042a17a5d095e190f5e.jpg,640,640,gun,335,63,537,517,202,454
knife_1209_jpg.rf.d59c2e7505b0505121a51dc614dde5cf.jpg,640,640,knife,303,125,359,336,56,211
6_22_3_0000416_jpg.rf.d5c4a71b11240f85f582e6af97117b28.jpg,640,640,gun,152,143,244,262,92,119
Gun_1053_jpg.rf.d55d5e609e453a3c47ad5ef8717b8280.jpg,640,640,gun,527,198,605,264,78,66
Gun_1053_jpg.rf.d55d5e609e453a3c47ad5ef8717b8280.jpg,640,640,gun,12,347,101,433,89,86
knife_1048_jpg.rf.d5adb20b09ddf24a1ccffed6a1e78e34.jpg,640,640,knife,291,230,372,359,81,129
knife_419_jpg.rf.d5755e57093c164f43d0555615442b44.jpg,640,640,knife,20,254,352,608,332,354
KravMagaTraining20102_jpg.rf.d5d7cb9bd03b9da7e9ee7c09f03cf575.jpg,640,640,knife,145,375,225,434,80,59
The_Ultimate_Weapon-Pistol2-13_jpg.rf.d5bd05a0c040118eef1d03ab46178cff.jpg,640,640,gun,153,353,308,639,155,286
101119367_1719_jpg.rf.d5d8526b01e926840749c8b32185b1d9.jpg,640,640,gun,37,132,423,578,386,446
Kommissar_X-3-FN1900-2_jpg.rf.d5d1386624da39023c86bc0143f5f8c7.jpg,640,640,gun,259,207,387,582,128,375
6_22_1_0006208_jpg.rf.d5b67b2478bb87d3b5628c80fa448cd5.jpg,640,640,gun,289,333,387,498,98,165
11_12_1034_jpg.rf.d5df7a7fd1e5e7b094ecd2e28d4402dc.jpg,640,640,gun,8,0,620,635,612,635
gun_2_1_1__0008060_jpg.rf.d5e643e128a4b5e41bfc877aeaf86e3e.jpg,640,640,gun,160,312,198,355,38,43
knife_30_jpg.rf.d5d5cc4ee40dbf719799dfbc8b0ec422.jpg,640,640,knife,417,265,638,632,221,367
knife_144_jpg.rf.d5de06889e20e79caebdfcdecbad8d2b.jpg,640,640,knife,0,120,537,499,537,379
102312285_5061_jpg.rf.d62de0c30b8e4810a8ab2a00a6fe143f.jpg,640,640,gun,365,219,409,272,44,53
null_image.jpg,640,640,,,,,,0,0
batch_203_jpg.rf.d615c60cb53956caa316f6737b07cc41.jpg,640,640,knife,169,124,185,160,16,36
batch_203_jpg.rf.d615c60cb53956caa316f6737b07cc41.jpg,640,640,knife,490,129,509,168,19,39
batch_203_jpg.rf.d615c60cb53956caa316f6737b07cc41.jpg,640,640,knife,176,460,195,492,19,32
batch_203_jpg.rf.d615c60cb53956caa316f6737b07cc41.jpg,640,640,knife,481,517,547,558,66,41
knife_736_jpg.rf.d5ee8162118cca5f7e8205ceb66aaa35.jpg,640,640,knife,296,75,354,414,58,339
batch_186_jpg.rf.d5f334384ca8a01519cc8286dbf6c3e9.jpg,640,640,knife,129,15,222,190,93,175
batch_186_jpg.rf.d5f334384ca8a01519cc8286dbf6c3e9.jpg,640,640,knife,407,86,440,129,33,43
batch_186_jpg.rf.d5f334384ca8a01519cc8286dbf6c3e9.jpg,640,640,knife,87,399,122,444,35,45
batch_186_jpg.rf.d5f334384ca8a01519cc8286dbf6c3e9.jpg,640,640,knife,407,399,443,444,36,45
155_jpg.rf.d5e957630dd35af6bccc4ae6dd4abce6.jpg,640,640,knife,273,474,322,534,49,60
knife_461_jpg.rf.d666696626bcf84e609da5b99e3fef7c.jpg,640,640,knife,41,277,314,612,273,335
1011133951_331_jpg.rf.d5ea50196b3ede13b641fbfb92346687.jpg,640,640,gun,152,307,381,616,229,309
knifeDefenseTechnique011_jpg.rf.d5e08cefb6f8e10ff9bf6a439cdddd57.jpg,640,640,knife,338,229,371,340,33,111
Pe2-1911a_jpg.rf.d60482c4d2fe9555ab23ad3b69defda2.jpg,640,640,gun,117,107,290,630,173,523
batch_233_jpg.rf.d611b73f063c60725918336b8a9fa757.jpg,640,640,knife,79,179,103,252,24,73
batch_233_jpg.rf.d611b73f063c60725918336b8a9fa757.jpg,640,640,knife,352,175,389,266,37,91
batch_233_jpg.rf.d611b73f063c60725918336b8a9fa757.jpg,640,640,knife,29,568,62,639,33,71
batch_233_jpg.rf.d611b73f063c60725918336b8a9fa757.jpg,640,640,knife,408,330,447,636,39,306
knife_1339_jpg.rf.d5f71a7a7986207324efce0baae1271d.jpg,640,640,knife,323,305,365,462,42,157
44_jpg.rf.d68311de61449a35306c042e7bc32be7.jpg,640,640,knife,252,32,423,605,171,573
null_image.jpg,640,640,,,,,,0,0
batch_138_jpg.rf.d677d9bee31ebaa4d4900ec7b69e6452.jpg,640,640,knife,4,126,149,286,145,160
batch_138_jpg.rf.d677d9bee31ebaa4d4900ec7b69e6452.jpg,640,640,knife,330,120,476,275,146,155
batch_138_jpg.rf.d677d9bee31ebaa4d4900ec7b69e6452.jpg,640,640,knife,91,352,173,570,82,218
batch_138_jpg.rf.d677d9bee31ebaa4d4900ec7b69e6452.jpg,640,640,knife,411,352,494,570,83,218
AFT-001_jpg.rf.d5f6611985635bf82f626a5530aae167.jpg,640,640,gun,207,229,302,475,95,246
1014135817_888_jpg.rf.d619553dcda49a070efa40220a3b04ad.jpg,640,640,gun,146,154,180,230,34,76
knife_272_jpg.rf.d5d137f73f4fa5b8f8f4614f7b636c07.jpg,640,640,knife,21,156,497,605,476,449
knife_554_jpg.rf.d68491c314332cf8c59fef41b7d8faf9.jpg,640,640,knife,182,40,402,446,220,406
700_XCR_II_jpg.rf.d66b6a4c5dffc4b823e71d954d4494c5.jpg,640,640,gun,10,38,629,507,619,469
6_22_1_0000128_jpg.rf.d696ad1034977b7114615b241eb4300b.jpg,640,640,gun,197,117,292,374,95,257
Lichno_izvesten-SWRM-5_jpg.rf.d6950cbc6f0962a45f0faa9fceb760ee.jpg,640,640,gun,369,488,483,608,114,120
M1911WeWereSoldiers_jpg.rf.d6dc4a45e228c7739ebf0b6f0dd9950b.jpg,640,640,gun,0,0,638,632,638,632
knife_957_jpg.rf.d6d4c89368f125456c0f4b4d9570e0b9.jpg,640,640,knife,57,485,125,639,68,154
gun1_6m_static_0000624_jpg.rf.d6a6ee7ebba38b93fcdd2c724b7d17db.jpg,640,640,gun,243,255,297,351,54,96
6_22_3_0000380_jpg.rf.d6a7c26cce137664ab7692d884335c08.jpg,640,640,gun,171,24,236,196,65,172
11_12_956_jpg.rf.d6f5d2c8dab3f2b1f5cd80189eaf3152.jpg,640,640,gun,420,165,469,317,49,152
2022-04-15_16_jpg.rf.d708666371a0043db0b4ea3ce31c9020.jpg,640,640,knife,262,294,291,368,29,74
batch_92_jpg.rf.d6e90e64bfdc06c0798e4fece0dfbfd1.jpg,640,640,gun,114,75,138,125,24,50
batch_92_jpg.rf.d6e90e64bfdc06c0798e4fece0dfbfd1.jpg,640,640,gun,459,105,471,154,12,49
batch_92_jpg.rf.d6e90e64bfdc06c0798e4fece0dfbfd1.jpg,640,640,gun,150,380,164,427,14,47
batch_92_jpg.rf.d6e90e64bfdc06c0798e4fece0dfbfd1.jpg,640,640,gun,464,356,479,409,15,53
null_image.jpg,640,640,,,,,,0,0
DSC_00031_JPG_jpg.rf.d70a6b83eb09b63d7ab95683d23a4082.jpg,640,640,knife,289,456,312,534,23,78
11_12_1410_jpg.rf.d72bb7a70996864dd1691931ebef6165.jpg,640,640,gun,40,53,588,619,548,566
sharpenKnife299_jpg.rf.d78e34422917776eaed1108076a5c90e.jpg,640,640,knife,206,216,600,387,394,171
knife_326_jpg.rf.d734379e8171f71bb7c90c0709075598.jpg,640,640,knife,50,2,336,262,286,260
knife_923_jpg.rf.d77f2b34a98ffa59f9520d3e6245a8af.jpg,640,640,knife,88,336,156,543,68,207
97_jpg.rf.d7d211593c5634c50523ef3755e797f1.jpg,640,640,knife,9,165,488,574,479,409
knife_650_jpg.rf.d7a0460b196404b75e298255247d9d13.jpg,640,640,knife,348,147,414,506,66,359
gun_2_1_1__0010865_jpg.rf.d733df10313f26d5ecea2722d472dc43.jpg,640,640,gun,128,295,161,344,33,49
130_jpg.rf.d7dd214dc1fef516f2d1869ecaac79ac.jpg,640,640,knife,268,345,485,519,217,174
6_22_4_0001324_jpg.rf.d7bffcf4c902da4bac2f44314d44a148.jpg,640,640,gun,231,197,282,308,51,111
knife_134_jpg.rf.d747bf5554d1702e0778c033e11db311.jpg,640,640,knife,381,167,501,561,120,394
Kvartet_Gvarneri-MauserC96-3_jpg.rf.d725ca7ec37104bf69738d04d294cbb7.jpg,640,640,gun,160,256,271,554,111,298
knife_831_jpg.rf.d7bf267f8b9f64380e5f9596df0e6284.jpg,640,640,knife,85,347,156,529,71,182
knife_437_jpg.rf.d6f207337751c1079956c65a1d22da0a.jpg,640,640,knife,256,68,518,356,262,288
knife_19_jpg.rf.d7609f22f67eb76869d6c025a32114ca.jpg,640,640,knife,444,174,556,237,112,63
NWO_011_jpg.rf.d7d3c32ba1b1580f20ac601b8212f374.jpg,640,640,gun,175,408,468,590,293,182
Lanfier-Revolver-3_jpg.rf.d7d5aaa56717185eb0715c7b77528430.jpg,640,640,gun,265,343,357,513,92,170
1649338710-8453417_jpg.rf.d825034d84e579be3b1637c17208f31f.jpg,640,640,knife,326,100,394,434,68,334
Gun_149_jpg.rf.d81a12d5fc9fbc601ea52b9e178a2c7f.jpg,640,640,gun,0,17,634,615,634,598
knife_668_jpg.rf.d7f35b58e4d248032ee4190e0ba61a00.jpg,640,640,knife,88,86,212,520,124,434
knife_668_jpg.rf.d7f35b58e4d248032ee4190e0ba61a00.jpg,640,640,knife,263,86,343,571,80,485
knife_813_jpg.rf.d8131924b6ff1d00746b1f75e8cd5b86.jpg,640,640,knife,107,214,178,428,71,214
image33_jpg.rf.d85cbb66dc2093f8ade4b5088b3b622a.jpg,640,640,gun,153,26,605,499,452,473
DSC_0045_JPG_jpg.rf.d833a75c66bbd6d40671b35f350e7892.jpg,640,640,knife,320,353,346,467,26,114
TotalRecall-ChromeChiappa-3_jpg.rf.d87b3b05d0b1cd1a7c9089b7ab22742f.jpg,640,640,gun,92,198,572,514,480,316
knife_892_jpg.rf.d82696b04c8e3049253999074e0bbc22.jpg,640,640,knife,64,502,132,639,68,137
99_jpg.rf.d8671263328409eaeb85cb352b2b7e30.jpg,640,640,knife,243,231,612,492,369,261
null_image.jpg,640,640,,,,,,0,0
gun_2_1_1__0012590_jpg.rf.d82037ce86e7a674e177f612d89d898a.jpg,640,640,gun,174,372,217,415,43,43
knife_464_jpg.rf.d8715bb34f6e4ca47fc48a62d192d691.jpg,640,640,knife,345,106,629,285,284,179
knife_1072_jpg.rf.d885143203654a654f8b00b73b0661cb.jpg,640,640,knife,88,5,380,639,292,634
knife_207_jpg.rf.d887e1e1a91b3a64f01826ce18b5749d.jpg,640,640,knife,121,76,640,521,519,445
knife_421_jpg.rf.d7fad62a6b016bc4d7f734ec29c2c483.jpg,640,640,knife,290,223,620,617,330,394
knife_826_jpg.rf.d8b51a3cb85ff8470d50d51ac3d37fff.jpg,640,640,knife,139,471,279,551,140,80
batch_116_jpg.rf.d8911cc9d39c071aca0f6d22b8d0c669.jpg,640,640,knife,162,149,294,277,132,128
batch_116_jpg.rf.d8911cc9d39c071aca0f6d22b8d0c669.jpg,640,640,knife,481,206,506,228,25,22
batch_116_jpg.rf.d8911cc9d39c071aca0f6d22b8d0c669.jpg,640,640,knife,256,442,311,489,55,47
batch_116_jpg.rf.d8911cc9d39c071aca0f6d22b8d0c669.jpg,640,640,knife,409,463,478,601,69,138
null_image.jpg,640,640,,,,,,0,0
DefenseKnifeAttack0898_jpg.rf.d85451ff2f46f516e1373a68bccd2e61.jpg,640,640,knife,99,499,183,556,84,57
2022-04-21_562_jpg.rf.d8ac0e597576256fa2c8ed0837560e23.jpg,640,640,knife,291,512,314,586,23,74
HebrewH_112_jpg.rf.d89d667fb7b977c6484b4c980e8b5acd.jpg,640,640,gun,45,183,99,260,54,77
HebrewH_112_jpg.rf.d89d667fb7b977c6484b4c980e8b5acd.jpg,640,640,gun,534,286,582,380,48,94
HebrewH_112_jpg.rf.d89d667fb7b977c6484b4c980e8b5acd.jpg,640,640,gun,566,268,627,361,61,93
batch_167_jpg.rf.d8cadc2f8e5b418977ddac3b974581a3.jpg,640,640,knife,19,334,287,629,268,295
batch_167_jpg.rf.d8cadc2f8e5b418977ddac3b974581a3.jpg,640,640,knife,326,370,610,603,284,233
batch_167_jpg.rf.d8cadc2f8e5b418977ddac3b974581a3.jpg,640,640,knife,337,13,607,307,270,294
null_image.jpg,640,640,,,,,,0,0
KravMagaKnifeDefenseTechniques232_jpg.rf.d895607e1513f15b6efb286af8d80a52.jpg,640,640,knife,234,236,321,339,87,103
67_jpg.rf.d8ce42fdfa7c8499898b5961071b4141.jpg,640,640,knife,148,442,174,529,26,87
knife_902_jpg.rf.d8cb06d608dee73a04aeae54dd873fcb.jpg,640,640,knife,65,352,140,534,75,182
KravMagaKnifeDefenseTechniques192_jpg.rf.d9034b2ce367dc06ad7e52d4b140f17a.jpg,640,640,knife,243,237,335,329,92,92
batch_24_jpg.rf.d914a483534e4fd61b465d74a63f0ac0.jpg,640,640,knife,198,15,223,47,25,32
batch_24_jpg.rf.d914a483534e4fd61b465d74a63f0ac0.jpg,640,640,knife,322,39,464,172,142,133
batch_24_jpg.rf.d914a483534e4fd61b465d74a63f0ac0.jpg,640,640,knife,204,462,319,634,115,172
batch_24_jpg.rf.d914a483534e4fd61b465d74a63f0ac0.jpg,640,640,knife,106,479,212,632,106,153
batch_24_jpg.rf.d914a483534e4fd61b465d74a63f0ac0.jpg,640,640,knife,479,428,630,582,151,154
knife_1040_jpg.rf.d9210ff137d4c6a71b3379f1f5e3959e.jpg,640,640,knife,71,442,232,605,161,163
Outside_the_Law-Beretta92-5_jpg.rf.d92f177c6016d5182c41413e0e57cecc.jpg,640,640,gun,115,225,369,607,254,382
102391218_654_jpg.rf.d970d46519411c4b5d780b0a17a2ecd1.jpg,640,640,gun,427,196,451,238,24,42
2022-04-15_56_jpg.rf.d926c3f250f032a77472c9f4d58d3809.jpg,640,640,knife,305,328,352,380,47,52
101120308_5478_jpg.rf.d91b01785c39eca400ceb46c5679f307.jpg,640,640,gun,159,175,377,552,218,377
knife_304_jpg.rf.d914f24589ce8158afbe7cdf694671a7.jpg,640,640,knife,4,0,267,272,263,272
RundownS-W10HB-2_jpg.rf.d9354a918c86a3168050af7e75eed8e1.jpg,640,640,gun,347,169,480,406,133,237
1011193737_1824_jpg.rf.d8cb67ac4b8079af949c04f6a07c3560.jpg,640,640,gun,297,36,625,439,328,403
1011193737_1824_jpg.rf.d8cb67ac4b8079af949c04f6a07c3560.jpg,640,640,gun,0,238,459,639,459,401
127_jpg.rf.d9bdb7d50fb078bd476f3a52766b41ef.jpg,640,640,knife,432,80,494,514,62,434
OVCJ-Revolver-7_jpg.rf.d9c267f1db61f476ff8822c50ee34470.jpg,640,640,gun,125,520,218,639,93,119
22_jpg.rf.d992cf6a3a1f1ae30e872c0bf79db92c.jpg,640,640,knife,308,469,335,511,27,42
DefenseKnifeAttack0824_jpg.rf.d9d96e569372e532046f90c9ec92f885.jpg,640,640,knife,269,408,345,546,76,138
knife_1231_jpg.rf.d9afe87fb0b3d1bd064db4a06ffa2d98.jpg,640,640,knife,300,295,366,374,66,79
6_22_4_0001044_jpg.rf.d992e969a1e54bacbee6f2d1808f11dd.jpg,640,640,gun,452,308,494,400,42,92
DSC_00131_JPG_jpg.rf.d9c014447a62c134e46562251a56a058.jpg,640,640,knife,299,491,346,517,47,26
knife_1177_jpg.rf.d9d9355bc617d1ac5a951aca4f3850b6.jpg,640,640,knife,302,451,383,529,81,78
2022-04-15_72_jpg.rf.d9bfe2457538afd16a57a78a34612b63.jpg,640,640,knife,303,474,339,520,36,46
KravMagaKnifeDefenseTechniques104_jpg.rf.d9089de5a779bbf8a5dc6d31caeec588.jpg,640,640,knife,163,243,228,334,65,91
102512551_212_jpg.rf.d970b606d04525a8d8ec4e9063b7b100.jpg,640,640,gun,127,405,444,624,317,219
batch_294_jpg.rf.d9ec1faceb3a1dcbccdbdab5b5460874.jpg,640,640,knife,154,121,173,200,19,79
batch_294_jpg.rf.d9ec1faceb3a1dcbccdbdab5b5460874.jpg,640,640,knife,462,198,502,220,40,22
batch_294_jpg.rf.d9ec1faceb3a1dcbccdbdab5b5460874.jpg,640,640,knife,142,518,182,540,40,22
batch_294_jpg.rf.d9ec1faceb3a1dcbccdbdab5b5460874.jpg,640,640,knife,447,545,483,564,36,19
111322732_47_jpg.rf.d8a55cd687631c9d2f51b7b4c4c263e9.jpg,640,640,gun,184,383,250,477,66,94
Avenging_Force-Beretta92-6_jpg.rf.d9baec505c75cd70d5352235842a8fe9.jpg,640,640,gun,64,311,220,542,156,231
gun1_4m_static_0002048_jpg.rf.d9c60350fd466a7fc7665222cc6fbb9d.jpg,640,640,gun,370,305,394,427,24,122
2962739_02__180372_jpg.rf.d948f5912ddec84d6bfd636819e30c1b.jpg,640,640,gun,186,383,229,477,43,94
6_22_2_0007512_jpg.rf.d9ede4f5edee2e897155348c634903d3.jpg,640,640,gun,221,324,296,432,75,108
knife_482_jpg.rf.d9f16244f28a1d34052a73c5e90e55fa.jpg,640,640,knife,324,39,488,374,164,335
102313227_7422_jpg.rf.da22150d0e3d5ca7dfbb4fabfb9f39aa.jpg,640,640,gun,408,106,436,168,28,62
30_jpg.rf.d9ef8d3ce67afd16f505b17043d4d46f.jpg,640,640,knife,132,334,228,465,96,131
6_22_4_0010360_jpg.rf.da48e9d412690649b9e81fcc31ec57ce.jpg,640,640,gun,204,125,248,188,44,63
6_22_3_0002616_jpg.rf.da114d2597cc1514e7972f3e17932354.jpg,640,640,gun,334,179,390,350,56,171
247_jpg.rf.da1fbaa2f459a80aabcd862773437e76.jpg,640,640,knife,366,131,449,525,83,394
2022-04-15_31_jpg.rf.da22a7058bae077b9c9c1a54722ada8b.jpg,640,640,knife,348,349,395,403,47,54
BlueI_19_jpg.rf.da01c77719f599debc04bc5000018e06.jpg,640,640,gun,215,320,375,564,160,244
BlueI_19_jpg.rf.da01c77719f599debc04bc5000018e06.jpg,640,640,gun,334,288,486,495,152,207
BlueI_19_jpg.rf.da01c77719f599debc04bc5000018e06.jpg,640,640,gun,424,233,563,448,139,215
BlueI_19_jpg.rf.da01c77719f599debc04bc5000018e06.jpg,640,640,gun,518,207,637,388,119,181
gun_3_2_1__0001760_jpg.rf.da4e57a407c1d4daa7a44adfbbd7ad52.jpg,640,640,gun,154,282,233,596,79,314
knife_1125_jpg.rf.da63c061542168f78498fbf9b5143cac.jpg,640,640,knife,133,75,317,399,184,324
6_22_3_0002228_jpg.rf.da26a14ef0728f8f441dd0381369b7ef.jpg,640,640,gun,209,81,251,193,42,112
gun_2_1_1__0006175_jpg.rf.da4b2f0914aee553534a57fb8d24d05f.jpg,640,640,gun,422,339,463,376,41,37
ECPEF-011_jpg.rf.da7e9330096fe4f550d3d0858761cbc5.jpg,640,640,gun,229,326,357,580,128,254
6_22_4_0003344_jpg.rf.da6657c8bfd983eecc06e19059e26e66.jpg,640,640,gun,297,239,346,315,49,76
274_jpg.rf.da971f5aacc16d54a7b109be850dc780.jpg,640,640,knife,126,466,252,554,126,88
TAND-001_jpg.rf.da1fcfb5ef04d9ee8d561afc203fe759.jpg,640,640,gun,262,167,594,582,332,415
knife_625_jpg.rf.daa2e8096058b0b0712e44c39a3cd444.jpg,640,640,knife,393,137,445,421,52,284
2022-04-15_103_jpg.rf.da7303bdf651c3b9b4919458d6940d85.jpg,640,640,knife,300,498,325,580,25,82
UWA_102_jpg.rf.da85ee5b88cf58d01ef70e0ad7d87157.jpg,640,640,gun,375,68,476,361,101,293
6_22_1_0001704_jpg.rf.da7819f448e36ad9a65690dcce4cec17.jpg,640,640,gun,291,96,427,236,136,140
7_7_asd_00144636_jpg.rf.da6eba81c9c4a59931eaa3d20975a34d.jpg,640,640,gun,96,222,155,276,59,54
Bear_Island-M1911-4_jpg.rf.da8280a5f96b068ef3d6936d0efc5c13.jpg,640,640,gun,287,196,406,598,119,402
99_jpg.rf.da12df24980fcaf6616f55a4d247a577.jpg,640,640,knife,251,388,291,432,40,44
DefenseKnifeAttack0091_jpg.rf.da666ac612e47c1e8c93de9ba23ed770.jpg,640,640,knife,280,445,332,477,52,32
1011133951_34_jpg.rf.da84d1416670b2140704e081af0a9eed.jpg,640,640,gun,388,198,630,382,242,184
Dil-1911f_jpg.rf.da9c5d2603dc7624c3963e6ca4f43285.jpg,640,640,gun,21,265,179,471,158,206
Dil-1911f_jpg.rf.da9c5d2603dc7624c3963e6ca4f43285.jpg,640,640,gun,468,465,525,597,57,132
gun_4m_static_0002640_jpg.rf.da40be5a5b8ce169cff673718fd5e860.jpg,640,640,gun,398,247,452,389,54,142
Taxi-sw29e_jpg.rf.da0faa3eb66ed2a38ff2eaa008f5c93d.jpg,640,640,gun,187,96,308,356,121,260
knife_1035_jpg.rf.daa03ec6daaa3e940d25952f97a8e12d.jpg,640,640,knife,89,343,237,494,148,151
Kazachya_zastava-Winchester95-1_jpg.rf.dab6ab581410a2cb6251c2d6daf30058.jpg,640,640,gun,230,5,384,629,154,624
Kavkazskiy_plennik-SMLE-1_jpg.rf.daa491c62259439beb657696507863e9.jpg,640,640,gun,177,99,308,638,131,539
KravMagaTraining4401_jpg.rf.dab4f2ecbac2cbc346b27cbfacaf7c13.jpg,640,640,knife,272,220,320,340,48,120
Ace_ventura_s-w_4_jpg.rf.dae1eac56da7fa394d298bbda4c0cab5.jpg,640,640,gun,299,164,459,472,160,308
null_image.jpg,640,640,,,,,,0,0
gun_3_1_1__0001980_jpg.rf.dacfefee2edd2812e54a8a8972833d28.jpg,640,640,gun,260,380,306,537,46,157
BKS11-PPT-11_jpg.rf.dada61e123b024246a9d0f8ba6d244ee.jpg,640,640,gun,93,125,285,633,192,508
00000378_jpg.rf.db670e28e1b1f6442ec4f1af76671a42.jpg,640,640,gun,184,282,505,470,321,188
Mafia_DS_02_jpg.rf.db17fbdada81dd5293d6a29af172e856.jpg,640,640,gun,264,342,344,615,80,273
RusoClases005_jpg.rf.db52ca6e72df555a63a9ce85bb6fce90.jpg,640,640,knife,243,192,294,277,51,85
Mission99-PT99-1_jpg.rf.db0ca663a2c24079c61fdb261d955082.jpg,640,640,gun,419,134,489,281,70,147
gun_6m_static_0002552_jpg.rf.dacd77b7aaa692fe678a3cddf9b124f0.jpg,640,640,gun,305,202,322,273,17,71
null_image.jpg,640,640,,,,,,0,0
6_22_4_0007228_jpg.rf.db8b44ed8efbe4efa7414c56aa35c30e.jpg,640,640,gun,398,100,437,188,39,88
11_12_1007_jpg.rf.db0717249d0ec482c5bdf98c8012e53b.jpg,640,640,gun,16,17,637,623,621,606
1649338732-1588159_jpg.rf.db0fe00603806107becce4b7d12a0598.jpg,640,640,knife,297,122,380,639,83,517
Krushenie_emirata-Nagant-3_jpg.rf.db7608c9d14c68925ef50b938588ee35.jpg,640,640,gun,86,3,520,440,434,437
knife_749_jpg.rf.db117657e6874efa4c1b706cd40356a1.jpg,640,640,knife,311,186,403,479,92,293
1649338735-836655_jpg.rf.db395cd17d003ce90e0ce4934d1fd7b6.jpg,640,640,knife,268,317,365,638,97,321
6_22_4_0002400_jpg.rf.daea5ca684bb07cc8a0d4d68b9ce4fd5.jpg,640,640,gun,167,89,217,259,50,170
KnifeDefenseKrav184_jpg.rf.db78f8e5eb68bc23aac25412c310180e.jpg,640,640,knife,431,42,486,105,55,63
Nb-shotgun3_jpg.rf.db79f391f355a85e3b8675558b56638b.jpg,640,640,gun,412,140,513,308,101,168
knife_489_jpg.rf.db1fec2f883a062942798e0a642b60cd.jpg,640,640,knife,31,213,512,410,481,197
gun_4m_static_0000704_jpg.rf.db105b2dc83f01fc51563f52c1861cca.jpg,640,640,gun,110,143,153,283,43,140
NTFD_P250-4_jpg.rf.db981934fef7e22ade34639d647b4cfa.jpg,640,640,gun,216,0,431,264,215,264
knife_904_jpg.rf.dbb421ce3067cc6e14e5ec76f8a6b24f.jpg,640,640,knife,78,404,138,561,60,157
gun_3_1_1__0003224_jpg.rf.db9a0897ed8a1176f5c3c35d7f78c9c4.jpg,640,640,gun,206,341,264,561,58,220
11_12_2865_jpg.rf.dbadf0d5f2aca36ed2303647838aa67e.jpg,640,640,gun,16,11,616,544,600,533
RusoClases434_jpg.rf.db1e54827eeb5b0ba9988f2c1299746b.jpg,640,640,knife,254,380,317,428,63,48
10_jpg.rf.dbb6294152f4ed77fc7fc03e8bafcb24.jpg,640,640,knife,286,31,411,640,125,609
batch_212_jpg.rf.db8c008018dc540b41255e3dff1b1ea1.jpg,640,640,gun,223,127,252,166,29,39
batch_212_jpg.rf.db8c008018dc540b41255e3dff1b1ea1.jpg,640,640,gun,326,7,635,301,309,294
batch_212_jpg.rf.db8c008018dc540b41255e3dff1b1ea1.jpg,640,640,gun,6,332,315,623,309,291
batch_212_jpg.rf.db8c008018dc540b41255e3dff1b1ea1.jpg,640,640,gun,384,368,589,497,205,129
batch_212_jpg.rf.db8c008018dc540b41255e3dff1b1ea1.jpg,640,640,gun,391,532,577,639,186,107
knife_381_jpg.rf.dc1ba5eaa27dd0f7716dcdd463926287.jpg,640,640,knife,18,364,339,617,321,253
KravMagaKnifeDefenseTechniques098_jpg.rf.dbdea23177ed29799ff13cdaa35564d0.jpg,640,640,knife,254,400,332,463,78,63
1014155228_5064_jpg.rf.dbdc8406fe966b8ad96064439c5b228d.jpg,640,640,gun,247,441,346,607,99,166
1021102058_4137_jpg.rf.dc1e0f85185848ec392d3c1b7c842195.jpg,640,640,gun,41,170,166,354,125,184
1024164943_34_jpg.rf.dc1970f855d05efcc383be0a6b7f4af1.jpg,640,640,gun,58,397,211,568,153,171
194_jpg.rf.dba961ff2a151eba977ad6db8dc53b1f.jpg,640,640,knife,291,319,315,403,24,84
SWBodyguard_jpg.rf.dc1dcccf1c7854c4577998fecbf8ba33.jpg,640,640,gun,2,8,611,605,609,597
KravMagaTraining720_jpg.rf.dbe2890abb54a176e0a82799089b44a2.jpg,640,640,knife,377,177,429,269,52,92
Avalonradom2_jpg.rf.dc55277c59bee81dbc1c7bd0a0d1153f.jpg,640,640,gun,212,270,282,374,70,104
knife_85_jpg.rf.db4fd9fcbcfad6f44026457724c5328e.jpg,640,640,knife,17,38,287,232,270,194
KravMagaTraining20342_jpg.rf.daf870fcbfeb2e637ce67757d29457d3.jpg,640,640,knife,397,423,477,468,80,45
gun_3_1_1__0002164_jpg.rf.dc953b317b351bc87eb5f806ed5a75ee.jpg,640,640,gun,306,214,353,428,47,214
4407_jpg.rf.dc37bffedbe164bf273303002f175b54.jpg,640,640,knife,539,168,565,286,26,118
6_22_3_0001744_jpg.rf.dc06c99b807bda7760119334f2491f70.jpg,640,640,gun,114,235,233,370,119,135
10239103_507_jpg.rf.dc8daf5d2b5018dcc3e69c06fe0a6704.jpg,640,640,gun,447,232,477,278,30,46
Le_deuxieme_souffle-Browning03-2_jpg.rf.dc2bf8fca83c9ca68f22d81ab5f80e47.jpg,640,640,gun,141,516,265,636,124,120
6_22_3_0001736_jpg.rf.dbb7502fbc1381f3d6364c68cac219d2.jpg,640,640,gun,163,62,243,274,80,212
knife_236_jpg.rf.dc85a1226eab58e6d6d2398316c36900.jpg,640,640,knife,45,140,417,529,372,389
6_22_2_0007008_jpg.rf.dc0f853bf31fedfeebd0c4de840262b5.jpg,640,640,gun,143,233,194,333,51,100
107432_00__05950_jpg.rf.dc1ed1803b00a05d76c38e15e17ced18.jpg,640,640,gun,186,431,254,559,68,128
batch_186_jpg.rf.dbde6d9ac06b2dc9ee5462df2564ce05.jpg,640,640,gun,7,4,308,310,301,306
batch_186_jpg.rf.dbde6d9ac06b2dc9ee5462df2564ce05.jpg,640,640,gun,529,200,581,281,52,81
batch_186_jpg.rf.dbde6d9ac06b2dc9ee5462df2564ce05.jpg,640,640,gun,0,401,44,499,44,98
batch_186_jpg.rf.dbde6d9ac06b2dc9ee5462df2564ce05.jpg,640,640,gun,89,436,150,553,61,117
batch_186_jpg.rf.dbde6d9ac06b2dc9ee5462df2564ce05.jpg,640,640,gun,324,324,627,626,303,302
2022-04-15_137_jpg.rf.dc3dfe90ac4614a1aefec36bcad6d3bd.jpg,640,640,knife,363,548,411,579,48,31
47_jpg.rf.dca1c8809c9110a1bb231e8c79b4c410.jpg,640,640,knife,271,391,295,486,24,95
gun_7m_static_0000960_jpg.rf.dc80b24ec7c3f089ed5bfb09816c2b8c.jpg,640,640,gun,439,136,483,202,44,66
MiB-VY-003_jpg.rf.dc5795242e0c807f831ef025fc9831b2.jpg,640,640,gun,94,230,462,378,368,148
KravMagaKnifeDefenseTechniques773_jpg.rf.dc3cac3041d774d91bd4cbee1c6e65a1.jpg,640,640,knife,257,411,341,469,84,58
4403_jpg.rf.dcbc30fd0fc8c7afe12e548a3f38feae.jpg,640,640,knife,535,176,568,293,33,117
batch_143_jpg.rf.dca6c17d9b2a34b86073d6fcca7d90df.jpg,640,640,knife,54,197,97,231,43,34
batch_143_jpg.rf.dca6c17d9b2a34b86073d6fcca7d90df.jpg,640,640,knife,469,182,513,242,44,60
batch_143_jpg.rf.dca6c17d9b2a34b86073d6fcca7d90df.jpg,640,640,knife,71,425,114,458,43,33
batch_143_jpg.rf.dca6c17d9b2a34b86073d6fcca7d90df.jpg,640,640,knife,441,421,480,446,39,25
98_jpg.rf.dcbc06607c518f824e6c1d0c86617d29.jpg,640,640,knife,287,263,456,459,169,196
The_Island_of_Dr-_Moreau_1977-Rifle-8_jpg.rf.dc9b7768b069fdb52670a114644e190f.jpg,640,640,gun,165,404,561,564,396,160
6_22_4_0001684_jpg.rf.dc1604d2efa3bba2ff461fc02bdf8eb9.jpg,640,640,gun,306,199,362,282,56,83
null_image.jpg,640,640,,,,,,0,0
KravMagaKnifeDefenseTechniques765_jpg.rf.dcfc6a9b5a16e414c7f48c8894839a1a.jpg,640,640,knife,236,418,328,496,92,78
gun_3_1_1__0000744_jpg.rf.dd1fbb5fdb2c8468ee93d04a8c650a54.jpg,640,640,gun,233,320,289,484,56,164
102515442_692_jpg.rf.dcf37378e802f7dfbcb9f6601035d239.jpg,640,640,gun,93,247,200,394,107,147
knife_379_jpg.rf.dccdce2d25039fc5c27f52b7333c8faf.jpg,640,640,knife,19,269,333,640,314,371
knife_468_jpg.rf.dd68c5038592812b21d982aaf0d7452c.jpg,640,640,knife,11,252,300,574,289,322
Blckd-cpp3_jpg.rf.dc7f9e374cd94b5f1f6c51ea69cf4a5e.jpg,640,640,gun,266,531,368,639,102,108
PB98_Redhawk_01_jpg.rf.dda101c8071fe2bf86d39ad6b48dc02d.jpg,640,640,gun,278,34,410,443,132,409
KravMagaTraining4189_jpg.rf.dce223f557e1bd976e2687194cda8619.jpg,640,640,knife,259,49,319,197,60,148
KravMagaKnifeDefenseTechniques048_jpg.rf.dd827615de88cb0050f7030583dd8fe5.jpg,640,640,knife,299,322,367,388,68,66
knife_508_jpg.rf.dd9ccdd93cd4f224889322107e705ec3.jpg,640,640,knife,97,311,554,583,457,272
102413610_4762_jpg.rf.ddcd7120900fb50b53a8f06523328a8f.jpg,640,640,gun,281,124,540,639,259,515
batch_155_jpg.rf.dd75e2944052a6995b02e3f43149c5b4.jpg,640,640,knife,249,44,266,116,17,72
batch_155_jpg.rf.dd75e2944052a6995b02e3f43149c5b4.jpg,640,640,knife,365,13,526,199,161,186
batch_155_jpg.rf.dd75e2944052a6995b02e3f43149c5b4.jpg,640,640,knife,203,409,258,437,55,28
batch_155_jpg.rf.dd75e2944052a6995b02e3f43149c5b4.jpg,640,640,knife,523,413,576,442,53,29
Is_Paris_Burning-P08-4_jpg.rf.dddc0f8f3ff9f8f30534a3246d02f90c.jpg,640,640,gun,218,177,322,409,104,232
knife_126_jpg.rf.dcfd04c393c5da7fa311d77b1d8030ca.jpg,640,640,knife,13,102,630,556,617,454
CAWS_G19_jpg.rf.dd47f21e663903b2bc2ef0fcf3662884.jpg,640,640,gun,389,271,455,429,66,158
KravMagaTraining614_jpg.rf.dcfe1b7ba79a35538945373dd852d525.jpg,640,640,knife,300,328,322,477,22,149
102391337_741_jpg.rf.dceaea120b50c7b5b58f9491c65f8f3e.jpg,640,640,gun,359,172,390,230,31,58
DSC_0065_JPG_jpg.rf.dd27377d6d80a74017fe585e9da556c3.jpg,640,640,knife,230,462,342,585,112,123
A_Force_of_One-Revolver-7_jpg.rf.dcfb6d78a7af35b85fab19d438f59149.jpg,640,640,gun,305,338,351,507,46,169
knife_27_jpg.rf.dd98b39558e3d671b121757fa89f3225.jpg,640,640,knife,292,203,548,603,256,400
null_image.jpg,640,640,,,,,,0,0
101515509_2154_jpg.rf.ddee31077f632b6a4219872a37b88538.jpg,640,640,gun,448,184,576,309,128,125
6_22_4_0009048_jpg.rf.de0e2ee6731e85fdb9b1f18e17d8a0f0.jpg,640,640,gun,241,49,264,167,23,118
243_jpg.rf.ddf0b40f286931fc16c70e609b6ba956.jpg,640,640,knife,392,94,454,474,62,380
null_image.jpg,640,640,,,,,,0,0
2022-04-15_111_jpg.rf.de12cf37cb0eda94ebe65d856ada3252.jpg,640,640,knife,346,392,406,451,60,59
KravMagaKnifeDefenseTechniques192_jpg.rf.ddf7298085e904000562e992b7cc5366.jpg,640,640,knife,243,237,335,329,92,92
KravMagaTraining4400_jpg.rf.de148bf6eb3b80a60391c4c37d114cb6.jpg,640,640,knife,288,231,342,362,54,131
gun_6m_static_0002360_jpg.rf.de1bd9e8263daa1887577a0809c19dcb.jpg,640,640,gun,311,95,337,204,26,109
KravMagaKnifeDefenseTechniques082_jpg.rf.dd91c7ae6b491a1b601734cd008e8739.jpg,640,640,knife,271,352,348,414,77,62
Big_Money_police_revolver_2_jpg.rf.de2417905e27fbe5e50d76b030eefeb1.jpg,640,640,gun,222,479,353,626,131,147
DSC_00261_JPG_jpg.rf.dda47f797663bbd25d05b2f613ac05df.jpg,640,640,knife,287,306,360,353,73,47
BattlegroundM4A1-4-_jpg.rf.de38bdee123d387e7f4cc54b7619f5da.jpg,640,640,gun,257,22,516,603,259,581
knife_447_jpg.rf.de5718295335b2533a795668c27ab157.jpg,640,640,knife,97,374,355,588,258,214
knife_447_jpg.rf.de5718295335b2533a795668c27ab157.jpg,640,640,knife,74,271,294,423,220,152
knife_447_jpg.rf.de5718295335b2533a795668c27ab157.jpg,640,640,knife,51,174,252,312,201,138
KravMagaKnifeDefenseTechniques223_jpg.rf.de1ddebc8d3aad1db53308344c3c32f3.jpg,640,640,knife,254,246,342,342,88,96
BloodBrothers2007_S80_01_jpg.rf.de7718477226d6ca6a8a84b1eabc6ef1.jpg,640,640,gun,261,289,380,471,119,182
KravMagaTraining691_jpg.rf.dd91049d5c33595a716823a03936a8bc.jpg,640,640,knife,338,270,363,412,25,142
Unthinkable_M4A1_3_jpg.rf.de31ed51935fc389890b4ab267af4699.jpg,640,640,gun,114,147,306,419,192,272
138_jpg.rf.de3b8a10b632df754280b9bd7a100094.jpg,640,640,knife,269,371,477,505,208,134
206_jpg.rf.de2cff688d8a7dfb894b4ce1d3d445c6.jpg,640,640,knife,312,80,445,369,133,289
gun_2_1_1__0004345_jpg.rf.deb4c57d94b76adf22a0260de9772545.jpg,640,640,gun,170,288,201,339,31,51
134_jpg.rf.dde939c291f216e057204cde8f0f432a.jpg,640,640,knife,291,342,315,476,24,134
Unleashed-002_jpg.rf.de7a22a30c6cf6536de373d761156871.jpg,640,640,gun,289,111,368,416,79,305
La_citta_sconvolta-Revolver-1_jpg.rf.dde81f48033e6af082401de3f5947baa.jpg,640,640,gun,297,141,479,527,182,386
batch_401_jpg.rf.dec000ee42536c2f0f9f7e98cbf65aa5.jpg,640,640,gun,86,107,308,305,222,198
batch_401_jpg.rf.dec000ee42536c2f0f9f7e98cbf65aa5.jpg,640,640,gun,354,167,414,276,60,109
batch_401_jpg.rf.dec000ee42536c2f0f9f7e98cbf65aa5.jpg,640,640,gun,189,495,245,615,56,120
batch_401_jpg.rf.dec000ee42536c2f0f9f7e98cbf65aa5.jpg,640,640,gun,496,463,571,540,75,77
140_jpg.rf.de9d653e20b67b9d5413dca8ae42ab57.jpg,640,640,knife,312,36,414,207,102,171
knife_152_jpg.rf.de49874afe7ce82a510cdf43aab86ddd.jpg,640,640,knife,26,55,595,638,569,583
112_jpg.rf.de4a2bf0fef6a939cd3b7e155b1ba84b.jpg,640,640,knife,242,368,459,629,217,261
152_jpg.rf.de9724c81596cf5dacd035398bed6c9e.jpg,640,640,knife,263,109,468,366,205,257
DNK-DI-MPM-1_jpg.rf.deced217920de609c5a9976972ea7c05.jpg,640,640,gun,168,113,331,623,163,510
19_jpg.rf.dea9d100a9f8c026209b50a36b442810.jpg,640,640,knife,299,32,425,614,126,582
McQBrowningHi-Power_jpg.rf.de683f7948b24f835292b48dbd885103.jpg,640,640,gun,69,88,567,569,498,481
Breakout-Rifle-7_jpg.rf.de9c47d3752107f5dd77dd84d71962d7.jpg,640,640,gun,190,15,414,269,224,254
batch_162_jpg.rf.dec6eb97bf48b9efa86e18dd9dd36f66.jpg,640,640,knife,114,164,127,211,13,47
batch_162_jpg.rf.dec6eb97bf48b9efa86e18dd9dd36f66.jpg,640,640,knife,391,35,540,233,149,198
batch_162_jpg.rf.dec6eb97bf48b9efa86e18dd9dd36f66.jpg,640,640,knife,9,321,122,639,113,318
batch_162_jpg.rf.dec6eb97bf48b9efa86e18dd9dd36f66.jpg,640,640,knife,415,465,482,612,67,147
batch_99_jpg.rf.dee6634fc109077cad0b3001238f4f9c.jpg,640,640,gun,176,143,211,228,35,85
batch_99_jpg.rf.dee6634fc109077cad0b3001238f4f9c.jpg,640,640,gun,495,197,526,253,31,56
batch_99_jpg.rf.dee6634fc109077cad0b3001238f4f9c.jpg,640,640,gun,161,538,195,584,34,46
batch_99_jpg.rf.dee6634fc109077cad0b3001238f4f9c.jpg,640,640,gun,493,451,546,559,53,108
147_jpg.rf.deed4d9087701aac156ec6f9f8dfea85.jpg,640,640,knife,208,17,431,128,223,111
knife_313_jpg.rf.df049bc3eaf7dd0fda94e76c9bf384d6.jpg,640,640,knife,54,278,358,600,304,322
2022-04-15_15_jpg.rf.df0cd160e54d01a6745f56dfe43144d2.jpg,640,640,knife,363,546,408,602,45,56
203_jpg.rf.de45a5897b66f1d2a9d60165b5fc0c6f.jpg,640,640,knife,301,488,334,597,33,109
gun_3_1_1__0002824_jpg.rf.dee00b7caef243e8043cb2dd72e93473.jpg,640,640,gun,214,348,279,563,65,215
knife_1346_jpg.rf.df33958bf80f0b2ce19a588f8d69d793.jpg,640,640,knife,118,391,171,546,53,155
knife_334_jpg.rf.df20525dd3a8683c8fa7b0696cbe5b3c.jpg,640,640,knife,0,17,629,637,629,620
Missionary_Man-Taurus-8_jpg.rf.dedb405376784d3260fdb4e9ad96795f.jpg,640,640,gun,338,186,420,319,82,133
Beretta_M1915_jpg.rf.decdc2bc54f738923656922bf5bbfe43.jpg,640,640,gun,5,8,634,629,629,621
DABerettaNG3_jpg.rf.df25c5e42f0c3fad57377dd05f540583.jpg,640,640,gun,215,101,354,425,139,324
63_jpg.rf.df3f8c7b6f5666f18b831e3940b26a2b.jpg,640,640,knife,234,297,265,372,31,75
KravMagaTraining20179_jpg.rf.df5888ff90abf0a893b92824cafa8e26.jpg,640,640,knife,161,471,237,534,76,63
knife_1324_jpg.rf.df69fc5b61988860e65f3755a59f0401.jpg,640,640,knife,348,439,435,546,87,107
BerlineFile-P99-3_jpg.rf.dee4a332d0eddbca4c551f6fe41943bb.jpg,640,640,gun,310,502,429,639,119,137
null_image.jpg,640,640,,,,,,0,0
Winchester1897TrenchTakedown_jpg.rf.df30a03395f0c16077200477371f1279.jpg,640,640,gun,1,17,635,621,634,604
batch_264_jpg.rf.df67d9826c31abdb9f9006bcd67cfd2c.jpg,640,640,gun,9,31,315,292,306,261
batch_264_jpg.rf.df67d9826c31abdb9f9006bcd67cfd2c.jpg,640,640,gun,329,28,630,293,301,265
batch_264_jpg.rf.df67d9826c31abdb9f9006bcd67cfd2c.jpg,640,640,gun,5,348,309,632,304,284
batch_264_jpg.rf.df67d9826c31abdb9f9006bcd67cfd2c.jpg,640,640,gun,319,323,637,635,318,312
knife_35_jpg.rf.df47576322a14dc7c4e64709eba17047.jpg,640,640,knife,67,32,640,581,573,549
knife_485_jpg.rf.df3f46b23a44d0cf0bd7c1bda359d339.jpg,640,640,knife,29,277,108,438,79,161
knife_485_jpg.rf.df3f46b23a44d0cf0bd7c1bda359d339.jpg,640,640,knife,534,288,608,491,74,203
JW2_218_jpg.rf.df6af5cb11425e3894ef5093db954fcb.jpg,640,640,gun,2,204,127,380,125,176
83_jpg.rf.df3973663b323010e05e5e0b50d32706.jpg,640,640,knife,214,57,431,640,217,583
knife_1290_jpg.rf.df6dc3ec00b544daa3bf72dc2e79ebd1.jpg,640,640,knife,229,218,269,357,40,139
knife36_jpg.rf.df7f32ae55cd0f24927793bd6460d37f.jpg,640,640,knife,0,257,412,620,412,363
gun_3_3_1__0002832_jpg.rf.df29d8d6ee33fb10b18751f614c12f60.jpg,640,640,gun,327,360,400,587,73,227
knife_887_jpg.rf.dee9ed81bb3dededb904c21d5bcc96de.jpg,640,640,knife,76,283,159,489,83,206
154_jpg.rf.df707b1e9db9c4d2901056bf81272de8.jpg,640,640,knife,130,298,296,391,166,93
batch_209_jpg.rf.df6e3daa98be007c165a3445f8f56103.jpg,640,640,knife,69,246,119,271,50,25
batch_209_jpg.rf.df6e3daa98be007c165a3445f8f56103.jpg,640,640,knife,454,203,491,272,37,69
batch_209_jpg.rf.df6e3daa98be007c165a3445f8f56103.jpg,640,640,knife,82,598,131,635,49,37
batch_209_jpg.rf.df6e3daa98be007c165a3445f8f56103.jpg,640,640,knife,422,551,464,615,42,64
gun_2_1_1__0008475_jpg.rf.df821a76251a08b5b5079a474b9e5868.jpg,640,640,gun,401,366,466,422,65,56
gun_4m_run_0000344_jpg.rf.df9bcc4a1a598503cf1551bb351d8e4e.jpg,640,640,gun,512,312,587,416,75,104
55_jpg.rf.dfb205df69e0dab60712817c2f2070ac.jpg,640,640,knife,305,366,346,457,41,91
HKOW-003_jpg.rf.e034a1f6bca1560ae8312ac676ae581d.jpg,640,640,gun,10,130,286,538,276,408
null_image.jpg,640,640,,,,,,0,0
89_jpg.rf.dfa9a76dd20e9f11750c3bfe3521fad8.jpg,640,640,knife,251,254,280,345,29,91
257_jpg.rf.dfc9406fc2def9765f1b45e5cfc09c39.jpg,640,640,knife,223,168,428,269,205,101
6_22_1_0004380_jpg.rf.dff870923d77b8cef3139f8f1cf346d9.jpg,640,640,gun,435,131,518,434,83,303
knife_133_jpg.rf.e028a81f64d3635900cea7a0c36ce8a1.jpg,640,640,knife,246,42,449,528,203,486
batch_272_jpg.rf.e04c8e76cd8eb4d84a1127b304be912b.jpg,640,640,gun,120,44,218,310,98,266
batch_272_jpg.rf.e04c8e76cd8eb4d84a1127b304be912b.jpg,640,640,gun,384,68,459,300,75,232
batch_272_jpg.rf.e04c8e76cd8eb4d84a1127b304be912b.jpg,640,640,gun,144,494,223,639,79,145
batch_272_jpg.rf.e04c8e76cd8eb4d84a1127b304be912b.jpg,640,640,gun,437,492,538,637,101,145
10172014_13392_jpg.rf.dfb96b18c1e78bd63e1e3590f8cc7913.jpg,640,640,gun,279,165,330,248,51,83
10172014_13392_jpg.rf.dfb96b18c1e78bd63e1e3590f8cc7913.jpg,640,640,gun,431,304,475,403,44,99
DSC_00361_JPG_jpg.rf.dfb4c768b22211760937dabb121bab7e.jpg,640,640,knife,294,182,346,196,52,14
4_jpg.rf.dfdd3e74de8ac16bbd96592396dd14d5.jpg,640,640,knife,265,3,477,605,212,602
gun_2_1_1__0015735_jpg.rf.dfae863d23ad7991ab7dff9c35b2a1ec.jpg,640,640,gun,230,369,279,416,49,47
sharpenKnife039_jpg.rf.e07e16552c75104d03a50a9a91be74ee.jpg,640,640,knife,236,481,387,571,151,90
gun_3_2_1__0000608_jpg.rf.e05a0cc62fdc51c63103b725a993ae7c.jpg,640,640,gun,220,102,283,409,63,307
IMI-ROMAT-PS_jpg.rf.df7b3780dda56ebfc477cc9b3680913c.jpg,640,640,gun,193,181,633,626,440,445
batch_228_jpg.rf.e0142c4602721d97f0b3dac6efde67f7.jpg,640,640,gun,149,144,212,252,63,108
batch_228_jpg.rf.e0142c4602721d97f0b3dac6efde67f7.jpg,640,640,gun,457,131,604,294,147,163
batch_228_jpg.rf.e0142c4602721d97f0b3dac6efde67f7.jpg,640,640,gun,13,455,165,638,152,183
batch_228_jpg.rf.e0142c4602721d97f0b3dac6efde67f7.jpg,640,640,gun,462,412,469,427,7,15
batch_228_jpg.rf.e0142c4602721d97f0b3dac6efde67f7.jpg,640,640,gun,507,431,514,450,7,19
batch_228_jpg.rf.e0142c4602721d97f0b3dac6efde67f7.jpg,640,640,gun,536,495,545,512,9,17
knife_1134_jpg.rf.dfd17bdf13ccff667b847f4b74b94579.jpg,640,640,knife,448,260,489,457,41,197
DefenseKnifeAttack0209_jpg.rf.e023c9d44ef0fe9b09050ff808873ba7.jpg,640,640,knife,192,429,280,482,88,53
batch_293_jpg.rf.e03d2b3b65be63362cfd5df2cf787942.jpg,640,640,knife,49,107,309,228,260,121
batch_293_jpg.rf.e03d2b3b65be63362cfd5df2cf787942.jpg,640,640,knife,329,11,570,314,241,303
batch_293_jpg.rf.e03d2b3b65be63362cfd5df2cf787942.jpg,640,640,knife,142,530,175,571,33,41
batch_293_jpg.rf.e03d2b3b65be63362cfd5df2cf787942.jpg,640,640,knife,428,574,475,630,47,56
knife_412_jpg.rf.dfbacbc1ab7a8565790dbde517f1fc43.jpg,640,640,knife,26,51,320,312,294,261
96_jpg.rf.e0255d26e13c322f4e3fb246b9b7f75f.jpg,640,640,knife,177,237,515,523,338,286
11_12_1026_jpg.rf.e02f7008f427a10a7c33350cf462ca00.jpg,640,640,gun,28,58,536,401,508,343
KravMagaKnifeDefenseTechniques224_jpg.rf.e060698bb9c00e95245b31e2cf59159b.jpg,640,640,knife,262,233,353,336,91,103
KravMagaTraining4593_jpg.rf.e0a99bed8ca80eef84caaed4ef9036e7.jpg,640,640,knife,457,314,508,481,51,167
knife_55_jpg.rf.e0b33dff3de191d1e2f61120a1c8685f.jpg,640,640,knife,133,11,473,502,340,491
gun_3_3_1__0003936_jpg.rf.df1557c0ac46aa36bb1c33b255c70d2b.jpg,640,640,gun,213,438,258,562,45,124
DefenseKnifeAttack0681_jpg.rf.e0ad8b82a9e25919e4eefde34c8817ad.jpg,640,640,knife,264,423,316,454,52,31
knife_1044_jpg.rf.e044fb3253bdaa7b97f866d6ac50320d.jpg,640,640,knife,125,96,427,455,302,359
Pistol_Brazilian_Taurus_Raging_Bull_-44_magnum_ported_revolver_jpg.rf.e09c17d8665c83c032fd9bd70936b78a.jpg,640,640,gun,7,61,631,608,624,547
278_jpg.rf.e0f2122fc48f79424d9e09039207bd65.jpg,640,640,knife,182,243,428,431,246,188
batch_308_jpg.rf.e109a811b6f0e528a0350c0baa86a790.jpg,640,640,gun,100,49,114,75,14,26
batch_308_jpg.rf.e109a811b6f0e528a0350c0baa86a790.jpg,640,640,gun,411,130,429,180,18,50
batch_308_jpg.rf.e109a811b6f0e528a0350c0baa86a790.jpg,640,640,gun,168,576,201,639,33,63
batch_308_jpg.rf.e109a811b6f0e528a0350c0baa86a790.jpg,640,640,gun,349,469,372,567,23,98
gun1_6m_static_0000640_jpg.rf.e12128fac9aa3b3b404b6c5213446f80.jpg,640,640,gun,243,256,296,350,53,94
2022-04-21_422_jpg.rf.e15ddc710046e3e8edd5d287cb2fe1ce.jpg,640,640,knife,282,374,308,465,26,91
gun_2_1_1__0011485_jpg.rf.e0f3b1d9ab2eeba9c62395b31796f315.jpg,640,640,gun,222,361,256,399,34,38
knife_41_jpg.rf.e1406cdc469159c386cdaa395d84cd31.jpg,640,640,knife,180,126,512,637,332,511
KravMagaTraining709_jpg.rf.e18439c9da8346bcdd4d28bd5c05dd48.jpg,640,640,knife,171,381,229,474,58,93
2F2F-P226-12_jpg.rf.e08db81902643514cf5f50ce42c8f16e.jpg,640,640,gun,259,334,398,593,139,259
knife_1052_jpg.rf.e13cd69eb9930d73ded57edb0516a7ce.jpg,640,640,knife,477,246,527,464,50,218
6_22_2_0003612_jpg.rf.e1bbcfa7e2810f0f00866cc3dcade484.jpg,640,640,gun,359,188,413,256,54,68
270_jpg.rf.e0eb52c95e82d8f4b90d114aa26c916a.jpg,640,640,knife,272,500,305,614,33,114
gun_2_1_1__0008035_jpg.rf.e19403b86b7a019cb0d10e64f0382464.jpg,640,640,gun,161,313,197,352,36,39
42_jpg.rf.e0fb31bf7a8f73f1da34e12e4b9c6034.jpg,640,640,knife,243,463,269,528,26,65
11_12_655_jpg.rf.e10ed341b50deea1526ffdee43b0f11c.jpg,640,640,gun,455,382,637,637,182,255
knife_404_jpg.rf.e121d12ffb0199fb0c0dcfd74a5a4bfd.jpg,640,640,knife,119,148,460,586,341,438
null_image.jpg,640,640,,,,,,0,0
gun_2_1_1__0004790_jpg.rf.e10e8dc9b53a0880946422efb7a78711.jpg,640,640,gun,378,287,414,340,36,53
batch_323_jpg.rf.e1b15dbfd147220bb39d923162b6cba3.jpg,640,640,gun,150,151,168,180,18,29
batch_323_jpg.rf.e1b15dbfd147220bb39d923162b6cba3.jpg,640,640,gun,433,144,451,174,18,30
batch_323_jpg.rf.e1b15dbfd147220bb39d923162b6cba3.jpg,640,640,gun,76,457,88,482,12,25
batch_323_jpg.rf.e1b15dbfd147220bb39d923162b6cba3.jpg,640,640,gun,375,460,389,485,14,25
batch_170_jpg.rf.e0f2bac302a75ae6b7d74b4c0bee57d6.jpg,640,640,gun,147,232,188,274,41,42
batch_170_jpg.rf.e0f2bac302a75ae6b7d74b4c0bee57d6.jpg,640,640,gun,381,81,425,219,44,138
batch_170_jpg.rf.e0f2bac302a75ae6b7d74b4c0bee57d6.jpg,640,640,gun,56,401,94,540,38,139
batch_170_jpg.rf.e0f2bac302a75ae6b7d74b4c0bee57d6.jpg,640,640,gun,516,420,541,554,25,134
knife_456_jpg.rf.e1db855f11d5ac15b205f6949ee51a55.jpg,640,640,knife,49,276,425,619,376,343
270_jpg.rf.e1981338e873117f81152ca617fc2991.jpg,640,640,knife,214,100,448,274,234,174
null_image.jpg,640,640,,,,,,0,0
7_7_asd_00131344_jpg.rf.e118ec54aaa319d06787977246581a5d.jpg,640,640,gun,3,372,72,505,69,133
Underworld-Awakening-TaurusJudge-1_jpg.rf.e1027e36a46ea333d3aae08354b644d4.jpg,640,640,gun,337,193,448,332,111,139
147_jpg.rf.e1bfa6aa1f8c960ffb7e9003ef9ef593.jpg,640,640,knife,291,525,328,585,37,60
batch_323_jpg.rf.e1c8e7a28b9a37a07b88e1ff58526c5a.jpg,640,640,knife,120,70,140,166,20,96
batch_323_jpg.rf.e1c8e7a28b9a37a07b88e1ff58526c5a.jpg,640,640,knife,494,91,517,162,23,71
batch_323_jpg.rf.e1c8e7a28b9a37a07b88e1ff58526c5a.jpg,640,640,knife,122,404,147,493,25,89
batch_323_jpg.rf.e1c8e7a28b9a37a07b88e1ff58526c5a.jpg,640,640,knife,437,513,476,541,39,28
batch_358_jpg.rf.e1ed84de6aed035c120816d4856147c7.jpg,640,640,gun,13,9,312,270,299,261
batch_358_jpg.rf.e1ed84de6aed035c120816d4856147c7.jpg,640,640,gun,476,144,513,267,37,123
batch_358_jpg.rf.e1ed84de6aed035c120816d4856147c7.jpg,640,640,gun,162,464,204,591,42,127
batch_358_jpg.rf.e1ed84de6aed035c120816d4856147c7.jpg,640,640,gun,384,516,432,630,48,114
6_22_2_0001656_jpg.rf.e1a0dae5e5e62c7b86cdb7c3418ed1b9.jpg,640,640,gun,255,238,279,309,24,71
Never_Say_Die-Vektor-17_jpg.rf.e27b77e7feb0b779e6e7b58ae950fccb.jpg,640,640,gun,128,355,578,600,450,245
2022-04-15_67_jpg.rf.e28a7860830b47c5bbcc5c0fda66ec23.jpg,640,640,knife,225,465,271,502,46,37
knife_657_jpg.rf.e1dfb73bbe85e961ce3ac48719ac271d.jpg,640,640,knife,94,218,154,543,60,325
knife_657_jpg.rf.e1dfb73bbe85e961ce3ac48719ac271d.jpg,640,640,knife,165,68,307,638,142,570
30MoL_P228_01_jpg.rf.e230ccf18fb45bc7e24c4bf388ddea2f.jpg,640,640,gun,209,219,266,359,57,140
1024144047_4214_jpg.rf.e16c0d4969889fd33dbce0b5e8b8cc88.jpg,640,640,gun,401,157,532,304,131,147
knife_390_jpg.rf.e21e27ef0535e15387491bb3a64a2203.jpg,640,640,knife,98,45,414,387,316,342
batch_117_jpg.rf.e26973f13ee1bfd2604507e9b68911f8.jpg,640,640,gun,34,73,94,143,60,70
batch_117_jpg.rf.e26973f13ee1bfd2604507e9b68911f8.jpg,640,640,gun,349,122,527,319,178,197
batch_117_jpg.rf.e26973f13ee1bfd2604507e9b68911f8.jpg,640,640,gun,92,573,319,639,227,66
batch_117_jpg.rf.e26973f13ee1bfd2604507e9b68911f8.jpg,640,640,gun,343,421,511,639,168,218
knife_1246_jpg.rf.e205451668499ed44dff88d9ce92afcc.jpg,640,640,knife,320,264,382,426,62,162
Gun_792_jpg.rf.e1e531a9e66de939de89493b12e792cf.jpg,640,640,gun,0,16,624,624,624,608
knife_989_jpg.rf.e2370e138190df16f510d7a080efee64.jpg,640,640,knife,59,499,130,639,71,140
1649338746-4679627_jpg.rf.e29f9a13c2ae8b24e763162378a2ebb8.jpg,640,640,knife,234,77,286,640,52,563
102515747_902_jpg.rf.e2213d00be2894416c37ef3b4be3e532.jpg,640,640,gun,402,404,497,521,95,117
10723_00__04500_jpg.rf.e1d9318184fa22a963f1c38abf0107c7.jpg,640,640,gun,395,365,439,510,44,145
null_image.jpg,640,640,,,,,,0,0
DefenseKnifeAttack1071_jpg.rf.e1edb6829ef907ae32c083036f488f3c.jpg,640,640,knife,248,413,288,487,40,74
gun_3_2_1__0001404_jpg.rf.e2a57d68d3bd3ca0a027e13b2640a5a4.jpg,640,640,gun,252,238,335,551,83,313
Reb_De_Mornay-TRT_jpg.rf.e2a5a9e46b15ffd5fd26f71a46b43bba.jpg,640,640,gun,97,44,213,589,116,545
knife_1218_jpg.rf.e2d387c60d00ec4e88474f09bd7a6974.jpg,640,640,knife,311,285,359,411,48,126
knife_1218_jpg.rf.e2d387c60d00ec4e88474f09bd7a6974.jpg,640,640,knife,366,299,419,444,53,145
Colt_Gold_Cup_National_Match_-Mark_IV-_Series_80-_jpg.rf.e2cb08aeeb6eeb2884f8e19ebad4e5d7.jpg,640,640,gun,28,30,622,623,594,593
KravMagaKnifeDefenseTechniques286_jpg.rf.e2c5ac26645ab67d855c9e6782eaeafe.jpg,640,640,knife,369,293,473,383,104,90
IJKCS_Browning_HP_Screen_Used_jpg.rf.e2aced48bf2f7884d7937a741f2dc7a2.jpg,640,640,gun,42,44,591,588,549,544
knife_930_jpg.rf.e2e5b33f251299251bd88f2b26a42381.jpg,640,640,knife,96,351,158,558,62,207
KravMagaTraining4035_jpg.rf.e2a5786e32abeefd81958f430e8445ba.jpg,640,640,knife,285,402,343,483,58,81
KravMagaTraining20703_jpg.rf.e2f2d7716ad5a3c57844cf31b7b61223.jpg,640,640,knife,292,360,390,463,98,103
11_12_181_jpg.rf.e2911c231b5612ac37dc0d6a92123d32.jpg,640,640,gun,30,67,585,538,555,471
batch_111_jpg.rf.e2fd54108be5aec27e04db134a9f8af2.jpg,640,640,knife,143,6,280,92,137,86
batch_111_jpg.rf.e2fd54108be5aec27e04db134a9f8af2.jpg,640,640,knife,488,0,534,267,46,267
batch_111_jpg.rf.e2fd54108be5aec27e04db134a9f8af2.jpg,640,640,knife,122,539,142,580,20,41
batch_111_jpg.rf.e2fd54108be5aec27e04db134a9f8af2.jpg,640,640,knife,319,483,440,607,121,124
RusoClases308_jpg.rf.e2f3de217a8d922047fecf5cc68e028f.jpg,640,640,knife,285,306,309,454,24,148
knife_690_jpg.rf.e32c82ccecc783199a20a4dbb3792221.jpg,640,640,knife,291,213,455,310,164,97
Inception2_jpg.rf.e3adda90fa81b73ffc44af3ab304fd21.jpg,640,640,gun,232,204,290,420,58,216
knife_451_jpg.rf.e33e55148e971b0599eec9a5d8f9ce53.jpg,640,640,knife,363,294,635,605,272,311
6_22_4_0009348_jpg.rf.e3efa9e6a91399b1c679c4aa7b1c9f67.jpg,640,640,gun,169,148,219,211,50,63
No_Way_Back-Sauer-5_jpg.rf.e3927e161c0283613f547e5eb62832ec.jpg,640,640,gun,439,360,568,553,129,193
gun1_7m_static_0001240_jpg.rf.e33578d4e5f43ebebfeeeafef3077aaa.jpg,640,640,gun,381,252,421,337,40,85
108_jpg.rf.e3ff8384fcec5645f7bca1c1f1c2d08c.jpg,640,640,knife,374,297,488,605,114,308
gun_2_1_1__0000760_jpg.rf.e3f292e2c72bed0e9294ed49756b1b3a.jpg,640,640,gun,342,352,377,385,35,33
KravMagaKnifeDefenseTechniques155_jpg.rf.e397809f140b3eca26767d27b4333794.jpg,640,640,knife,189,147,269,237,80,90
6_22_2_0000764_jpg.rf.e4026dcffc4e2cebf56b7ce4b69fdf33.jpg,640,640,gun,314,358,360,445,46,87
knife_1053_jpg.rf.e3066f860e6367d6c164cc552055b742.jpg,640,640,knife,327,58,543,473,216,415
8_jpg.rf.e42254ecd2fe217c8bd8e32ddd43883a.jpg,640,640,knife,260,23,431,639,171,616
372_jpg.rf.e2f6f585709aea9f138202299d0b8892.jpg,640,640,knife,88,139,292,346,204,207
Gun_1753_jpg.rf.e40cefbbc0c6d0ce05ed9f2b1e839fd9.jpg,640,640,gun,428,138,570,409,142,271
KravMagaTraining253_jpg.rf.e4072c9e4c76315d2f0444444335a0bb.jpg,640,640,knife,192,40,273,146,81,106
191_jpg.rf.e408de4b9aa7e33e44c1df259cefde93.jpg,640,640,knife,334,63,432,422,98,359
37_jpg.rf.e40f257e2bbf5f6bd852692e00b1a403.jpg,640,640,knife,306,423,351,535,45,112
knife_524_jpg.rf.e3ef9aa7f2093552fdff3109bc01ce5c.jpg,640,640,knife,154,105,560,556,406,451
knife_415_jpg.rf.e3f2b9bd46b0179c6807e523bac0429f.jpg,640,640,knife,272,282,437,633,165,351
6_22_4_0010156_jpg.rf.e39d7919db7010380480ba0c206d69e7.jpg,640,640,gun,403,246,449,379,46,133
knife_516_jpg.rf.e3fe244a9305b3a16e9fff790de8d8bc.jpg,640,640,knife,83,40,337,557,254,517
67_jpg.rf.e422fe40caec94d48d63c30dc702a3c6.jpg,640,640,knife,216,355,239,440,23,85
knife_1329_jpg.rf.e3d7336523ca86f3a51f39e4317ceb59.jpg,640,640,knife,210,84,285,237,75,153
6_22_2_0007564_jpg.rf.e42ce32e95cd90627310e512aa9c95fd.jpg,640,640,gun,552,377,617,486,65,109
gun_2_1_1__0005560_jpg.rf.e39c90feec93a73625419cc4bb9f436f.jpg,640,640,gun,278,327,321,379,43,52
8-_VP70_jpg.rf.e36bae5e5925d7cf24d952f0e90d3055.jpg,640,640,gun,450,62,489,212,39,150
KravMagaKnifeDefenseTechniques713_jpg.rf.e4b40970278fdccdcb07327065504ab1.jpg,640,640,knife,288,395,374,461,86,66
knife_747_jpg.rf.e34d007dd2d72890d49bb25b9518c9fc.jpg,640,640,knife,312,161,398,456,86,295
batch_100_jpg.rf.e4df2bda9c65c2749d7adc2022be13f7.jpg,640,640,knife,39,245,77,319,38,74
batch_100_jpg.rf.e4df2bda9c65c2749d7adc2022be13f7.jpg,640,640,knife,353,192,390,276,37,84
batch_100_jpg.rf.e4df2bda9c65c2749d7adc2022be13f7.jpg,640,640,knife,115,532,161,572,46,40
batch_100_jpg.rf.e4df2bda9c65c2749d7adc2022be13f7.jpg,640,640,knife,437,528,483,568,46,40
Caboblanco_Poster2_jpg.rf.e4ded797f3b03e8db61c6f11c4fecd49.jpg,640,640,gun,429,329,623,524,194,195
knife_244_jpg.rf.e4df6ed08c32fc3722e1a86cc0eaae1d.jpg,640,640,knife,117,146,437,622,320,476
Gun_2744_jpg.rf.e4d4b5f43035b3954d10d95eca9b02ab.jpg,640,640,gun,266,91,396,248,130,157
gun_2_1_1__0005600_jpg.rf.e4dbdde79e97c29144453583be0153d6.jpg,640,640,gun,318,323,361,371,43,48
knife_702_jpg.rf.e4c5ea0e0f8f00dfea6ee4b73ced6993.jpg,640,640,knife,294,217,452,346,158,129
DefenseKnifeAttack0167_jpg.rf.e4ff38e27136209f7204643c1355c5b6.jpg,640,640,knife,196,410,291,458,95,48
21_jpg.rf.e475436b0b8e53f305b115c0d5fd1be9.jpg,640,640,knife,217,83,351,188,134,105
6_22_1_0001864_jpg.rf.e4f77a756e559d58d656fd99120dd38e.jpg,640,640,gun,284,336,446,501,162,165
11_12_1558_jpg.rf.e4cd13a39c88d1425c955f2c9910b3e7.jpg,640,640,gun,106,301,381,637,275,336
KravMagaTraining258_jpg.rf.e46154a1fec0d324e9a37e303805101d.jpg,640,640,knife,196,70,272,183,76,113
Gun_779_jpg.rf.e500930b5db4df1525acf66c0fb6a96f.jpg,640,640,gun,95,79,543,624,448,545
PBreak-00086_jpg.rf.e4932df1cf363b7386795181757a5e2d.jpg,640,640,gun,172,290,261,382,89,92
1649338712-1657195_jpg.rf.e485f6c3c7e4e60852209e2e725ab98d.jpg,640,640,knife,240,297,454,392,214,95
11_12_209_jpg.rf.e50ad1f138e61a1490943161e7e168d0.jpg,640,640,gun,4,0,628,608,624,608
batch_182_jpg.rf.e516423d9231bd8659447d1adbab31c4.jpg,640,640,gun,195,137,213,162,18,25
batch_182_jpg.rf.e516423d9231bd8659447d1adbab31c4.jpg,640,640,gun,570,134,588,168,18,34
batch_182_jpg.rf.e516423d9231bd8659447d1adbab31c4.jpg,640,640,gun,242,452,260,486,18,34
batch_182_jpg.rf.e516423d9231bd8659447d1adbab31c4.jpg,640,640,gun,472,455,491,483,19,28
1649338713-4869845_jpg.rf.e56121679f323cc97c91ad7c1227024e.jpg,640,640,knife,232,295,457,394,225,99
GunmanPx4-2_jpg.rf.e532eff521a3d8060729136db4e71967.jpg,640,640,gun,462,251,558,441,96,190
DefenseKnifeAttack0666_jpg.rf.e55bb6b1d3403bca55d41e152a601916.jpg,640,640,knife,155,224,228,591,73,367
Midnight_Man-Beretta92-24_jpg.rf.e51e16be04b016e7907d1fb90f847e7b.jpg,640,640,gun,225,135,366,446,141,311
batch_145_jpg.rf.e574ae93fd910c42ec540d2ff9bfc046.jpg,640,640,gun,227,11,262,317,35,306
batch_145_jpg.rf.e574ae93fd910c42ec540d2ff9bfc046.jpg,640,640,gun,570,165,623,224,53,59
batch_145_jpg.rf.e574ae93fd910c42ec540d2ff9bfc046.jpg,640,640,gun,123,319,151,639,28,320
batch_145_jpg.rf.e574ae93fd910c42ec540d2ff9bfc046.jpg,640,640,gun,518,366,618,455,100,89
batch_14_jpg.rf.e55a94b2826c113bb5fd8b68aa560ef1.jpg,640,640,knife,111,20,260,222,149,202
batch_14_jpg.rf.e55a94b2826c113bb5fd8b68aa560ef1.jpg,640,640,knife,405,199,548,301,143,102
batch_14_jpg.rf.e55a94b2826c113bb5fd8b68aa560ef1.jpg,640,640,knife,6,328,177,557,171,229
batch_14_jpg.rf.e55a94b2826c113bb5fd8b68aa560ef1.jpg,640,640,knife,323,338,560,532,237,194
322_jpg.rf.e57627370e56c37713ec0d6b7e41f559.jpg,640,640,knife,286,190,511,353,225,163
KravMagaKnifeDefenseTechniques377_jpg.rf.e534aab3726447ee8489aca60d3c7a28.jpg,640,640,knife,422,190,500,339,78,149
knife_137_jpg.rf.e57141461424830b2ac78c0f01bfc930.jpg,640,640,knife,39,48,468,534,429,486
batch_141_jpg.rf.e6158995fa81dd8cb4b1f37ce6dd48b9.jpg,640,640,knife,74,69,319,319,245,250
batch_141_jpg.rf.e6158995fa81dd8cb4b1f37ce6dd48b9.jpg,640,640,knife,454,17,491,52,37,35
batch_141_jpg.rf.e6158995fa81dd8cb4b1f37ce6dd48b9.jpg,640,640,knife,137,336,173,372,36,36
batch_141_jpg.rf.e6158995fa81dd8cb4b1f37ce6dd48b9.jpg,640,640,knife,459,521,488,562,29,41
Les_Aventuriers-P08-4_jpg.rf.e52107f1467acc368ea1b76897b85c61.jpg,640,640,gun,183,243,228,405,45,162
Les_Aventuriers-P08-4_jpg.rf.e52107f1467acc368ea1b76897b85c61.jpg,640,640,gun,387,425,445,613,58,188
KravMagaKnifeDefenseTechniques163_jpg.rf.e5935a88054108456c2424d8d3f30496.jpg,640,640,knife,216,168,296,264,80,96
6_22_4_0009312_jpg.rf.e5b5137a55acb7f0681b6417f21eb5c3.jpg,640,640,gun,185,140,228,201,43,61
1023123457_5532_jpg.rf.e62187ff65df4653650f922d896906b2.jpg,640,640,gun,334,252,368,301,34,49
90_jpg.rf.e5e0a8f29df72d50548cdebb8272b0ca.jpg,640,640,knife,311,523,348,592,37,69
7_7_asd_00097028_jpg.rf.e5d5f65e63184017dcdc100298d480bb.jpg,640,640,gun,71,180,187,492,116,312
DSC_0018_JPG_jpg.rf.e57f87128deae42fbde455a02ebb7adb.jpg,640,640,knife,206,357,270,431,64,74
knife_488_jpg.rf.e5fab7bb9c6c6ff27ea1843c00429400.jpg,640,640,knife,94,221,563,572,469,351
321_jpg.rf.e58e73be5e2fa631d7fdfe4b4dcf1c6d.jpg,640,640,knife,297,213,532,322,235,109
DSC_00481_JPG_jpg.rf.e5756b909853a8c1bf714cf3516e0037.jpg,640,640,knife,172,394,277,461,105,67
84_jpg.rf.e62809c033ba3cef2daf5125e0500a1f.jpg,640,640,knife,272,208,420,639,148,431
21_jpg.rf.e5b13551b02cdd8986515c1799701890.jpg,640,640,knife,212,288,440,566,228,278
batch_326_jpg.rf.e58c4dded92ebb0ce0d1c1360e5a2681.jpg,640,640,gun,134,204,160,284,26,80
batch_326_jpg.rf.e58c4dded92ebb0ce0d1c1360e5a2681.jpg,640,640,gun,396,185,427,282,31,97
batch_326_jpg.rf.e58c4dded92ebb0ce0d1c1360e5a2681.jpg,640,640,gun,146,523,187,613,41,90
batch_326_jpg.rf.e58c4dded92ebb0ce0d1c1360e5a2681.jpg,640,640,gun,432,449,461,545,29,96
DefenseAndSurvive02_jpg.rf.e61773a2065fe5abdb3b15fbdffd6cfd.jpg,640,640,knife,192,438,283,637,91,199
knife_1071_jpg.rf.e594bff69d537ca12b83238ba1a978a3.jpg,640,640,knife,210,186,284,461,74,275
11_12_1676_jpg.rf.e5f689bb90eb7c90d6a9293bc92d892a.jpg,640,640,gun,12,11,628,592,616,581
1011133951_101_jpg.rf.e6b6d2e7de9715e924944b0c6a448203.jpg,640,640,gun,309,88,433,301,124,213
Interventsiya-Nagant-1_jpg.rf.e6517447e22731806f1d8ecda9e3d25c.jpg,640,640,gun,151,194,300,479,149,285
knife_110_jpg.rf.e67db9b14a4a4d0b20cf6830e6ffcc59.jpg,640,640,knife,139,173,623,602,484,429
2022-04-15_64_jpg.rf.e6817e10c120b0cf7cd7aee825aa620b.jpg,640,640,knife,228,471,271,505,43,34
7_7_asd_00096230_jpg.rf.e6d2f1e5f4c6b4c022abdeba1ec82e67.jpg,640,640,gun,53,139,241,348,188,209
7_7_asd_00096230_jpg.rf.e6d2f1e5f4c6b4c022abdeba1ec82e67.jpg,640,640,gun,70,276,202,424,132,148
1649338705-8550577_jpg.rf.e6c1d5c49d85ee9acc7807c072deda28.jpg,640,640,knife,259,162,430,516,171,354
Bad_Blood-Glock-05_jpg.rf.e6ef54fe638ac9a110c550c1758ee7e5.jpg,640,640,gun,1,35,268,301,267,266
BrunoRemington870FieldGun2_jpg.rf.e617d92321cecb523342d73cb1978331.jpg,640,640,gun,215,89,242,296,27,207
BrunoRemington870FieldGun2_jpg.rf.e617d92321cecb523342d73cb1978331.jpg,640,640,gun,334,106,372,282,38,176
BrunoRemington870FieldGun2_jpg.rf.e617d92321cecb523342d73cb1978331.jpg,640,640,gun,494,48,566,381,72,333
19_jpg.rf.e64c9053168c821c668e0c86519b7405.jpg,640,640,knife,345,177,509,351,164,174
La_mala_ordina-Colt-3_jpg.rf.e67b2e998bbbb19983c7571d3663bb0d.jpg,640,640,gun,453,117,639,455,186,338
sharpenKnife129_jpg.rf.e677ebdad17c4aed47ca22a82db2b737.jpg,640,640,knife,138,149,554,471,416,322
gun_5m_static_0001440_jpg.rf.e6a3ac124d566b6fea69c8efdb457491.jpg,640,640,gun,288,185,322,280,34,95
KravMagaKnifeDefenseTechniques243_jpg.rf.e6f64cc3f24b62350841b7b0d7827a79.jpg,640,640,knife,386,191,457,232,71,41
batch_426_jpg.rf.e6ecee66f3a19b48e01db93177da26c2.jpg,640,640,gun,130,116,208,218,78,102
batch_426_jpg.rf.e6ecee66f3a19b48e01db93177da26c2.jpg,640,640,gun,487,88,555,154,68,66
batch_426_jpg.rf.e6ecee66f3a19b48e01db93177da26c2.jpg,640,640,gun,132,481,221,577,89,96
batch_426_jpg.rf.e6ecee66f3a19b48e01db93177da26c2.jpg,640,640,gun,536,435,570,467,34,32
6_22_2_0003616_jpg.rf.e6f7f58cabd4d5e068db12f191ef5090.jpg,640,640,gun,377,191,435,259,58,68
11_12_792_jpg.rf.e74e0eccb5656514999034e8d19adb73.jpg,640,640,gun,408,154,595,446,187,292
knife_117_jpg.rf.e73a771be4e38431585449318e4a20d6.jpg,640,640,knife,118,16,191,565,73,549
KravMagaTraining20147_jpg.rf.e6cf91504db66a7c03d1f0fe5f1abe5a.jpg,640,640,knife,107,392,193,463,86,71
knife_1248_jpg.rf.e74650f0b694366756884022cb641b29.jpg,640,640,knife,345,180,449,305,104,125
1649338747-4676971_jpg.rf.e6f10f2a012d0b1b09288d9284ba513b.jpg,640,640,knife,219,58,302,611,83,553
7_7_asd_00142486_jpg.rf.e753302db81d8e76dbba7fb3c8073ea5.jpg,640,640,gun,209,367,233,405,24,38
KravMagaTraining20404_jpg.rf.e701b5efad2c13e657bcd58c33bbc26a.jpg,640,640,knife,126,256,154,367,28,111
gun_3_1_1__0001732_jpg.rf.e761d9acf0252d44e3c145c5b43f7083.jpg,640,640,gun,261,190,349,417,88,227
22_Bullets-Pistol-24_jpg.rf.e6e630940d47e70f7b58d176221c1eac.jpg,640,640,gun,129,217,247,446,118,229
20_jpg.rf.e711760a45dbbf2f9d7318ec528f01e8.jpg,640,640,knife,240,440,277,530,37,90
KravMagaKnifeDefenseTechniques137_jpg.rf.e764ebf906f30b288ed9b57e237990cf.jpg,640,640,knife,180,120,265,222,85,102
102421210_3722_jpg.rf.e621fcb6736eef34e3521720b7e2334f.jpg,640,640,gun,108,224,589,603,481,379
UlriksMauser-577_jpg.rf.e6f172798809247ee04eb6873ef9bd96.jpg,640,640,gun,6,3,638,607,632,604
gun_6m_run_0000552_jpg.rf.e76ca8fef121b374daced8cbbda7acba.jpg,640,640,gun,377,97,417,198,40,101
gun_3_1_1__0002428_jpg.rf.e6cf9eb6cfcdd695f42f1cb12215ea80.jpg,640,640,gun,264,298,320,470,56,172
gun_3_1_1__0000400_jpg.rf.e75f16cb6abaefaeb445fed42f7518d5.jpg,640,640,gun,274,231,313,462,39,231
6_22_3_0002588_jpg.rf.e7155dc570668f4f945f0765d11e6ccd.jpg,640,640,gun,240,132,340,197,100,65
knife_374_jpg.rf.e7c425168e412c6cfd38204c94b1f054.jpg,640,640,knife,370,319,633,633,263,314
knife_348_jpg.rf.e79b2cee3ab663babf91996ed3c30a0d.jpg,640,640,knife,263,0,639,294,376,294
gun_2_1_1__0012645_jpg.rf.e774580f126d41fa4b0c9fe3ada3ae41.jpg,640,640,gun,246,367,282,405,36,38
1365343_04__00797_jpg.rf.e76c31348871e633ea216c1a8d5e4399.jpg,640,640,gun,479,293,521,418,42,125
Il_cittadino_si_ribella-Shotgun-3_jpg.rf.e7d53f6749aaffb43ccc4da9cdf1e88d.jpg,640,640,gun,261,350,495,507,234,157
KravMagaKnifeDefenseTechniques795_jpg.rf.e78f80cee03b164ffa36adde5f21c808.jpg,640,640,knife,91,461,157,554,66,93
knife_1162_jpg.rf.e7b0d51bc5f772d6dfd1693ff3e66a6b.jpg,640,640,knife,425,156,529,436,104,280
knife_1162_jpg.rf.e7b0d51bc5f772d6dfd1693ff3e66a6b.jpg,640,640,knife,358,188,411,389,53,201
knife_1162_jpg.rf.e7b0d51bc5f772d6dfd1693ff3e66a6b.jpg,640,640,knife,292,146,351,380,59,234
null_image.jpg,640,640,,,,,,0,0
102391156_630_jpg.rf.e764dbbe0cf0162c5a3b1e72142e2447.jpg,640,640,gun,436,204,458,243,22,39
DhvB-WatsonPistol1-5_jpg.rf.e79092eb36a5fab15f50ab8364199ba4.jpg,640,640,gun,417,350,498,430,81,80
HFBeretta92SBprop_jpg.rf.e7a57a72c39af1eb6c95ac60bc975374.jpg,640,640,gun,148,3,345,249,197,246
gun_2_1_1__0004740_jpg.rf.e7f9b582a2375657f36fb0013c80ffc3.jpg,640,640,gun,329,286,362,342,33,56
Mossberg500AMarinerExt_jpg.rf.e7f214d2405abb60d205d9445041306b.jpg,640,640,gun,4,14,632,615,628,601
119_jpg.rf.e8187c57ff7f60332a50990d6d3d9c34.jpg,640,640,knife,206,139,305,379,99,240
gun_4m_run_0001976_jpg.rf.e746870648282da6b65d5baa6d3a5161.jpg,640,640,gun,562,382,616,519,54,137
KravMagaTraining497_jpg.rf.e7e6a15032af9b707158a26d240777a2.jpg,640,640,knife,216,199,250,294,34,95
batch_441_jpg.rf.e789dcf99799b5da93720e3cef0af851.jpg,640,640,gun,243,115,262,169,19,54
batch_441_jpg.rf.e789dcf99799b5da93720e3cef0af851.jpg,640,640,gun,563,111,581,164,18,53
batch_441_jpg.rf.e789dcf99799b5da93720e3cef0af851.jpg,640,640,gun,175,443,199,498,24,55
batch_441_jpg.rf.e789dcf99799b5da93720e3cef0af851.jpg,640,640,gun,496,439,518,493,22,54
knife_526_jpg.rf.e7cf75be32d5242299e025dad4cd4eff.jpg,640,640,knife,180,162,629,553,449,391
null_image.jpg,640,640,,,,,,0,0
DSC_00241_JPG_jpg.rf.e82aa73e3c96f7bdc2eb91e41bc4e334.jpg,640,640,knife,288,293,356,358,68,65
2022-04-15_88_jpg.rf.e86baba342bf4db5f17af86c446c66fc.jpg,640,640,knife,340,334,402,389,62,55
gun_4m_static_0003712_jpg.rf.e8653eaad74407cd95a24a2fb758936b.jpg,640,640,gun,356,310,394,476,38,166
4414_jpg.rf.e86fe3cb7f8ae452c1f4a4283108510d.jpg,640,640,knife,496,99,533,248,37,149
6_22_4_0011564_jpg.rf.e80b8f4c1b5e42aaddd4b091e720682c.jpg,640,640,gun,212,4,246,71,34,67
102312759_3684_jpg.rf.e82e91958347bd2d37615cfd5620392d.jpg,640,640,gun,354,195,404,246,50,51
knife_208_jpg.rf.e885b958cdf83624e8d3e831f7a08332.jpg,640,640,knife,3,113,557,522,554,409
6_22_2_0001696_jpg.rf.e89b1a135d0640c0061b1769c2ecba79.jpg,640,640,gun,270,156,293,220,23,64
knife_1220_jpg.rf.e87acad318a3e44685a620d9567a838a.jpg,640,640,knife,229,446,325,605,96,159
PAYM-004_jpg.rf.e8a9fa747f4ef10b516941410fcd2807.jpg,640,640,gun,28,210,280,527,252,317
HBP-SM-CZ27-1_jpg.rf.e81effaa0c5bc8c51e60b40fd31fa614.jpg,640,640,gun,133,305,321,514,188,209
6_22_4_0004676_jpg.rf.e882a883a7c56193153b3548c8f795f0.jpg,640,640,gun,480,310,548,391,68,81
2022-04-15_23_jpg.rf.e8b49751ccd9e084895495116efb4a20.jpg,640,640,knife,317,535,365,571,48,36
DSC_0026_JPG_jpg.rf.e91952861a9b6ab29930537a62dae922.jpg,640,640,knife,345,227,394,265,49,38
153_jpg.rf.e8e435b94f2e5e81e39b8a15c8b8c16d.jpg,640,640,knife,314,319,351,425,37,106
6_22_4_0004188_jpg.rf.e8dcb21bc6d85c59cf8961d5905b5e27.jpg,640,640,gun,404,348,439,430,35,82
knife_1121_jpg.rf.e8836ae55e449293a824126295cdd1ae.jpg,640,640,knife,209,364,331,438,122,74
batch_284_jpg.rf.e914e951d1a58e66d86d3635c8c91564.jpg,640,640,knife,149,160,182,193,33,33
batch_284_jpg.rf.e914e951d1a58e66d86d3635c8c91564.jpg,640,640,knife,460,174,493,204,33,30
batch_284_jpg.rf.e914e951d1a58e66d86d3635c8c91564.jpg,640,640,knife,136,495,172,526,36,31
batch_284_jpg.rf.e914e951d1a58e66d86d3635c8c91564.jpg,640,640,knife,453,487,491,525,38,38
102521739_948_jpg.rf.e899bf8a7a86557eadc469474565d805.jpg,640,640,gun,467,481,592,607,125,126
KravMagaTraining119_jpg.rf.e8c0d83a17d4905ea2ffd1fa1f4fdcba.jpg,640,640,knife,169,57,229,224,60,167
knife_599_jpg.rf.e8fb50bf3db50070353c1da316d354bc.jpg,640,640,knife,230,148,494,511,264,363
Benellim1entry5hx_jpg.rf.e89f91f5ba38a05ba7c86ad484f2a2b3.jpg,640,640,gun,9,24,636,607,627,583
knife_872_jpg.rf.e9249572a51d585b2ff3b874d1905bea.jpg,640,640,knife,151,287,215,496,64,209
CaptM_07_jpg.rf.e9355722aad26cffa6b520d796e2098e.jpg,640,640,gun,310,303,389,508,79,205
knife_1155_jpg.rf.e8ebad3bf0a27f8781bf2a13c5a8730b.jpg,640,640,knife,457,240,501,445,44,205
KravMagaTraining20702_jpg.rf.e8d105e732b1ce7eef719812239562b8.jpg,640,640,knife,298,364,386,484,88,120
knife_373_jpg.rf.e8e1df1fad4be038d0634c93da1a1ecf.jpg,640,640,knife,3,221,276,399,273,178
7_7_asd_00133732_jpg.rf.e84fe3841321df32da27f3baa0c6d024.jpg,640,640,gun,459,341,510,395,51,54
gun_3_3_1__0002296_jpg.rf.e8a53844f382fd53af71c9e5668c3d29.jpg,640,640,gun,68,311,105,457,37,146
Gun_14_jpg.rf.e89cf15a4b99ebee27a82b7605961a76.jpg,640,640,gun,144,0,432,637,288,637
knife_1100_jpg.rf.e9056e60a3b43104fa9e3bf400e8cb0c.jpg,640,640,knife,220,174,325,420,105,246
knife_922_jpg.rf.e91b744d5bd40843b720881f5d6af9f8.jpg,640,640,knife,62,428,134,639,72,211
KravMagaTraining4045_jpg.rf.e94325048a28debfb15ed3e16d22b0ab.jpg,640,640,knife,246,392,294,471,48,79
HarryHendersons-2014-10-19-14h22m41s16_jpg.rf.e978f0b4abe781180004f9ef970a8d73.jpg,640,640,gun,250,301,397,437,147,136
1011133950_6_jpg.rf.e9380d593b8d11437ade7cf7f17f05ca.jpg,640,640,gun,164,197,240,430,76,233
batch_307_jpg.rf.e95f5f4386de34396d602806b682164c.jpg,640,640,knife,161,202,229,237,68,35
batch_307_jpg.rf.e95f5f4386de34396d602806b682164c.jpg,640,640,knife,480,205,552,239,72,34
batch_307_jpg.rf.e95f5f4386de34396d602806b682164c.jpg,640,640,knife,103,555,179,598,76,43
batch_307_jpg.rf.e95f5f4386de34396d602806b682164c.jpg,640,640,knife,422,544,498,586,76,42
KravMagaTraining20584_jpg.rf.e976209c756076bef1b2318e3513822c.jpg,640,640,knife,206,457,283,506,77,49
knife_1198_jpg.rf.e9421c513d2f163c7dcca90e77b5cc03.jpg,640,640,knife,297,290,367,381,70,91
220_jpg.rf.e9aa7baf55a3c27cb363ee1a0850aa7c.jpg,640,640,knife,320,351,363,631,43,280
4408_jpg.rf.e9994f921e1e9d87c54a99d58d22a6fe.jpg,640,640,knife,543,163,562,283,19,120
DefenseKnifeAttack0475_jpg.rf.e9d6647097c39b068f4f3d2f081b31e8.jpg,640,640,knife,226,423,300,562,74,139
103_jpg.rf.e97ca95836c2c488c7cfda77596047b5.jpg,640,640,knife,202,345,283,436,81,91
6_22_1_0001000_jpg.rf.e9cbfd4ed379954cd87c07899db1909d.jpg,640,640,gun,380,119,504,397,124,278
DefenseKnifeAttack0335_jpg.rf.e9e8dbf21037b50ab36dabb8241f406b.jpg,640,640,knife,173,490,259,537,86,47
1021114113_9456_jpg.rf.e9917b0c98bf67e7107869ad883145a0.jpg,640,640,gun,276,315,403,621,127,306
batch_181_jpg.rf.e9f1b97cde16f8cf4474cc8632a071f5.jpg,640,640,knife,155,212,178,235,23,23
batch_181_jpg.rf.e9f1b97cde16f8cf4474cc8632a071f5.jpg,640,640,knife,470,211,496,226,26,15
batch_181_jpg.rf.e9f1b97cde16f8cf4474cc8632a071f5.jpg,640,640,knife,179,494,238,611,59,117
batch_181_jpg.rf.e9f1b97cde16f8cf4474cc8632a071f5.jpg,640,640,knife,463,491,477,550,14,59
sharpenKnife089_jpg.rf.e9a96ae86a352a47ae9d9afdf72842d3.jpg,640,640,knife,339,396,475,478,136,82
DSC_00501_JPG_jpg.rf.e97164c243f405a6341000a57a7874f8.jpg,640,640,knife,215,259,264,343,49,84
gun_3_3_1__0002956_jpg.rf.e9e46c25c2fe912ea16122305a29cff8.jpg,640,640,gun,313,384,368,614,55,230
6_22_2_0005756_jpg.rf.ea1dab865a87763d56b492ccc8245d00.jpg,640,640,gun,203,119,241,215,38,96
PPA-AKMS-7_jpg.rf.ea219a1e7a8ee05583f6341405bf9176.jpg,640,640,gun,228,228,290,373,62,145
gun_3_3_1__0000452_jpg.rf.e9f19b9fb889b900b6e35de4d993a924.jpg,640,640,gun,245,303,289,482,44,179
Charter_Arms_Explorer_II_pistol_jpg.rf.ea1e4cc63c102ac8ac585bd6c6d66633.jpg,640,640,gun,15,6,632,638,617,632
knife_1256_jpg.rf.ea13682e452ee9a5c7192e1a0aa72d09.jpg,640,640,knife,349,224,447,317,98,93
Mod-sw60b_jpg.rf.ea1f5336c6402f465aafd12e6413ec35.jpg,640,640,gun,49,87,135,303,86,216
knife_815_jpg.rf.ea100248d05a70dba91033284faaf0e8.jpg,640,640,knife,54,498,127,639,73,141
knife_863_jpg.rf.ea168c4767ad12cec5c66e2f23ffc2bc.jpg,640,640,knife,131,423,251,516,120,93
Le_majordome-Pistol-2_jpg.rf.e9c359f2681832952c6569c7e263d52a.jpg,640,640,gun,393,384,476,478,83,94
Gun_2021_jpg.rf.ea05860e6dbbb1d29a08cfab5ee5ca99.jpg,640,640,gun,27,82,623,561,596,479
103_jpg.rf.ea5dcac4f716840be4d40a80dc4783ec.jpg,640,640,knife,220,245,423,554,203,309
1023131324_8175_jpg.rf.ea53f01be2bc93ee0a13bf18e4b3d604.jpg,640,640,gun,382,194,406,246,24,52
2022-04-15_95_jpg.rf.ea23a5dc46cca809fd2311fa0fd60306.jpg,640,640,knife,303,279,346,333,43,54
6_22_2_0003052_jpg.rf.ea26b1c05b7ec1ed20c1c00d6df2fd85.jpg,640,640,gun,311,49,335,126,24,77
KravMagaKnifeDefenseTechniques220_jpg.rf.ea56939a59058587432f33f39cb57432.jpg,640,640,knife,256,261,347,354,91,93
batch_58_jpg.rf.ea2eb662c92c918dbb4dba6bd6435459.jpg,640,640,gun,82,67,110,135,28,68
batch_58_jpg.rf.ea2eb662c92c918dbb4dba6bd6435459.jpg,640,640,gun,475,158,527,296,52,138
batch_58_jpg.rf.ea2eb662c92c918dbb4dba6bd6435459.jpg,640,640,gun,120,337,246,472,126,135
batch_58_jpg.rf.ea2eb662c92c918dbb4dba6bd6435459.jpg,640,640,gun,397,384,457,514,60,130
7_7_asd_00132452_jpg.rf.eacc606ca3013ce51ee03c0abf1bb740.jpg,640,640,gun,255,284,303,448,48,164
knife_971_jpg.rf.eac94429cf939081d9e196b50430f720.jpg,640,640,knife,63,492,129,639,66,147
7_7_asd_00140866_jpg.rf.ea2f3cc2542b1f060e09bbb4cad9cdaa.jpg,640,640,gun,189,275,514,425,325,150
Keanu_mac111_jpg.rf.ea629acbe34d05a09d9bfcd00a6c755a.jpg,640,640,gun,175,308,360,639,185,331
6_22_4_0003428_jpg.rf.eb040f45fa1b25cae438f1a406675359.jpg,640,640,gun,293,202,337,263,44,61
ILT-006_jpg.rf.eaa76099da8b70f1ba8b58ca00ac4948.jpg,640,640,gun,298,145,491,386,193,241
knife_1345_jpg.rf.ead15280bef3d141a36c0033e24daba8.jpg,640,640,knife,239,291,273,398,34,107
KravMagaTraining139_jpg.rf.eaea7fc6943dcc9e2471e852531c5b74.jpg,640,640,knife,387,37,471,155,84,118
102312370_5673_jpg.rf.ea9acb756f1bbf6d03f1db1213e982f7.jpg,640,640,gun,357,272,389,331,32,59
Bait_m1_jpg.rf.ea91c95ea183c9959972c2d532c505f4.jpg,640,640,gun,218,281,379,380,161,99
knife_48_jpg.rf.ea7e16e345a84b799331c03a4ce4cf8d.jpg,640,640,knife,125,93,540,478,415,385
knife_856_jpg.rf.eb1af3ff48a0cd5b842ce880d407d79a.jpg,640,640,knife,56,492,127,640,71,148
null_image.jpg,640,640,,,,,,0,0
102414959_2118_jpg.rf.eb08acdc52cb740256a6217f64425bd6.jpg,640,640,gun,249,285,313,375,64,90
null_image.jpg,640,640,,,,,,0,0
batch_37_jpg.rf.eae41b89b13b97ac308f31251bf889ac.jpg,640,640,knife,155,113,234,169,79,56
batch_37_jpg.rf.eae41b89b13b97ac308f31251bf889ac.jpg,640,640,knife,475,88,518,252,43,164
batch_37_jpg.rf.eae41b89b13b97ac308f31251bf889ac.jpg,640,640,knife,155,431,234,497,79,66
batch_37_jpg.rf.eae41b89b13b97ac308f31251bf889ac.jpg,640,640,knife,394,430,623,507,229,77
05_14_0000619_jpg.rf.eae95a997980edd00b6f3a36ea8895f0.jpg,640,640,gun,7,38,628,612,621,574
gun_4m_static_0002488_jpg.rf.eacdd4473109d078e70a3ccf11a6572a.jpg,640,640,gun,415,347,497,474,82,127
knife_1293_jpg.rf.ea57bacbb452af1f0f570883a042706b.jpg,640,640,knife,316,112,348,242,32,130
knife_1293_jpg.rf.ea57bacbb452af1f0f570883a042706b.jpg,640,640,knife,356,130,390,320,34,190
IntimateEnemies-HP_jpg.rf.eb22849084784abb93094093224b6fee.jpg,640,640,gun,260,465,346,639,86,174
67_jpg.rf.eb330b5ede8ea141f89ac2f8b61dc4ab.jpg,640,640,knife,245,255,429,574,184,319
knife60_jpg.rf.eb461514890619d1ecdfeee4bd93b127.jpg,640,640,knife,14,19,627,617,613,598
Detention-MP5-3_jpg.rf.eb64a748c8150de38a7566ec2277897f.jpg,640,640,gun,16,23,226,635,210,612
knife_404_jpg.rf.eb41b3a775753f7dfb2a3071b83151c0.jpg,640,640,knife,118,148,460,586,342,438
54_jpg.rf.eaeb7f1a722573e82807a295cc059f23.jpg,640,640,knife,300,366,342,457,42,91
knife_21_jpg.rf.eb5d4580832fc7a2dabedc365ea51275.jpg,640,640,knife,279,195,476,308,197,113
Hell_on_Frisco_Bay-M1911-4_jpg.rf.ebb3b693d8ca02cefef34023aea8c6aa.jpg,640,640,gun,230,22,488,356,258,334
knife_426_jpg.rf.eba49a4e8ba4e2af07c6ceab4efdb3e0.jpg,640,640,knife,214,0,390,171,176,171
knife_426_jpg.rf.eba49a4e8ba4e2af07c6ceab4efdb3e0.jpg,640,640,knife,312,107,501,289,189,182
knife_426_jpg.rf.eba49a4e8ba4e2af07c6ceab4efdb3e0.jpg,640,640,knife,419,237,602,446,183,209
KnifeDefenseKrav020_jpg.rf.ebb2e6d7d0a0a71848baa27e3c1950a6.jpg,640,640,knife,282,22,352,87,70,65
knife_328_jpg.rf.eb60f4adcd062a2bccefcd8108b22b77.jpg,640,640,knife,0,342,303,638,303,296
10254519_2452_jpg.rf.ebb2a14aaf37c8fc16e114223f4b1271.jpg,640,640,gun,0,376,73,504,73,128
null_image.jpg,640,640,,,,,,0,0
10_jpg.rf.ebc9d4983adc04acb19ebb281b57d917.jpg,640,640,knife,382,281,493,614,111,333
knife_364_jpg.rf.ebd30d9139e16382c453515b3defe93e.jpg,640,640,knife,3,205,440,623,437,418
Gun_2227_jpg.rf.ebde246131126a4ec392443d601216ba.jpg,640,640,gun,8,0,616,613,608,613
batch_178_jpg.rf.ebaa225008ce155b86c379d79edb8dd9.jpg,640,640,knife,21,135,249,170,228,35
batch_178_jpg.rf.ebaa225008ce155b86c379d79edb8dd9.jpg,640,640,knife,475,242,488,297,13,55
batch_178_jpg.rf.ebaa225008ce155b86c379d79edb8dd9.jpg,640,640,knife,148,535,167,585,19,50
batch_178_jpg.rf.ebaa225008ce155b86c379d79edb8dd9.jpg,640,640,knife,472,562,485,614,13,52
137_jpg.rf.eb71e5ea36f519655a98662bb1f4a3c2.jpg,640,640,knife,377,348,532,574,155,226
LAP-Revolver2-3_jpg.rf.ebe04afba764a91ffb20e9f8466e7088.jpg,640,640,gun,220,319,315,544,95,225
knife_414_jpg.rf.ec0ba3901e2c03d36b9a7ad5ec6dc400.jpg,640,640,knife,261,126,591,409,330,283
gun1_5m_static_0001128_jpg.rf.eb6835043a8b66e07f90daeb3f65a2fc.jpg,640,640,gun,298,340,322,421,24,81
168_jpg.rf.ebe9f14ef4d7030dbd4a22d88182519e.jpg,640,640,knife,258,112,480,265,222,153
ICTED-92F-4_jpg.rf.ebf55435afeda33610786486fecd46f6.jpg,640,640,gun,107,276,213,639,106,363
knife_1090_jpg.rf.ebcc7839ad74bb01e02c579589d470ca.jpg,640,640,knife,248,319,288,517,40,198
6_22_4_0006724_jpg.rf.ebedcff353f3dc698cceda78da348a34.jpg,640,640,gun,392,98,447,182,55,84
6_22_1_0000880_jpg.rf.ec2eefb21111b2fbf67f5146f1e0d364.jpg,640,640,gun,319,94,399,365,80,271
102419215_1984_jpg.rf.ebd69911aeba68911700ab270e5a4107.jpg,640,640,gun,171,49,367,619,196,570
KravMagaKnifeDefenseTechniques207_jpg.rf.ec0cb48ee9b73075c0b7f247385df2c9.jpg,640,640,knife,255,257,343,346,88,89
knife_1269_jpg.rf.eb75adbe503484b19f0ab4df0d462078.jpg,640,640,knife,270,202,342,274,72,72
78_jpg.rf.ebf6036323dbb8e3c93fb07d0669cbe9.jpg,640,640,knife,251,214,271,292,20,78
La_Crime-Python-1_jpg.rf.ec2d3cf8f61db423f14f15ddc45b30c3.jpg,640,640,gun,31,10,636,632,605,622
DSC_0048_JPG_jpg.rf.ec4410d2b428d86786d4a927b62d7d04.jpg,640,640,knife,294,394,320,505,26,111
knife_381_jpg.rf.ecba625752f4559a898e0d51841b839f.jpg,640,640,knife,18,365,340,617,322,252
111315745_306_jpg.rf.ec395ab794bd211334a07a565b1efc8b.jpg,640,640,gun,229,312,313,509,84,197
Bgl-saa5c_jpg.rf.ec4420232166089f135c53cd7ece546f.jpg,640,640,gun,48,110,137,239,89,129
knife_372_jpg.rf.ecc8957fc3f5b1d6612a2063d80cfe8b.jpg,640,640,knife,367,282,535,627,168,345
KravMagaTraining4127_jpg.rf.ec23dc4d7f4016e9428a0b614f997bd2.jpg,640,640,knife,98,197,134,303,36,106
gun_3_3_1__0001912_jpg.rf.ebf16579cb5b4796c6ffab189da4e39c.jpg,640,640,gun,49,233,103,422,54,189
knife_1287_jpg.rf.ece180729c09970a1cdcc652f4b3fb0a.jpg,640,640,knife,465,111,519,235,54,124
null_image.jpg,640,640,,,,,,0,0
6_22_4_0004464_jpg.rf.ed039910e5cbea4f6641868edd1e0113.jpg,640,640,gun,393,273,458,352,65,79
ReachM_17_jpg.rf.ec178fed9d46892439f445e9d43127b1.jpg,640,640,gun,360,115,411,202,51,87
ReachM_17_jpg.rf.ec178fed9d46892439f445e9d43127b1.jpg,640,640,gun,415,92,473,196,58,104
TIMECOP-Pistol07a_jpg.rf.ecf847d66e040bcaf7add157863522a3.jpg,640,640,gun,94,212,270,527,176,315
30_jpg.rf.ec60bc16039a580b3f27593f3873feba.jpg,640,640,knife,280,543,303,586,23,43
batch_189_jpg.rf.ece44206b740e8550b381f05861fc9ec.jpg,640,640,gun,49,44,83,79,34,35
batch_189_jpg.rf.ece44206b740e8550b381f05861fc9ec.jpg,640,640,gun,406,63,428,123,22,60
batch_189_jpg.rf.ece44206b740e8550b381f05861fc9ec.jpg,640,640,gun,52,356,84,440,32,84
batch_189_jpg.rf.ece44206b740e8550b381f05861fc9ec.jpg,640,640,gun,403,402,428,458,25,56
knife_345_jpg.rf.ec6813a8bd5a85010b482cf87a39fabd.jpg,640,640,knife,368,23,632,335,264,312
batch_376_jpg.rf.ecea6c512228ba16a6c5389bc1ec8429.jpg,640,640,gun,127,142,184,308,57,166
batch_376_jpg.rf.ecea6c512228ba16a6c5389bc1ec8429.jpg,640,640,gun,495,122,554,295,59,173
batch_376_jpg.rf.ecea6c512228ba16a6c5389bc1ec8429.jpg,640,640,gun,188,457,245,617,57,160
batch_376_jpg.rf.ecea6c512228ba16a6c5389bc1ec8429.jpg,640,640,gun,502,451,562,615,60,164
DefenseKnifeAttack0071_jpg.rf.ed2759fa043b1402bef7a7b8d6bb1024.jpg,640,640,knife,353,285,389,354,36,69
knife_1094_jpg.rf.ec9ddd310dc70e5b68588ece86aa093a.jpg,640,640,knife,358,38,566,180,208,142
batch_319_jpg.rf.ed1857f3640977c1e5480149761f2b52.jpg,640,640,knife,179,263,202,277,23,14
batch_319_jpg.rf.ed1857f3640977c1e5480149761f2b52.jpg,640,640,knife,420,228,440,256,20,28
batch_319_jpg.rf.ed1857f3640977c1e5480149761f2b52.jpg,640,640,knife,170,583,193,603,23,20
batch_319_jpg.rf.ed1857f3640977c1e5480149761f2b52.jpg,640,640,knife,482,609,514,629,32,20
DSC_0003_JPG_jpg.rf.ed0f37f54feeaabbc503923adb8f9717.jpg,640,640,knife,255,372,297,474,42,102
knife_1235_jpg.rf.ec82b566eb7f45cbee6648f140576c0d.jpg,640,640,knife,325,220,432,323,107,103
batch_95_jpg.rf.ebf2d00a7912efa925aa93cc532493a3.jpg,640,640,knife,94,73,134,119,40,46
batch_95_jpg.rf.ebf2d00a7912efa925aa93cc532493a3.jpg,640,640,knife,426,82,466,132,40,50
batch_95_jpg.rf.ebf2d00a7912efa925aa93cc532493a3.jpg,640,640,knife,108,404,148,452,40,48
batch_95_jpg.rf.ebf2d00a7912efa925aa93cc532493a3.jpg,640,640,knife,425,405,465,461,40,56
KravMagaKnifeDefenseTechniques131_jpg.rf.ecf622ca2072e4f98cbe40e11b565ba7.jpg,640,640,knife,232,351,306,408,74,57
knife_921_jpg.rf.ed374c8ab77af4b6f4c5886ccd91a537.jpg,640,640,knife,75,374,143,521,68,147
26_jpg.rf.ed30068654410f68f9285d58b85831be.jpg,640,640,knife,282,27,409,616,127,589
gun_2_1_1__0002755_jpg.rf.ed04b6ce3df7a18be9d85c9e5f0e5791.jpg,640,640,gun,420,396,456,427,36,31
173_jpg.rf.ed346782b2d08b1b1f9fc695beff8823.jpg,640,640,knife,234,171,472,278,238,107
KG_1017_jpg.rf.ed7b53f515f941f589a4461f8757d687.jpg,640,640,gun,163,374,349,521,186,147
knife_782_jpg.rf.ed417cd0a4e05c5a82bc98577db2b419.jpg,640,640,knife,300,77,360,435,60,358
Dom-APS2_jpg.rf.ed79ec0fcd6fd03237831df246c60d3c.jpg,640,640,gun,171,13,369,569,198,556
PINEAPPLE_EXP-58_jpg.rf.ed289e6eca4d9f7e97613520127cc04c.jpg,640,640,gun,206,481,391,618,185,137
KravMagaTraining727_jpg.rf.ed8d5a6e6469ae50b48d5de3c29604ec.jpg,640,640,knife,205,222,237,346,32,124
gun_6m_static_0001448_jpg.rf.ed190cf5e15ed9ebd756c2e3084c8978.jpg,640,640,gun,332,170,381,260,49,90
knife_933_jpg.rf.ed5c8715cdbe4ba6259e42b2797b3b2e.jpg,640,640,knife,92,526,163,640,71,114
gun_3_2_1__0001128_jpg.rf.ed2594596f6e15e3b2b787ebbb843571.jpg,640,640,gun,205,166,339,493,134,327
33_jpg.rf.edadfa2200f52fdd835ff41d22bd3f85.jpg,640,640,knife,171,450,380,639,209,189
knife_18_jpg.rf.ee0988e99f8c446d1510542a6ed33658.jpg,640,640,knife,38,266,600,554,562,288
Gun_1402_jpg.rf.ed70ea332c98348789d1fccb6dd4fa98.jpg,640,640,gun,36,72,574,598,538,526
2041hg13_jpg.rf.ed46634303c8565a8033632c03be90f6.jpg,640,640,gun,50,102,537,541,487,439
batch_80_jpg.rf.ed131f920fab0f128884ebb1c818a616.jpg,640,640,knife,166,32,207,289,41,257
batch_80_jpg.rf.ed131f920fab0f128884ebb1c818a616.jpg,640,640,knife,465,259,485,308,20,49
batch_80_jpg.rf.ed131f920fab0f128884ebb1c818a616.jpg,640,640,knife,166,372,212,616,46,244
batch_80_jpg.rf.ed131f920fab0f128884ebb1c818a616.jpg,640,640,knife,458,508,466,538,8,30
gun_2_1_1__0003110_jpg.rf.eddad17a4775e565ba0e8bb368cd355d.jpg,640,640,gun,269,438,323,482,54,44
2022-04-15_6_jpg.rf.edcce66e11c7df806e7f9c41da73e0ba.jpg,640,640,knife,348,571,389,611,41,40
KravMagaTraining4424_jpg.rf.ee0c9673afb5005c490dd8e436b5d876.jpg,640,640,knife,21,78,120,174,99,96
knife_93_jpg.rf.eda8b00346d1351ec1010e7de39892be.jpg,640,640,knife,37,119,460,465,423,346
gun_2_1_1__0003790_jpg.rf.ed94b74859d720c375c2826e25426da0.jpg,640,640,gun,270,301,300,351,30,50
gun_3_1_1__0003956_jpg.rf.edc07692909ad946178f2391e9e93091.jpg,640,640,gun,276,250,311,412,35,162
knife_88_jpg.rf.ee3277e049c97987f6f9d13e5772bef3.jpg,640,640,knife,23,0,639,634,616,634
48_jpg.rf.ed51c66dfad1ff5717bfc3b0b846bf81.jpg,640,640,knife,288,375,306,468,18,93
2022-04-15_108_jpg.rf.ee49e29f8e084e6a8b376f6a287f0020.jpg,640,640,knife,239,505,285,545,46,40
batch_59_jpg.rf.ee141d1edd32dcb1b258b091b916c175.jpg,640,640,knife,43,4,307,294,264,290
batch_59_jpg.rf.ee141d1edd32dcb1b258b091b916c175.jpg,640,640,knife,464,141,475,213,11,72
batch_59_jpg.rf.ee141d1edd32dcb1b258b091b916c175.jpg,640,640,knife,148,467,160,539,12,72
batch_59_jpg.rf.ee141d1edd32dcb1b258b091b916c175.jpg,640,640,knife,461,466,473,540,12,74
KravMagaKnifeDefenseTechniques169_jpg.rf.edb2f3156c72b6be7e544f7dfa107c88.jpg,640,640,knife,217,180,301,288,84,108
44_jpg.rf.ed82c38a86f993cce3aadb897515db0e.jpg,640,640,knife,274,413,348,530,74,117
gun_3_3_1__0000876_jpg.rf.ee247e3ed9e75693be0d3c151e5eb5c5.jpg,640,640,gun,249,258,300,438,51,180
KravMagaTraining20357_jpg.rf.ed39dd860dd704712e03548f9f7abcb6.jpg,640,640,knife,423,313,509,359,86,46
null_image.jpg,640,640,,,,,,0,0
batch_216_jpg.rf.ee098116c38bd265bedd87eaade98a7a.jpg,640,640,gun,150,138,182,226,32,88
batch_216_jpg.rf.ee098116c38bd265bedd87eaade98a7a.jpg,640,640,gun,551,99,576,136,25,37
batch_216_jpg.rf.ee098116c38bd265bedd87eaade98a7a.jpg,640,640,gun,182,550,195,610,13,60
batch_216_jpg.rf.ee098116c38bd265bedd87eaade98a7a.jpg,640,640,gun,376,417,444,490,68,73